n = 20 ; 
T = 24 ; 
Init = [ 1 1 1 1 1 0 0 1 1 1 1 1 1 0 0 1 1 1 0 1 ]
L = [ 7 7 7 7 7 7 7 5 5 5 5 5 5 4 4 9 9 9 3 10 ]
l = [ 7 7 7 7 7 7 7 5 5 5 5 5 5 4 4 9 9 9 3 10 ]
Pmin = [ 75 75 75 75 75 69 69 53 53 53 53 53 53 44 44 93 93 93 23 100 ]
Pmax = [ 287 287 287 287 287 265 265 199 199 199 199 199 199 148 148 386 386 386 70 420 ]
cf = [ 28.1318 28.1318 28.1318 28.1318 28.1318 55.8773 55.8773 48.2543 48.2543 48.2543 48.2543 48.2543 48.2543 55.743 55.743 23.1798 23.1798 23.1798 64.8524 17.1029 ]
c0 = [ 194 194 194 194 194 199 199 158 158 158 158 158 158 137 137 246 246 246 68 250 ]
cp = [ 22.7218 22.7218 22.7218 22.7218 22.7218 23.9959 23.9959 29.0132 29.0132 29.0132 29.0132 29.0132 29.0132 27.8887 27.8887 21.9143 21.9143 21.9143 36.927 8.7078 ]
D = [ 1036 1306 1620 1866 2027 2331 2721 2971 3047 3461 3606 4020 4280 3961 3530 3120 2928 2482 2907 3363 3651 3115 2592 2026 ]
K = 7
nk = [ 1 1 1 1 1 2 2 3 3 3 3 3 3 4 4 5 5 5 6 7 ]
First = [ 1 0 0 0 0 1 0 1 0 0 0 0 0 1 0 1 0 0 1 1 ]
Last = [ 0 0 0 0 1 0 1 0 0 0 0 0 1 0 1 0 0 1 1 1 ]
nS = 1
S = [ 0 0 0 0 0 0 0 0 0 0 0 0 0 0 0 0 0 0 0 0 ]
