n = 20 ; 
T = 24 ; 
Init = [ 1 1 0 0 0 0 0 0 0 0 0 1 1 1 1 1 1 0 0 0 ]
L = [ 4 4 9 9 9 9 9 9 10 10 10 8 8 7 7 7 7 3 10 10 ]
l = [ 4 4 9 9 9 9 9 9 10 10 10 8 8 7 7 7 7 3 10 10 ]
Pmin = [ 32 32 94 94 94 94 94 94 100 100 100 91 91 76 76 76 76 24 100 100 ]
Pmax = [ 110 110 371 371 371 371 371 371 420 420 420 355 355 287 287 287 287 87 420 420 ]
cf = [ 38.9524 38.9524 15.6417 15.6417 15.6417 15.6417 15.6417 15.6417 39.0908 39.0908 39.0908 27.4538 27.4538 22.7748 22.7748 22.7748 22.7748 14.6663 44.9524 44.9524 ]
c0 = [ 99 99 250 250 250 250 250 250 250 250 250 232 232 212 212 212 212 78 250 250 ]
cp = [ 34.151 34.151 12.2986 12.2986 12.2986 12.2986 12.2986 12.2986 12.4335 12.4335 12.4335 16.0867 16.0867 22.7163 22.7163 22.7163 22.7163 40.5201 10.0629 10.0629 ]
D = [ 1727 2245 2494 2741 3200 3377 3886 4249 4523 4724 5068 5568 5895 5244 4810 4228 3926 3335 3721 4091 4468 3889 3218 2251 ]
K = 7
nk = [ 1 1 2 2 2 2 2 2 3 3 3 4 4 5 5 5 5 6 7 7 ]
First = [ 1 0 1 0 0 0 0 0 1 0 0 1 0 1 0 0 0 1 1 0 ]
Last = [ 0 1 0 0 0 0 0 1 0 0 1 0 1 0 0 0 1 1 0 1 ]
nS = 1
S = [ 0 0 0 0 0 0 0 0 0 0 0 0 0 0 0 0 0 0 0 0 ]
