n = 20 ; 
T = 24 ; 
Init = [ 0 0 0 0 0 0 0 0 1 1 1 1 1 1 1 1 0 0 0 0 ]
L = [ 8 8 8 8 8 2 2 2 9 9 9 4 4 4 4 4 4 4 4 4 ]
l = [ 8 8 8 8 8 2 2 2 9 9 9 4 4 4 4 4 4 4 4 4 ]
Pmin = [ 79 79 79 79 79 24 24 24 100 100 100 36 36 36 36 36 41 41 41 41 ]
Pmax = [ 327 327 327 327 327 76 76 76 404 404 404 103 103 103 103 103 163 163 163 163 ]
cf = [ 56.2473 56.2473 56.2473 56.2473 56.2473 63.9205 63.9205 63.9205 54.4224 54.4224 54.4224 30.0556 30.0556 30.0556 30.0556 30.0556 57.2727 57.2727 57.2727 57.2727 ]
c0 = [ 212 212 212 212 212 80 80 80 250 250 250 113 113 113 113 113 131 131 131 131 ]
cp = [ 16.7724 16.7724 16.7724 16.7724 16.7724 37.5482 37.5482 37.5482 20.0498 20.0498 20.0498 31.0823 31.0823 31.0823 31.0823 31.0823 30.2011 30.2011 30.2011 30.2011 ]
D = [ 924 1187 1343 1680 1848 2140 2370 2559 2825 2989 3252 3591 3852 3402 3173 2783 2442 2091 2446 2762 3071 2440 2086 1551 ]
K = 5
nk = [ 1 1 1 1 1 2 2 2 3 3 3 4 4 4 4 4 5 5 5 5 ]
First = [ 1 0 0 0 0 1 0 0 1 0 0 1 0 0 0 0 1 0 0 0 ]
Last = [ 0 0 0 0 1 0 0 1 0 0 1 0 0 0 0 1 0 0 0 1 ]
nS = 1
S = [ 0 0 0 0 0 0 0 0 0 0 0 0 0 0 0 0 0 0 0 0 ]
