n = 20 ; 
T = 24 ; 
Init = [ 0 0 0 0 0 0 0 0 1 1 0 0 0 0 0 1 1 1 0 0 ]
L = [ 5 5 5 3 3 3 3 3 3 3 8 8 8 8 8 9 9 9 5 5 ]
l = [ 5 5 5 3 3 3 3 3 3 3 8 8 8 8 8 9 9 9 5 5 ]
Pmin = [ 51 51 51 25 25 25 25 25 27 27 84 84 84 84 84 92 92 92 52 52 ]
Pmax = [ 174 174 174 69 69 69 69 69 80 80 313 313 313 313 313 381 381 381 202 202 ]
cf = [ 48.0051 48.0051 48.0051 23.86 23.86 23.86 23.86 23.86 17.0559 17.0559 59.8838 59.8838 59.8838 59.8838 59.8838 44.3094 44.3094 44.3094 53.4617 53.4617 ]
c0 = [ 139 139 139 80 80 80 80 80 80 80 216 216 216 216 216 234 234 234 138 138 ]
cp = [ 37.7606 37.7606 37.7606 35.322 35.322 35.322 35.322 35.322 35.1913 35.1913 10.3475 10.3475 10.3475 10.3475 10.3475 17.5321 17.5321 17.5321 31.5057 31.5057 ]
D = [ 1012 1128 1430 1678 1890 2021 2278 2427 2706 2909 3183 3320 3635 3236 3035 2625 2374 2113 2411 2821 3384 2644 2165 1522 ]
K = 6
nk = [ 1 1 1 2 2 2 2 2 3 3 4 4 4 4 4 5 5 5 6 6 ]
First = [ 1 0 0 1 0 0 0 0 1 0 1 0 0 0 0 1 0 0 1 0 ]
Last = [ 0 0 1 0 0 0 0 1 0 1 0 0 0 0 1 0 0 1 0 1 ]
nS = 1
S = [ 0 0 0 0 0 0 0 0 0 0 0 0 0 0 0 0 0 0 0 0 ]
