n = 20 ; 
T = 48 ; 
Init = [ 1 1 1 1 1 0 0 0 0 0 0 0 0 0 1 1 0 0 0 0 ]
L = [ 2 2 6 6 6 9 3 3 3 3 5 5 5 5 2 2 7 7 8 8 ]
l = [ 2 2 6 6 6 9 3 3 3 3 5 5 5 5 2 2 7 7 8 8 ]
Pmin = [ 18 18 65 65 65 96 33 33 33 33 57 57 57 57 21 21 78 78 89 89 ]
Pmax = [ 49 49 252 252 252 381 105 105 105 105 222 222 222 222 59 59 294 294 336 336 ]
cf = [ 23.4552 23.4552 30.602 30.602 30.602 27.3677 34.1653 34.1653 34.1653 34.1653 46.7811 46.7811 46.7811 46.7811 59.2049 59.2049 39.363 39.363 27.3016 27.3016 ]
c0 = [ 66 66 176 176 176 250 102 102 102 102 157 157 157 157 63 63 208 208 237 237 ]
cp = [ 39.9352 39.9352 24.4072 24.4072 24.4072 13.2022 35.8009 35.8009 35.8009 35.8009 34.9284 34.9284 34.9284 34.9284 40.8573 40.8573 24.5225 24.5225 16.291 16.291 ]
D = [ 1076 1206 1388 1609 1864 2055 2194 2310 2493 2649 2953 3010 3274 2964 2705 2505 2339 2057 2388 2668 3103 2485 2015 1438 914 1063 1266 1535 1684 1927 2112 2270 2472 2748 2908 3084 3326 3047 2835 2542 2250 1926 2350 2659 3121 2576 1914 1384 ]
K = 8
nk = [ 1 1 2 2 2 3 4 4 4 4 5 5 5 5 6 6 7 7 8 8 ]
First = [ 1 0 1 0 0 1 1 0 0 0 1 0 0 0 1 0 1 0 1 0 ]
Last = [ 0 1 0 0 1 1 0 0 0 1 0 0 0 1 0 1 0 1 0 1 ]
nS = 1
S = [ 0 0 0 0 0 0 0 0 0 0 0 0 0 0 0 0 0 0 0 0 ]
