n = 20 ; 
T = 48 ; 
Init = [ 0 0 0 0 0 0 0 0 0 1 1 1 1 1 1 1 1 1 1 1 ]
L = [ 7 7 7 7 7 7 7 7 7 3 3 3 3 3 3 5 5 5 5 5 ]
l = [ 7 7 7 7 7 7 7 7 7 3 3 3 3 3 3 5 5 5 5 5 ]
Pmin = [ 77 77 77 77 77 77 77 77 77 23 23 23 23 23 23 52 52 52 52 52 ]
Pmax = [ 288 288 288 288 288 288 288 288 288 77 77 77 77 77 77 179 179 179 179 179 ]
cf = [ 31.1934 31.1934 31.1934 31.1934 31.1934 31.1934 31.1934 31.1934 31.1934 57.5294 57.5294 57.5294 57.5294 57.5294 57.5294 30.6021 30.6021 30.6021 30.6021 30.6021 ]
c0 = [ 214 214 214 214 214 214 214 214 214 80 80 80 80 80 80 146 146 146 146 146 ]
cp = [ 25.9369 25.9369 25.9369 25.9369 25.9369 25.9369 25.9369 25.9369 25.9369 35.7913 35.7913 35.7913 35.7913 35.7913 35.7913 30.7273 30.7273 30.7273 30.7273 30.7273 ]
D = [ 898 1052 1214 1425 1675 1851 2079 2238 2347 2664 2808 2984 3212 3022 2727 2524 2365 2013 2332 2742 3012 2527 1978 1522 1050 1233 1319 1555 1702 1958 2090 2372 2501 2751 2944 3034 3230 2975 2828 2482 2323 2047 2292 2689 2923 2517 1965 1494 ]
K = 3
nk = [ 1 1 1 1 1 1 1 1 1 2 2 2 2 2 2 3 3 3 3 3 ]
First = [ 1 0 0 0 0 0 0 0 0 1 0 0 0 0 0 1 0 0 0 0 ]
Last = [ 0 0 0 0 0 0 0 0 1 0 0 0 0 0 1 0 0 0 0 1 ]
nS = 20
S = [ 1 1 1 1 1 1 1 1 1 1 1 1 1 1 1 1 1 1 1 1 ]
