n = 20 ; 
T = 48 ; 
Init = [ 0 0 0 0 0 0 1 1 1 1 1 1 1 1 1 1 1 1 0 0 ]
L = [ 8 8 8 8 8 8 8 8 8 8 8 6 6 6 6 6 6 7 2 2 ]
l = [ 8 8 8 8 8 8 8 8 8 8 8 6 6 6 6 6 6 7 2 2 ]
Pmin = [ 92 92 92 92 92 92 78 78 78 78 78 60 60 60 60 60 60 74 26 26 ]
Pmax = [ 382 382 382 382 382 382 307 307 307 307 307 229 229 229 229 229 229 298 67 67 ]
cf = [ 43.3776 43.3776 43.3776 43.3776 43.3776 43.3776 69.8454 69.8454 69.8454 69.8454 69.8454 41.1127 41.1127 41.1127 41.1127 41.1127 41.1127 45.8674 32.3252 32.3252 ]
c0 = [ 246 246 246 246 246 246 199 199 199 199 199 174 174 174 174 174 174 199 81 81 ]
cp = [ 13.4951 13.4951 13.4951 13.4951 13.4951 13.4951 28.3005 28.3005 28.3005 28.3005 28.3005 21.7044 21.7044 21.7044 21.7044 21.7044 21.7044 20.479 38.0907 38.0907 ]
D = [ 1515 1776 2088 2425 2531 2875 3093 3293 3535 3769 4147 4266 4582 4211 3761 3501 3014 2779 3220 3583 4034 3339 2715 2141 1509 1797 2084 2436 2556 2926 3130 3565 3672 4048 4245 4558 4831 4441 4138 3739 3275 2863 3391 3654 4086 3465 2668 2143 ]
K = 5
nk = [ 1 1 1 1 1 1 2 2 2 2 2 3 3 3 3 3 3 4 5 5 ]
First = [ 1 0 0 0 0 0 1 0 0 0 0 1 0 0 0 0 0 1 1 0 ]
Last = [ 0 0 0 0 0 1 0 0 0 0 1 0 0 0 0 0 1 1 0 1 ]
nS = 1
S = [ 0 0 0 0 0 0 0 0 0 0 0 0 0 0 0 0 0 0 0 0 ]
