n = 20 ; 
T = 48 ; 
Init = [ 1 0 0 0 0 0 0 0 0 0 0 1 1 1 1 1 1 1 1 1 ]
L = [ 3 3 3 3 3 3 3 3 3 3 3 9 9 9 9 9 9 2 5 5 ]
l = [ 3 3 3 3 3 3 3 3 3 3 3 9 9 9 9 9 9 2 5 5 ]
Pmin = [ 38 27 27 27 27 27 27 27 27 27 27 98 98 98 98 98 98 17 59 59 ]
Pmax = [ 121 71 71 71 71 71 71 71 71 71 71 385 385 385 385 385 385 42 211 211 ]
cf = [ 14.4635 61.9723 61.9723 61.9723 61.9723 61.9723 61.9723 61.9723 61.9723 61.9723 61.9723 41.473 41.473 41.473 41.473 41.473 41.473 56.7541 42.8339 42.8339 ]
c0 = [ 116 80 80 80 80 80 80 80 80 80 80 250 250 250 250 250 250 62 161 161 ]
cp = [ 34.2765 36.2633 36.2633 36.2633 36.2633 36.2633 36.2633 36.2633 36.2633 36.2633 36.2633 11.6328 11.6328 11.6328 11.6328 11.6328 11.6328 41.0686 25.8192 25.8192 ]
D = [ 802 1020 1164 1485 1537 1776 1907 2211 2259 2569 2698 2832 2993 2844 2490 2348 1973 1799 2061 2427 2877 2349 1770 1371 850 962 1140 1317 1536 1707 1897 2172 2291 2458 2742 2845 3101 2771 2573 2374 2094 1870 2162 2429 2575 2218 1775 1238 ]
K = 5
nk = [ 1 2 2 2 2 2 2 2 2 2 2 3 3 3 3 3 3 4 5 5 ]
First = [ 1 1 0 0 0 0 0 0 0 0 0 1 0 0 0 0 0 1 1 0 ]
Last = [ 1 0 0 0 0 0 0 0 0 0 1 0 0 0 0 0 1 1 0 1 ]
nS = 20
S = [ 1 1 1 1 1 1 1 1 1 1 1 1 1 1 1 1 1 1 1 1 ]
