n = 20 ; 
T = 48 ; 
Init = [ 0 0 0 0 0 0 0 0 1 1 0 1 1 1 1 1 0 0 0 0 ]
L = [ 2 2 2 2 2 2 2 2 7 7 9 10 10 10 10 10 8 8 8 8 ]
l = [ 2 2 2 2 2 2 2 2 7 7 9 10 10 10 10 10 8 8 8 8 ]
Pmin = [ 19 19 19 19 19 19 19 19 76 76 100 100 100 100 100 100 89 89 89 89 ]
Pmax = [ 35 35 35 35 35 35 35 35 288 288 420 420 420 420 420 420 342 342 342 342 ]
cf = [ 25.1962 25.1962 25.1962 25.1962 25.1962 25.1962 25.1962 25.1962 32.5046 32.5046 23.4173 60.849 60.849 60.849 60.849 60.849 47.2083 47.2083 47.2083 47.2083 ]
c0 = [ 66 66 66 66 66 66 66 66 200 200 250 250 250 250 250 250 240 240 240 240 ]
cp = [ 41.4347 41.4347 41.4347 41.4347 41.4347 41.4347 41.4347 41.4347 25.4484 25.4484 12.6716 10.4597 10.4597 10.4597 10.4597 10.4597 18.3921 18.3921 18.3921 18.3921 ]
D = [ 1355 1502 1794 2034 2132 2334 2540 2850 3025 3154 3423 3745 3868 3515 3251 2916 2730 2320 2769 3212 3681 3208 2435 1879 1269 1518 1847 2024 2161 2517 2768 2894 3241 3400 3676 3749 4152 3776 3378 2969 2629 2387 2788 3034 3490 2925 2232 1667 ]
K = 5
nk = [ 1 1 1 1 1 1 1 1 2 2 3 4 4 4 4 4 5 5 5 5 ]
First = [ 1 0 0 0 0 0 0 0 1 0 1 1 0 0 0 0 1 0 0 0 ]
Last = [ 0 0 0 0 0 0 0 1 0 1 1 0 0 0 0 1 0 0 0 1 ]
nS = 20
S = [ 1 1 1 1 1 1 1 1 1 1 1 1 1 1 1 1 1 1 1 1 ]
