n = 20 ; 
T = 48 ; 
Init = [ 1 1 1 1 1 1 1 1 1 1 1 1 1 1 1 1 1 1 1 1 ]
L = [ 5 5 5 5 5 5 5 5 4 4 4 4 4 4 4 4 4 4 4 4 ]
l = [ 5 5 5 5 5 5 5 5 4 4 4 4 4 4 4 4 4 4 4 4 ]
Pmin = [ 55 55 55 55 55 55 55 55 35 35 35 35 35 36 36 36 36 36 36 36 ]
Pmax = [ 216 216 216 216 216 216 216 216 114 114 114 114 114 115 115 115 115 115 115 115 ]
cf = [ 56.3453 56.3453 56.3453 56.3453 56.3453 56.3453 56.3453 56.3453 29.1375 29.1375 29.1375 29.1375 29.1375 9.9875 9.9875 9.9875 9.9875 9.9875 9.9875 9.9875 ]
c0 = [ 158 158 158 158 158 158 158 158 116 116 116 116 116 117 117 117 117 117 117 117 ]
cp = [ 25.253 25.253 25.253 25.253 25.253 25.253 25.253 25.253 29.3148 29.3148 29.3148 29.3148 29.3148 35.5698 35.5698 35.5698 35.5698 35.5698 35.5698 35.5698 ]
D = [ 861 1000 1123 1321 1469 1666 1777 1996 2155 2280 2482 2610 2774 2492 2289 2035 1822 1662 1872 2051 2330 1872 1527 1012 702 843 1032 1106 1333 1434 1620 1759 1934 2054 2315 2454 2614 2338 2101 1959 1716 1460 1819 2004 2343 1927 1563 1236 ]
K = 3
nk = [ 1 1 1 1 1 1 1 1 2 2 2 2 2 3 3 3 3 3 3 3 ]
First = [ 1 0 0 0 0 0 0 0 1 0 0 0 0 1 0 0 0 0 0 0 ]
Last = [ 0 0 0 0 0 0 0 1 0 0 0 0 1 0 0 0 0 0 0 1 ]
nS = 20
S = [ 1 1 1 1 1 1 1 1 1 1 1 1 1 1 1 1 1 1 1 1 ]
