n = 20 ; 
T = 48 ; 
Init = [ 0 0 0 0 0 1 1 1 1 1 0 0 0 0 0 0 1 1 1 1 ]
L = [ 8 8 8 8 8 6 6 6 6 6 3 3 3 3 3 3 6 6 6 6 ]
l = [ 8 8 8 8 8 6 6 6 6 6 3 3 3 3 3 3 6 6 6 6 ]
Pmin = [ 86 86 86 86 86 62 62 62 62 62 30 30 30 30 30 30 57 57 57 57 ]
Pmax = [ 323 323 323 323 323 242 242 242 242 242 93 93 93 93 93 93 227 227 227 227 ]
cf = [ 37.9983 37.9983 37.9983 37.9983 37.9983 53.372 53.372 53.372 53.372 53.372 49.6846 49.6846 49.6846 49.6846 49.6846 49.6846 52.5671 52.5671 52.5671 52.5671 ]
c0 = [ 221 221 221 221 221 169 169 169 169 169 100 100 100 100 100 100 149 149 149 149 ]
cp = [ 18.692 18.692 18.692 18.692 18.692 17.2366 17.2366 17.2366 17.2366 17.2366 29.698 29.698 29.698 29.698 29.698 29.698 33.9003 33.9003 33.9003 33.9003 ]
D = [ 804 1127 1228 1444 1655 1915 2175 2429 2678 2775 2949 3281 3458 3239 2876 2601 2369 2206 2400 2789 3099 2543 2011 1501 793 1106 1241 1607 1805 1939 2301 2544 2723 2951 3227 3458 3645 3364 3055 2785 2578 2257 2675 3053 3442 2754 2118 1489 ]
K = 4
nk = [ 1 1 1 1 1 2 2 2 2 2 3 3 3 3 3 3 4 4 4 4 ]
First = [ 1 0 0 0 0 1 0 0 0 0 1 0 0 0 0 0 1 0 0 0 ]
Last = [ 0 0 0 0 1 0 0 0 0 1 0 0 0 0 0 1 0 0 0 1 ]
nS = 1
S = [ 0 0 0 0 0 0 0 0 0 0 0 0 0 0 0 0 0 0 0 0 ]
