n = 20 ; 
T = 48 ; 
Init = [ 0 0 0 0 0 0 0 0 0 0 0 0 0 0 0 0 0 0 0 0 ]
L = [ 6 6 6 6 6 6 6 6 6 6 7 7 7 7 7 7 7 7 7 7 ]
l = [ 6 6 6 6 6 6 6 6 6 6 7 7 7 7 7 7 7 7 7 7 ]
Pmin = [ 62 62 62 62 62 62 62 62 62 62 79 79 79 79 79 79 79 79 79 79 ]
Pmax = [ 223 223 223 223 223 223 223 223 223 223 320 320 320 320 320 320 320 289 289 289 ]
cf = [ 58.2086 58.2086 58.2086 58.2086 58.2086 58.2086 58.2086 58.2086 58.2086 58.2086 63.1608 63.1608 63.1608 63.1608 63.1608 63.1608 63.1608 16.8651 16.8651 16.8651 ]
c0 = [ 175 175 175 175 175 175 175 175 175 175 211 211 211 211 211 211 211 203 203 203 ]
cp = [ 25.4635 25.4635 25.4635 25.4635 25.4635 25.4635 25.4635 25.4635 25.4635 25.4635 13.7076 13.7076 13.7076 13.7076 13.7076 13.7076 13.7076 13.4068 13.4068 13.4068 ]
D = [ 1391 1697 1943 2272 2511 2739 3057 3312 3597 3882 4149 4558 4775 4309 3904 3492 3009 2707 3209 3512 3932 3252 2655 2071 1329 1569 1988 2229 2440 2700 2905 3282 3585 3770 4157 4471 4648 4263 3826 3480 3113 2687 3216 3690 4242 3395 2823 2147 ]
K = 3
nk = [ 1 1 1 1 1 1 1 1 1 1 2 2 2 2 2 2 2 3 3 3 ]
First = [ 1 0 0 0 0 0 0 0 0 0 1 0 0 0 0 0 0 1 0 0 ]
Last = [ 0 0 0 0 0 0 0 0 0 1 0 0 0 0 0 0 1 0 0 1 ]
nS = 20
S = [ 1 1 1 1 1 1 1 1 1 1 1 1 1 1 1 1 1 1 1 1 ]
