n = 20 ; 
T = 48 ; 
Init = [ 0 0 0 0 0 1 1 1 1 0 0 0 0 0 0 1 1 0 0 0 ]
L = [ 9 9 9 9 9 8 8 8 8 3 3 3 3 3 3 3 3 9 9 9 ]
l = [ 9 9 9 9 9 8 8 8 8 3 3 3 3 3 3 3 3 9 9 9 ]
Pmin = [ 100 100 100 100 100 91 91 91 91 30 30 30 30 30 30 37 37 100 100 100 ]
Pmax = [ 405 405 405 405 405 342 342 342 342 104 104 104 104 104 104 129 129 412 412 412 ]
cf = [ 68.1701 68.1701 68.1701 68.1701 68.1701 63.6766 63.6766 63.6766 63.6766 36.2902 36.2902 36.2902 36.2902 36.2902 36.2902 68.6985 68.6985 17.1086 17.1086 17.1086 ]
c0 = [ 250 250 250 250 250 248 248 248 248 88 88 88 88 88 88 103 103 250 250 250 ]
cp = [ 10.2819 10.2819 10.2819 10.2819 10.2819 26.1806 26.1806 26.1806 26.1806 35.4977 35.4977 35.4977 35.4977 35.4977 35.4977 36.0252 36.0252 10.4086 10.4086 10.4086 ]
D = [ 1228 1629 1847 2075 2407 2641 2937 3253 3611 3800 4156 4529 4831 4273 3812 3440 3151 2650 3146 3635 4193 3367 2561 2031 1291 1492 1690 2061 2190 2548 2740 3034 3398 3617 3981 4245 4530 4157 3835 3376 3176 2675 3400 3732 4313 3551 2685 1871 ]
K = 5
nk = [ 1 1 1 1 1 2 2 2 2 3 3 3 3 3 3 4 4 5 5 5 ]
First = [ 1 0 0 0 0 1 0 0 0 1 0 0 0 0 0 1 0 1 0 0 ]
Last = [ 0 0 0 0 1 0 0 0 1 0 0 0 0 0 1 0 1 0 0 1 ]
nS = 1
S = [ 0 0 0 0 0 0 0 0 0 0 0 0 0 0 0 0 0 0 0 0 ]
