n = 20 ; 
T = 48 ; 
Init = [ 0 0 0 0 0 0 1 1 1 1 1 1 1 1 1 0 0 0 0 0 ]
L = [ 3 3 3 3 3 4 7 7 7 7 7 7 7 7 7 6 6 6 9 9 ]
l = [ 3 3 3 3 3 4 7 7 7 7 7 7 7 7 7 6 6 6 9 9 ]
Pmin = [ 35 35 35 35 35 41 79 79 79 79 79 79 79 79 79 61 61 61 96 96 ]
Pmax = [ 116 116 116 116 116 133 319 319 319 319 319 319 319 319 319 226 226 226 393 393 ]
cf = [ 12.8962 12.8962 12.8962 12.8962 12.8962 27.5687 23.3959 23.3959 23.3959 23.3959 23.3959 23.3959 23.3959 23.3959 23.3959 49.9034 49.9034 49.9034 12.4054 12.4054 ]
c0 = [ 113 113 113 113 113 122 220 220 220 220 220 220 220 220 220 167 167 167 245 245 ]
cp = [ 35.9443 35.9443 35.9443 35.9443 35.9443 35.7258 11.3732 11.3732 11.3732 11.3732 11.3732 11.3732 11.3732 11.3732 11.3732 34.3185 34.3185 34.3185 10.3645 10.3645 ]
D = [ 1002 1323 1551 1792 1995 2345 2581 2831 3167 3286 3618 3972 4174 3772 3526 3205 2830 2452 2979 3334 3965 3363 2604 2109 1563 1750 1962 2232 2390 2789 3005 3256 3433 3844 3974 4215 4499 4063 3788 3350 2808 2555 2885 3311 3697 3143 2557 1993 ]
K = 5
nk = [ 1 1 1 1 1 2 3 3 3 3 3 3 3 3 3 4 4 4 5 5 ]
First = [ 1 0 0 0 0 1 1 0 0 0 0 0 0 0 0 1 0 0 1 0 ]
Last = [ 0 0 0 0 1 1 0 0 0 0 0 0 0 0 1 0 0 1 0 1 ]
nS = 20
S = [ 1 1 1 1 1 1 1 1 1 1 1 1 1 1 1 1 1 1 1 1 ]
