n = 20 ; 
T = 48 ; 
Init = [ 1 1 1 1 1 1 1 1 1 1 0 0 0 0 0 0 0 0 1 1 ]
L = [ 5 5 5 5 5 5 5 5 5 5 8 8 8 8 8 8 8 8 7 7 ]
l = [ 5 5 5 5 5 5 5 5 5 5 8 8 8 8 8 8 8 8 7 7 ]
Pmin = [ 52 52 52 52 52 52 52 52 52 52 90 90 90 90 90 90 90 90 67 67 ]
Pmax = [ 198 198 198 198 198 198 198 198 198 198 337 337 337 337 337 337 337 337 270 270 ]
cf = [ 57.3265 57.3265 57.3265 57.3265 57.3265 57.3265 57.3265 57.3265 57.3265 57.3265 55.5976 55.5976 55.5976 55.5976 55.5976 55.5976 55.5976 55.5976 65.5615 65.5615 ]
c0 = [ 150 150 150 150 150 150 150 150 150 150 243 243 243 243 243 243 243 243 172 172 ]
cp = [ 28.0113 28.0113 28.0113 28.0113 28.0113 28.0113 28.0113 28.0113 28.0113 28.0113 17.7829 17.7829 17.7829 17.7829 17.7829 17.7829 17.7829 17.7829 21.3239 21.3239 ]
D = [ 1154 1464 1723 2037 2420 2654 2815 3192 3460 3612 4088 4177 4606 4074 3667 3313 3025 2647 2960 3351 3742 3232 2715 1979 1406 1670 1942 2255 2506 2816 3031 3242 3649 3967 4173 4459 4771 4317 3867 3347 3078 2657 3042 3377 3887 3260 2584 1967 ]
K = 3
nk = [ 1 1 1 1 1 1 1 1 1 1 2 2 2 2 2 2 2 2 3 3 ]
First = [ 1 0 0 0 0 0 0 0 0 0 1 0 0 0 0 0 0 0 1 0 ]
Last = [ 0 0 0 0 0 0 0 0 0 1 0 0 0 0 0 0 0 1 0 1 ]
nS = 20
S = [ 1 1 1 1 1 1 1 1 1 1 1 1 1 1 1 1 1 1 1 1 ]
