n = 20 ; 
T = 48 ; 
Init = [ 1 1 1 1 1 1 1 1 1 1 1 0 0 0 0 0 1 1 1 1 ]
L = [ 7 7 7 7 7 4 4 4 4 4 4 4 4 4 4 4 5 5 5 5 ]
l = [ 7 7 7 7 7 4 4 4 4 4 4 4 4 4 4 4 5 5 5 5 ]
Pmin = [ 75 75 75 75 75 43 43 43 43 43 43 50 50 50 50 50 55 55 55 55 ]
Pmax = [ 292 292 292 292 292 140 140 140 140 140 140 172 172 172 172 172 215 215 215 215 ]
cf = [ 16.5589 16.5589 16.5589 16.5589 16.5589 53.1174 53.1174 53.1174 53.1174 53.1174 53.1174 67.7206 67.7206 67.7206 67.7206 67.7206 23.226 23.226 23.226 23.226 ]
c0 = [ 199 199 199 199 199 123 123 123 123 123 123 138 138 138 138 138 145 145 145 145 ]
cp = [ 24.4806 24.4806 24.4806 24.4806 24.4806 33.498 33.498 33.498 33.498 33.498 33.498 30.6463 30.6463 30.6463 30.6463 30.6463 25.3335 25.3335 25.3335 25.3335 ]
D = [ 1043 1237 1418 1486 1729 2027 2108 2284 2619 2747 3010 3146 3409 3145 2902 2537 2270 2093 2382 2767 3268 2742 2194 1607 1212 1300 1485 1767 1837 2051 2216 2385 2642 2783 3088 3274 3318 3100 2889 2634 2278 1968 2297 2615 2953 2489 1969 1508 ]
K = 4
nk = [ 1 1 1 1 1 2 2 2 2 2 2 3 3 3 3 3 4 4 4 4 ]
First = [ 1 0 0 0 0 1 0 0 0 0 0 1 0 0 0 0 1 0 0 0 ]
Last = [ 0 0 0 0 1 0 0 0 0 0 1 0 0 0 0 1 0 0 0 1 ]
nS = 20
S = [ 1 1 1 1 1 1 1 1 1 1 1 1 1 1 1 1 1 1 1 1 ]
