n = 20 ; 
T = 48 ; 
Init = [ 1 1 1 1 1 1 1 1 1 0 0 1 1 1 1 1 1 1 0 0 ]
L = [ 8 8 8 8 8 8 8 8 8 6 6 8 8 8 8 8 8 8 4 4 ]
l = [ 8 8 8 8 8 8 8 8 8 6 6 8 8 8 8 8 8 8 4 4 ]
Pmin = [ 87 87 87 87 87 87 87 87 87 60 60 88 88 88 88 88 88 88 40 40 ]
Pmax = [ 351 351 351 351 351 351 351 351 351 236 236 340 340 340 340 340 340 340 123 123 ]
cf = [ 46.4602 46.4602 46.4602 46.4602 46.4602 46.4602 46.4602 46.4602 46.4602 62.0923 62.0923 22.9115 22.9115 22.9115 22.9115 22.9115 22.9115 22.9115 32.3206 32.3206 ]
c0 = [ 234 234 234 234 234 234 234 234 234 166 166 234 234 234 234 234 234 234 128 128 ]
cp = [ 18.3219 18.3219 18.3219 18.3219 18.3219 18.3219 18.3219 18.3219 18.3219 23.2344 23.2344 22.1614 22.1614 22.1614 22.1614 22.1614 22.1614 22.1614 32.2624 32.2624 ]
D = [ 1644 1915 2268 2610 2810 3219 3445 3958 4211 4475 4757 5128 5343 4839 4386 3970 3462 3020 3547 4114 4852 3979 3165 2254 1206 1765 1895 2237 2589 3001 3234 3685 4014 4199 4594 4877 5286 4766 4480 3886 3640 3164 3750 4251 4919 4074 3317 2326 ]
K = 4
nk = [ 1 1 1 1 1 1 1 1 1 2 2 3 3 3 3 3 3 3 4 4 ]
First = [ 1 0 0 0 0 0 0 0 0 1 0 1 0 0 0 0 0 0 1 0 ]
Last = [ 0 0 0 0 0 0 0 0 1 0 1 0 0 0 0 0 0 1 0 1 ]
nS = 20
S = [ 1 1 1 1 1 1 1 1 1 1 1 1 1 1 1 1 1 1 1 1 ]
