n = 20 ; 
T = 48 ; 
Init = [ 0 0 0 0 0 0 0 0 0 0 1 1 1 1 1 1 1 1 1 1 ]
L = [ 4 4 4 4 4 4 4 4 4 5 5 5 5 5 5 5 5 5 5 5 ]
l = [ 4 4 4 4 4 4 4 4 4 5 5 5 5 5 5 5 5 5 5 5 ]
Pmin = [ 44 44 44 44 44 44 44 44 44 42 49 49 49 49 49 49 49 49 49 56 ]
Pmax = [ 142 142 142 142 142 142 142 142 142 157 163 163 163 163 163 163 163 163 163 195 ]
cf = [ 67.7954 67.7954 67.7954 67.7954 67.7954 67.7954 67.7954 67.7954 67.7954 13.217 25.0292 25.0292 25.0292 25.0292 25.0292 25.0292 25.0292 25.0292 25.0292 22.1943 ]
c0 = [ 119 119 119 119 119 119 119 119 119 122 131 131 131 131 131 131 131 131 131 146 ]
cp = [ 30.7136 30.7136 30.7136 30.7136 30.7136 30.7136 30.7136 30.7136 30.7136 24.4586 22.1296 22.1296 22.1296 22.1296 22.1296 22.1296 22.1296 22.1296 22.1296 34.7649 ]
D = [ 752 989 1069 1305 1407 1585 1745 1863 1940 2095 2258 2464 2636 2344 2183 2010 1804 1558 1745 2004 2217 1790 1413 1066 673 843 980 1149 1375 1477 1599 1855 1970 2185 2371 2492 2723 2444 2191 1938 1705 1486 1850 2070 2311 1938 1499 1172 ]
K = 4
nk = [ 1 1 1 1 1 1 1 1 1 2 3 3 3 3 3 3 3 3 3 4 ]
First = [ 1 0 0 0 0 0 0 0 0 1 1 0 0 0 0 0 0 0 0 1 ]
Last = [ 0 0 0 0 0 0 0 0 1 1 0 0 0 0 0 0 0 0 1 1 ]
nS = 20
S = [ 1 1 1 1 1 1 1 1 1 1 1 1 1 1 1 1 1 1 1 1 ]
