n = 20 ; 
T = 48 ; 
Init = [ 0 0 0 0 0 0 0 0 0 0 0 0 0 0 0 0 0 0 0 0 ]
L = [ 5 5 5 8 8 8 8 8 8 8 8 8 9 4 4 4 4 2 3 9 ]
l = [ 5 5 5 8 8 8 8 8 8 8 8 8 9 4 4 4 4 2 3 9 ]
Pmin = [ 48 48 48 84 84 84 84 84 84 84 84 84 94 32 32 32 32 26 19 89 ]
Pmax = [ 190 190 190 331 331 331 331 331 331 331 331 331 392 116 116 116 116 72 66 348 ]
cf = [ 50.0957 50.0957 50.0957 64.4218 64.4218 64.4218 64.4218 64.4218 64.4218 64.4218 64.4218 64.4218 42.7083 45.6794 45.6794 45.6794 45.6794 37.8883 41.1925 21.7318 ]
c0 = [ 133 133 133 225 225 225 225 225 225 225 225 225 236 90 90 90 90 88 72 227 ]
cp = [ 20.8366 20.8366 20.8366 16.393 16.393 16.393 16.393 16.393 16.393 16.393 16.393 16.393 16.5851 31.1361 31.1361 31.1361 31.1361 37.6035 38.6962 10.3193 ]
D = [ 1071 1235 1541 1824 1995 2297 2536 2751 2987 3235 3621 3867 4054 3692 3317 3005 2570 2226 2651 3200 3504 3003 2375 1833 1348 1546 1697 1935 2180 2553 2703 2993 3150 3454 3721 3868 4105 3806 3524 3205 2891 2462 2941 3323 3579 3031 2336 1896 ]
K = 7
nk = [ 1 1 1 2 2 2 2 2 2 2 2 2 3 4 4 4 4 5 6 7 ]
First = [ 1 0 0 1 0 0 0 0 0 0 0 0 1 1 0 0 0 1 1 1 ]
Last = [ 0 0 1 0 0 0 0 0 0 0 0 1 1 0 0 0 1 1 1 1 ]
nS = 20
S = [ 1 1 1 1 1 1 1 1 1 1 1 1 1 1 1 1 1 1 1 1 ]
