n = 20 ; 
T = 48 ; 
Init = [ 0 0 0 0 0 0 0 0 0 0 1 1 1 1 1 1 1 1 1 0 ]
L = [ 9 9 9 9 8 8 8 8 8 8 9 9 3 4 4 3 3 3 3 5 ]
l = [ 9 9 9 9 8 8 8 8 8 8 9 9 3 4 4 3 3 3 3 5 ]
Pmin = [ 100 100 100 100 80 80 80 80 80 80 97 97 26 41 41 33 33 33 33 51 ]
Pmax = [ 397 397 397 397 330 330 330 330 330 330 391 391 92 143 143 115 115 115 115 195 ]
cf = [ 69.6299 69.6299 69.6299 69.6299 15.2698 15.2698 15.2698 15.2698 15.2698 15.2698 35.4163 35.4163 38.3666 29.4251 29.4251 64.9837 64.9837 64.9837 64.9837 41.3002 ]
c0 = [ 250 250 250 250 216 216 216 216 216 216 250 250 86 122 122 97 97 97 97 154 ]
cp = [ 15.3176 15.3176 15.3176 15.3176 14.3768 14.3768 14.3768 14.3768 14.3768 14.3768 11.4605 11.4605 39.6039 38.247 38.247 30.8715 30.8715 30.8715 30.8715 30.7514 ]
D = [ 1437 1763 2021 2282 2480 2795 3071 3298 3467 3752 3949 4239 4659 4157 3771 3412 3108 2656 3235 3649 4252 3605 2919 2117 1450 1582 1823 2164 2507 2746 3022 3201 3452 3693 3992 4266 4440 3978 3835 3327 3088 2763 3293 3512 3961 3237 2605 1762 ]
K = 7
nk = [ 1 1 1 1 2 2 2 2 2 2 3 3 4 5 5 6 6 6 6 7 ]
First = [ 1 0 0 0 1 0 0 0 0 0 1 0 1 1 0 1 0 0 0 1 ]
Last = [ 0 0 0 1 0 0 0 0 0 1 0 1 1 0 1 0 0 0 1 1 ]
nS = 1
S = [ 0 0 0 0 0 0 0 0 0 0 0 0 0 0 0 0 0 0 0 0 ]
