n = 20 ; 
T = 48 ; 
Init = [ 1 1 1 1 1 1 1 1 1 1 1 1 1 1 1 1 1 1 1 1 ]
L = [ 8 8 8 8 8 8 8 8 8 8 8 6 6 6 6 6 6 6 6 8 ]
l = [ 8 8 8 8 8 8 8 8 8 8 8 6 6 6 6 6 6 6 6 8 ]
Pmin = [ 90 90 90 90 90 76 76 76 76 76 76 67 67 67 67 67 67 67 67 77 ]
Pmax = [ 341 341 341 341 341 307 307 307 307 307 307 256 256 256 256 256 256 256 256 318 ]
cf = [ 26.7103 26.7103 26.7103 26.7103 26.7103 55.6954 55.6954 55.6954 55.6954 55.6954 55.6954 35.9715 35.9715 35.9715 35.9715 35.9715 35.9715 35.9715 35.9715 69.1328 ]
c0 = [ 235 235 235 235 235 207 207 207 207 207 207 176 176 176 176 176 176 176 176 202 ]
cp = [ 18.9585 18.9585 18.9585 18.9585 18.9585 23.9983 23.9983 23.9983 23.9983 23.9983 23.9983 33.7153 33.7153 33.7153 33.7153 33.7153 33.7153 33.7153 33.7153 13.1569 ]
D = [ 1631 1849 2088 2466 2784 3049 3399 3588 4016 4254 4498 4777 4943 4741 4257 3926 3356 3161 3508 4128 4684 3804 2983 2154 1131 1542 1986 2145 2508 2808 3236 3578 3705 4036 4520 4835 5124 4614 4295 3792 3432 2942 3432 3968 4462 3578 2911 2153 ]
K = 4
nk = [ 1 1 1 1 1 2 2 2 2 2 2 3 3 3 3 3 3 3 3 4 ]
First = [ 1 0 0 0 0 1 0 0 0 0 0 1 0 0 0 0 0 0 0 1 ]
Last = [ 0 0 0 0 1 0 0 0 0 0 1 0 0 0 0 0 0 0 1 1 ]
nS = 20
S = [ 1 1 1 1 1 1 1 1 1 1 1 1 1 1 1 1 1 1 1 1 ]
