n = 20 ; 
T = 48 ; 
Init = [ 1 1 1 1 1 1 1 1 1 1 0 0 0 0 0 0 0 1 1 1 ]
L = [ 3 3 3 3 3 3 3 3 3 3 4 4 4 4 4 4 4 2 2 2 ]
l = [ 3 3 3 3 3 3 3 3 3 3 4 4 4 4 4 4 4 2 2 2 ]
Pmin = [ 29 29 29 29 29 29 29 29 29 29 43 43 43 43 43 43 43 15 15 15 ]
Pmax = [ 87 87 87 87 87 87 87 87 87 87 155 155 155 155 155 155 155 35 35 35 ]
cf = [ 36.2773 36.2773 36.2773 36.2773 36.2773 36.2773 36.2773 36.2773 36.2773 36.2773 57.3341 57.3341 57.3341 57.3341 57.3341 57.3341 57.3341 13.6617 13.6617 13.6617 ]
c0 = [ 97 97 97 97 97 97 97 97 97 97 117 117 117 117 117 117 117 61 61 61 ]
cp = [ 27.5706 27.5706 27.5706 27.5706 27.5706 27.5706 27.5706 27.5706 27.5706 27.5706 35.8873 35.8873 35.8873 35.8873 35.8873 35.8873 35.8873 39.9752 39.9752 39.9752 ]
D = [ 607 685 765 900 936 1041 1136 1282 1330 1472 1562 1649 1717 1577 1450 1312 1121 997 1156 1353 1497 1297 958 681 432 541 680 808 904 1002 1154 1262 1362 1484 1546 1696 1814 1687 1547 1322 1211 1075 1226 1476 1666 1392 1081 892 ]
K = 3
nk = [ 1 1 1 1 1 1 1 1 1 1 2 2 2 2 2 2 2 3 3 3 ]
First = [ 1 0 0 0 0 0 0 0 0 0 1 0 0 0 0 0 0 1 0 0 ]
Last = [ 0 0 0 0 0 0 0 0 0 1 0 0 0 0 0 0 1 0 0 1 ]
nS = 20
S = [ 1 1 1 1 1 1 1 1 1 1 1 1 1 1 1 1 1 1 1 1 ]
