n = 20 ; 
T = 48 ; 
Init = [ 0 0 0 0 0 0 0 0 0 0 0 0 0 0 0 0 0 0 0 0 ]
L = [ 7 7 7 7 7 7 7 7 7 7 5 5 5 5 5 5 5 5 5 5 ]
l = [ 7 7 7 7 7 7 7 7 7 7 5 5 5 5 5 5 5 5 5 5 ]
Pmin = [ 68 68 68 68 68 68 68 68 68 68 48 48 48 48 48 48 48 48 48 48 ]
Pmax = [ 263 263 263 263 263 263 263 263 263 263 169 169 169 169 169 169 169 169 169 169 ]
cf = [ 63.3238 63.3238 63.3238 63.3238 63.3238 63.3238 63.3238 63.3238 63.3238 63.3238 41.1386 41.1386 41.1386 41.1386 41.1386 41.1386 41.1386 41.1386 41.1386 41.1386 ]
c0 = [ 185 185 185 185 185 185 185 185 185 185 138 138 138 138 138 138 138 138 138 138 ]
cp = [ 17.5731 17.5731 17.5731 17.5731 17.5731 17.5731 17.5731 17.5731 17.5731 17.5731 28.198 28.198 28.198 28.198 28.198 28.198 28.198 28.198 28.198 28.198 ]
D = [ 1122 1260 1441 1735 1854 2123 2369 2600 2818 2928 3188 3497 3604 3346 3050 2784 2466 2181 2580 2988 3358 2895 2369 1712 1141 1464 1583 1802 1917 2113 2406 2572 2797 2930 3097 3388 3563 3205 2942 2710 2524 2290 2632 2880 3235 2712 2230 1631 ]
K = 2
nk = [ 1 1 1 1 1 1 1 1 1 1 2 2 2 2 2 2 2 2 2 2 ]
First = [ 1 0 0 0 0 0 0 0 0 0 1 0 0 0 0 0 0 0 0 0 ]
Last = [ 0 0 0 0 0 0 0 0 0 1 0 0 0 0 0 0 0 0 0 1 ]
nS = 20
S = [ 1 1 1 1 1 1 1 1 1 1 1 1 1 1 1 1 1 1 1 1 ]
