n = 20 ; 
T = 96 ; 
Init = [ 1 1 1 1 1 1 1 1 1 0 0 0 0 0 0 0 0 0 0 1 ]
L = [ 3 3 3 3 3 3 3 3 3 5 5 5 5 5 5 5 5 5 5 10 ]
l = [ 3 3 3 3 3 3 3 3 3 5 5 5 5 5 5 5 5 5 5 10 ]
Pmin = [ 32 32 32 32 32 32 32 32 32 45 45 45 45 45 45 45 45 45 45 100 ]
Pmax = [ 105 105 105 105 105 105 105 105 105 147 147 147 147 147 147 147 147 147 147 420 ]
cf = [ 14.8692 14.8692 14.8692 14.8692 14.8692 14.8692 14.8692 14.8692 14.8692 24.5595 24.5595 24.5595 24.5595 24.5595 24.5595 24.5595 24.5595 24.5595 24.5595 26.275 ]
c0 = [ 96 96 96 96 96 96 96 96 96 126 126 126 126 126 126 126 126 126 126 250 ]
cp = [ 38.9237 38.9237 38.9237 38.9237 38.9237 38.9237 38.9237 38.9237 38.9237 25.6959 25.6959 25.6959 25.6959 25.6959 25.6959 25.6959 25.6959 25.6959 25.6959 10.0556 ]
D = [ 664 836 933 1076 1195 1404 1496 1632 1731 1926 2007 2158 2256 2187 2036 1849 1645 1551 1700 1802 2043 1645 1256 933 644 793 953 1076 1187 1355 1575 1647 1884 1993 2142 2325 2493 2284 2056 1829 1629 1375 1678 1892 2080 1851 1446 1120 731 868 1047 1232 1371 1517 1656 1692 1901 1955 2184 2230 2390 2205 2049 1890 1693 1413 1685 1866 2173 1707 1349 1055 639 804 972 1064 1158 1375 1471 1575 1795 1904 2081 2220 2309 2195 1929 1821 1629 1395 1724 1997 2254 1922 1547 1205 ]
K = 3
nk = [ 1 1 1 1 1 1 1 1 1 2 2 2 2 2 2 2 2 2 2 3 ]
First = [ 1 0 0 0 0 0 0 0 0 1 0 0 0 0 0 0 0 0 0 1 ]
Last = [ 0 0 0 0 0 0 0 0 1 0 0 0 0 0 0 0 0 0 1 1 ]
nS = 20
S = [ 1 1 1 1 1 1 1 1 1 1 1 1 1 1 1 1 1 1 1 1 ]
