n = 20 ; 
T = 96 ; 
Init = [ 0 0 0 0 0 0 0 0 0 0 1 1 1 1 1 1 1 1 1 1 ]
L = [ 8 8 8 8 8 8 8 9 9 9 4 4 4 4 4 4 4 4 6 6 ]
l = [ 8 8 8 8 8 8 8 9 9 9 4 4 4 4 4 4 4 4 6 6 ]
Pmin = [ 85 85 84 84 84 84 84 95 95 95 32 32 32 32 32 32 32 32 64 64 ]
Pmax = [ 345 345 351 351 351 351 351 389 389 389 115 115 115 115 115 115 115 115 230 230 ]
cf = [ 33.8667 33.8667 27.0481 27.0481 27.0481 27.0481 27.0481 46.8169 46.8169 46.8169 60.2288 60.2288 60.2288 60.2288 60.2288 60.2288 60.2288 60.2288 56.4971 56.4971 ]
c0 = [ 216 216 230 230 230 230 230 250 250 250 94 94 94 94 94 94 94 94 176 176 ]
cp = [ 19.0494 19.0494 22.4943 22.4943 22.4943 22.4943 22.4943 14.9193 14.9193 14.9193 28.5828 28.5828 28.5828 28.5828 28.5828 28.5828 28.5828 28.5828 19.2169 19.2169 ]
D = [ 1546 1695 2058 2265 2494 2676 2875 3082 3327 3568 3963 4044 4427 3971 3738 3275 2871 2669 2945 3238 3654 3021 2466 1924 1546 1661 1874 2085 2322 2501 2699 3077 3213 3377 3758 3894 4212 3889 3425 3096 2892 2517 2867 3343 3660 3113 2417 1746 999 1237 1655 1873 2103 2312 2746 2935 3121 3513 3816 3946 4298 3910 3532 3277 2946 2561 3019 3428 3978 3229 2671 2067 1560 1649 1823 2048 2289 2613 2800 2983 3275 3583 3685 3901 4245 3869 3629 3183 2967 2611 3118 3402 3994 3148 2617 1971 ]
K = 5
nk = [ 1 1 2 2 2 2 2 3 3 3 4 4 4 4 4 4 4 4 5 5 ]
First = [ 1 0 1 0 0 0 0 1 0 0 1 0 0 0 0 0 0 0 1 0 ]
Last = [ 0 1 0 0 0 0 1 0 0 1 0 0 0 0 0 0 0 1 0 1 ]
nS = 20
S = [ 1 1 1 1 1 1 1 1 1 1 1 1 1 1 1 1 1 1 1 1 ]
