n = 20 ; 
T = 96 ; 
Init = [ 0 0 0 0 0 0 0 0 0 0 0 0 1 1 1 1 0 0 0 0 ]
L = [ 9 9 9 9 9 9 8 8 8 8 8 8 7 7 7 2 9 9 9 9 ]
l = [ 9 9 9 9 9 9 8 8 8 8 8 8 7 7 7 2 9 9 9 9 ]
Pmin = [ 85 85 85 85 85 85 82 82 82 82 82 82 66 66 66 19 98 98 98 98 ]
Pmax = [ 352 352 352 352 352 352 331 331 331 331 331 331 255 255 255 53 403 403 403 403 ]
cf = [ 12.8215 12.8215 12.8215 12.8215 12.8215 12.8215 58.2103 58.2103 58.2103 58.2103 58.2103 58.2103 13.9822 13.9822 13.9822 41.3146 31.3808 31.3808 31.3808 31.3808 ]
c0 = [ 228 228 228 228 228 228 218 218 218 218 218 218 173 173 173 77 250 250 250 250 ]
cp = [ 10.4841 10.4841 10.4841 10.4841 10.4841 10.4841 17.9042 17.9042 17.9042 17.9042 17.9042 17.9042 31.2925 31.2925 31.2925 40.4108 14.1784 14.1784 14.1784 14.1784 ]
D = [ 1797 2014 2329 2703 3115 3311 3726 4065 4338 4867 5164 5476 5701 5204 4664 4141 3578 3167 3753 4080 4784 4122 3153 2585 1748 2083 2577 2788 3105 3380 3931 4111 4467 4764 5146 5437 5958 5199 4785 4210 3694 3278 3680 4292 4700 3885 3136 2316 1436 1763 2292 2545 3031 3175 3672 4098 4459 4801 4988 5311 5701 5225 4595 4132 3767 3087 3750 4349 4956 4013 3064 2186 1391 1803 2182 2374 2699 2977 3301 3678 4098 4233 4618 5026 5255 4879 4593 4143 3662 3178 3884 4507 5091 4097 3289 2355 ]
K = 5
nk = [ 1 1 1 1 1 1 2 2 2 2 2 2 3 3 3 4 5 5 5 5 ]
First = [ 1 0 0 0 0 0 1 0 0 0 0 0 1 0 0 1 1 0 0 0 ]
Last = [ 0 0 0 0 0 1 0 0 0 0 0 1 0 0 1 1 0 0 0 1 ]
nS = 1
S = [ 0 0 0 0 0 0 0 0 0 0 0 0 0 0 0 0 0 0 0 0 ]
