n = 20 ; 
T = 96 ; 
Init = [ 0 1 1 1 1 1 1 0 0 0 0 0 0 0 0 0 0 0 1 1 ]
L = [ 4 8 8 7 7 7 7 5 8 8 8 8 8 8 8 8 8 8 4 4 ]
l = [ 4 8 8 7 7 7 7 5 8 8 8 8 8 8 8 8 8 8 4 4 ]
Pmin = [ 35 80 80 77 77 77 77 53 94 94 94 94 94 94 94 94 94 94 39 39 ]
Pmax = [ 127 322 322 300 300 300 300 190 353 353 353 353 353 353 353 353 353 353 150 150 ]
cf = [ 37.4195 15.192 15.192 37.2047 37.2047 37.2047 37.2047 50.503 34.2128 34.2128 34.2128 34.2128 34.2128 34.2128 34.2128 34.2128 34.2128 34.2128 51.8432 51.8432 ]
c0 = [ 97 203 203 197 197 197 197 149 246 246 246 246 246 246 246 246 246 246 105 105 ]
cp = [ 29.9415 26.0483 26.0483 21.6093 21.6093 21.6093 21.6093 28.9431 11.8329 11.8329 11.8329 11.8329 11.8329 11.8329 11.8329 11.8329 11.8329 11.8329 35.4023 35.4023 ]
D = [ 1462 1729 1879 2355 2661 2986 3160 3622 3791 4255 4415 4891 5014 4676 4185 3787 3271 2743 3428 4104 4738 3967 3186 2477 1645 2075 2210 2504 3014 3315 3605 3891 4056 4498 4883 4963 5494 5025 4378 4002 3493 3140 3390 3974 4345 3742 3191 2457 1783 2129 2213 2592 2761 3068 3405 3803 3849 4160 4413 4828 4973 4557 4275 3743 3389 2961 3534 3962 4469 3672 2997 2305 1600 1698 2219 2459 2610 2998 3376 3561 4015 4281 4480 4735 5221 4562 4166 3640 3344 2821 3367 3829 4400 3808 2970 2191 ]
K = 6
nk = [ 1 2 2 3 3 3 3 4 5 5 5 5 5 5 5 5 5 5 6 6 ]
First = [ 1 1 0 1 0 0 0 1 1 0 0 0 0 0 0 0 0 0 1 0 ]
Last = [ 1 0 1 0 0 0 1 1 0 0 0 0 0 0 0 0 0 1 0 1 ]
nS = 20
S = [ 1 1 1 1 1 1 1 1 1 1 1 1 1 1 1 1 1 1 1 1 ]
