n = 20 ; 
T = 96 ; 
Init = [ 0 0 0 1 0 0 0 0 0 0 0 0 1 1 1 1 1 1 1 1 ]
L = [ 8 8 8 3 4 4 4 4 4 4 4 4 5 5 5 5 7 7 7 7 ]
l = [ 8 8 8 3 4 4 4 4 4 4 4 4 5 5 5 5 7 7 7 7 ]
Pmin = [ 89 89 89 27 31 31 31 31 31 31 31 31 56 56 56 56 70 70 70 70 ]
Pmax = [ 364 364 364 81 97 97 97 97 97 97 97 97 191 191 191 191 288 288 288 288 ]
cf = [ 40.199 40.199 40.199 56.2334 59.0841 59.0841 59.0841 59.0841 59.0841 59.0841 59.0841 59.0841 47.4063 47.4063 47.4063 47.4063 15.4313 15.4313 15.4313 15.4313 ]
c0 = [ 244 244 244 77 96 96 96 96 96 96 96 96 151 151 151 151 191 191 191 191 ]
cp = [ 15.5646 15.5646 15.5646 34.7844 28.2452 28.2452 28.2452 28.2452 28.2452 28.2452 28.2452 28.2452 37.5478 37.5478 37.5478 37.5478 25.0861 25.0861 25.0861 25.0861 ]
D = [ 890 1174 1294 1535 1697 1902 2067 2269 2480 2771 2895 3142 3387 3041 2794 2578 2273 1965 2229 2617 2964 2474 1933 1357 834 1071 1292 1448 1757 1864 2135 2292 2516 2788 2955 3114 3307 3033 2749 2537 2287 2059 2179 2415 2647 2310 1892 1474 1015 1096 1372 1442 1691 1915 2086 2234 2366 2642 2805 2846 3082 2809 2603 2457 2178 2038 2266 2693 2930 2415 1941 1537 1133 1306 1497 1719 1836 2077 2218 2538 2620 2888 3010 3193 3449 3113 2878 2595 2264 1940 2358 2711 2939 2508 1977 1458 ]
K = 5
nk = [ 1 1 1 2 3 3 3 3 3 3 3 3 4 4 4 4 5 5 5 5 ]
First = [ 1 0 0 1 1 0 0 0 0 0 0 0 1 0 0 0 1 0 0 0 ]
Last = [ 0 0 1 1 0 0 0 0 0 0 0 1 0 0 0 1 0 0 0 1 ]
nS = 20
S = [ 1 1 1 1 1 1 1 1 1 1 1 1 1 1 1 1 1 1 1 1 ]
