n = 20 ; 
T = 96 ; 
Init = [ 1 1 1 1 0 0 0 0 0 0 0 0 0 0 0 0 1 0 0 0 ]
L = [ 5 5 5 5 4 4 4 4 6 6 6 6 6 8 8 8 9 6 6 5 ]
l = [ 5 5 5 5 4 4 4 4 6 6 6 6 6 8 8 8 9 6 6 5 ]
Pmin = [ 48 48 48 48 40 40 40 40 65 65 65 65 65 91 91 91 97 57 57 53 ]
Pmax = [ 188 188 188 188 156 156 156 156 228 228 228 228 228 351 351 351 392 228 228 203 ]
cf = [ 20.9557 20.9557 20.9557 20.9557 38.0982 38.0982 38.0982 38.0982 53.2268 53.2268 53.2268 53.2268 53.2268 38.0056 38.0056 38.0056 64.2458 63.6329 63.6329 49.8381 ]
c0 = [ 144 144 144 144 106 106 106 106 167 167 167 167 167 230 230 230 250 157 157 145 ]
cp = [ 23.9099 23.9099 23.9099 23.9099 33.6939 33.6939 33.6939 33.6939 26.6972 26.6972 26.6972 26.6972 26.6972 20.3491 20.3491 20.3491 18.1966 21.2552 21.2552 27.4591 ]
D = [ 1069 1360 1612 1909 2135 2371 2501 2777 3058 3328 3496 3775 4005 3760 3259 2979 2604 2298 2700 2951 3389 2953 2356 1906 1442 1594 1715 1959 2116 2474 2514 2847 3089 3160 3343 3611 3789 3524 3294 2925 2709 2378 2868 3211 3586 3054 2378 1555 932 1117 1428 1751 1855 2207 2300 2559 2933 3157 3271 3512 3902 3548 3233 2920 2615 2394 2654 3177 3549 2894 2349 1638 930 1254 1472 1627 1840 2142 2348 2489 2832 3058 3334 3477 3764 3331 3098 2798 2528 2277 2651 2954 3431 2859 2250 1825 ]
K = 7
nk = [ 1 1 1 1 2 2 2 2 3 3 3 3 3 4 4 4 5 6 6 7 ]
First = [ 1 0 0 0 1 0 0 0 1 0 0 0 0 1 0 0 1 1 0 1 ]
Last = [ 0 0 0 1 0 0 0 1 0 0 0 0 1 0 0 1 1 0 1 1 ]
nS = 1
S = [ 0 0 0 0 0 0 0 0 0 0 0 0 0 0 0 0 0 0 0 0 ]
