n = 20 ; 
T = 96 ; 
Init = [ 0 0 0 0 0 0 0 0 0 0 0 0 0 0 0 1 1 1 1 1 ]
L = [ 7 7 7 7 7 8 8 8 8 8 8 8 8 8 8 9 9 9 9 9 ]
l = [ 7 7 7 7 7 8 8 8 8 8 8 8 8 8 8 9 9 9 9 9 ]
Pmin = [ 83 83 83 83 83 83 83 83 83 83 83 83 83 83 83 90 90 90 90 90 ]
Pmax = [ 325 325 325 325 325 335 335 335 335 335 335 335 335 335 335 360 360 360 360 360 ]
cf = [ 14.6515 14.6515 14.6515 14.6515 14.6515 8.226 8.226 8.226 8.226 8.226 8.226 8.226 8.226 8.226 8.226 42.2773 42.2773 42.2773 42.2773 42.2773 ]
c0 = [ 212 212 212 212 212 225 225 225 225 225 225 225 225 225 225 236 236 236 236 236 ]
cp = [ 20.8811 20.8811 20.8811 20.8811 20.8811 18.1844 18.1844 18.1844 18.1844 18.1844 18.1844 18.1844 18.1844 18.1844 18.1844 20.4276 20.4276 20.4276 20.4276 20.4276 ]
D = [ 1779 1878 2325 2615 3094 3240 3647 4098 4391 4738 4984 5379 5678 5162 4946 4390 3897 3522 3978 4642 5106 4222 3466 2631 2054 2228 2575 3057 3345 3649 4007 4378 4485 4961 5292 5684 5802 5369 4901 4366 3865 3530 3963 4545 5180 4360 3491 2661 1696 2046 2415 2837 3200 3447 3822 4155 4425 4838 5214 5625 6036 5372 5013 4385 4017 3615 3957 4455 4917 4236 3221 2647 1745 2041 2342 2783 3102 3209 3666 3887 4294 4467 4882 5357 5559 5037 4843 4401 3999 3385 3941 4504 4891 4243 3566 2626 ]
K = 3
nk = [ 1 1 1 1 1 2 2 2 2 2 2 2 2 2 2 3 3 3 3 3 ]
First = [ 1 0 0 0 0 1 0 0 0 0 0 0 0 0 0 1 0 0 0 0 ]
Last = [ 0 0 0 0 1 0 0 0 0 0 0 0 0 0 1 0 0 0 0 1 ]
nS = 20
S = [ 1 1 1 1 1 1 1 1 1 1 1 1 1 1 1 1 1 1 1 1 ]
