n = 20 ; 
T = 96 ; 
Init = [ 0 0 0 0 0 0 0 1 0 0 0 0 0 0 0 0 0 0 0 0 ]
L = [ 5 5 5 5 5 5 5 2 4 4 4 4 3 3 3 3 3 3 3 3 ]
l = [ 5 5 5 5 5 5 5 2 4 4 4 4 3 3 3 3 3 3 3 3 ]
Pmin = [ 44 44 44 44 44 44 44 26 35 35 35 35 24 24 24 24 24 24 24 24 ]
Pmax = [ 155 155 155 155 155 155 155 65 138 138 138 138 84 84 84 84 84 84 84 84 ]
cf = [ 55.035 55.035 55.035 55.035 55.035 55.035 55.035 19.8475 40.7829 40.7829 40.7829 40.7829 34.4962 34.4962 34.4962 34.4962 34.4962 34.4962 34.4962 34.4962 ]
c0 = [ 132 132 132 132 132 132 132 91 101 101 101 101 72 72 72 72 72 72 72 72 ]
cp = [ 25.1294 25.1294 25.1294 25.1294 25.1294 25.1294 25.1294 38.1778 29.9843 29.9843 29.9843 29.9843 36.7943 36.7943 36.7943 36.7943 36.7943 36.7943 36.7943 36.7943 ]
D = [ 736 794 943 1053 1175 1270 1380 1543 1669 1770 1812 2004 2097 1926 1707 1540 1291 1173 1374 1593 1781 1515 1220 903 588 697 885 974 1116 1203 1298 1418 1593 1641 1771 1930 1998 1813 1652 1540 1328 1192 1344 1624 1889 1577 1170 894 577 709 770 971 1077 1205 1335 1504 1609 1742 1873 2002 2147 1910 1770 1594 1374 1206 1406 1640 1892 1566 1167 864 483 622 781 838 1003 1139 1267 1431 1472 1639 1779 1918 1992 1848 1720 1553 1360 1240 1430 1551 1702 1388 1116 865 ]
K = 4
nk = [ 1 1 1 1 1 1 1 2 3 3 3 3 4 4 4 4 4 4 4 4 ]
First = [ 1 0 0 0 0 0 0 1 1 0 0 0 1 0 0 0 0 0 0 0 ]
Last = [ 0 0 0 0 0 0 1 1 0 0 0 1 0 0 0 0 0 0 0 1 ]
nS = 20
S = [ 1 1 1 1 1 1 1 1 1 1 1 1 1 1 1 1 1 1 1 1 ]
