n = 20 ; 
T = 96 ; 
Init = [ 1 1 1 1 1 1 1 1 1 1 1 1 1 1 0 0 0 0 0 0 ]
L = [ 7 7 7 7 3 3 3 3 3 3 3 3 3 3 4 4 4 4 4 4 ]
l = [ 7 7 7 7 3 3 3 3 3 3 3 3 3 3 4 4 4 4 4 4 ]
Pmin = [ 79 79 79 79 32 32 32 32 32 32 32 32 32 32 35 35 35 35 35 35 ]
Pmax = [ 298 298 298 298 93 93 93 93 93 93 93 93 93 93 120 120 120 120 120 120 ]
cf = [ 69.1856 69.1856 69.1856 69.1856 32.8147 32.8147 32.8147 32.8147 32.8147 32.8147 32.8147 32.8147 32.8147 32.8147 32.8383 32.8383 32.8383 32.8383 32.8383 32.8383 ]
c0 = [ 203 203 203 203 93 93 93 93 93 93 93 93 93 93 114 114 114 114 114 114 ]
cp = [ 21.03 21.03 21.03 21.03 39.4106 39.4106 39.4106 39.4106 39.4106 39.4106 39.4106 39.4106 39.4106 39.4106 32.1812 32.1812 32.1812 32.1812 32.1812 32.1812 ]
D = [ 687 815 928 1081 1208 1399 1494 1668 1746 1974 2027 2242 2381 2127 1998 1736 1657 1455 1694 1975 2279 1869 1610 1248 847 949 1149 1171 1362 1464 1588 1719 1891 1937 2122 2270 2345 2173 2001 1796 1561 1421 1627 1907 2037 1772 1375 977 631 808 914 1085 1221 1335 1458 1682 1792 1918 2074 2217 2287 2138 2019 1785 1544 1413 1701 1962 2257 1873 1540 1206 865 938 1040 1218 1371 1504 1679 1807 1922 2068 2167 2269 2430 2209 2032 1906 1638 1526 1775 1992 2221 1860 1499 1081 ]
K = 3
nk = [ 1 1 1 1 2 2 2 2 2 2 2 2 2 2 3 3 3 3 3 3 ]
First = [ 1 0 0 0 1 0 0 0 0 0 0 0 0 0 1 0 0 0 0 0 ]
Last = [ 0 0 0 1 0 0 0 0 0 0 0 0 0 1 0 0 0 0 0 1 ]
nS = 20
S = [ 1 1 1 1 1 1 1 1 1 1 1 1 1 1 1 1 1 1 1 1 ]
