n = 20 ; 
T = 96 ; 
Init = [ 0 0 0 0 0 0 1 1 1 1 1 1 1 1 1 1 1 1 1 1 ]
L = [ 3 3 3 3 3 3 2 2 2 2 2 2 2 2 2 2 9 9 9 9 ]
l = [ 3 3 3 3 3 3 2 2 2 2 2 2 2 2 2 2 9 9 9 9 ]
Pmin = [ 29 29 29 29 29 29 18 18 18 18 18 18 18 18 18 18 100 100 100 100 ]
Pmax = [ 79 79 79 79 79 79 31 31 31 31 31 31 31 31 31 31 405 405 405 405 ]
cf = [ 67.9081 67.9081 67.9081 67.9081 67.9081 67.9081 50.3616 50.3616 50.3616 50.3616 50.3616 50.3616 50.3616 50.3616 50.3616 50.3616 48.1598 48.1598 48.1598 48.1598 ]
c0 = [ 92 92 92 92 92 92 61 61 61 61 61 61 61 61 61 61 250 250 250 250 ]
cp = [ 35.5662 35.5662 35.5662 35.5662 35.5662 35.5662 41.3976 41.3976 41.3976 41.3976 41.3976 41.3976 41.3976 41.3976 41.3976 41.3976 15.4982 15.4982 15.4982 15.4982 ]
D = [ 696 780 908 1042 1154 1231 1381 1466 1540 1722 1760 1888 2058 1805 1689 1486 1361 1151 1321 1516 1776 1447 1127 876 592 690 778 906 1018 1126 1252 1423 1471 1664 1698 1815 1931 1816 1729 1510 1358 1245 1383 1600 1757 1423 1137 896 532 669 833 939 1047 1127 1228 1424 1514 1668 1700 1867 1939 1806 1710 1548 1375 1299 1429 1586 1787 1407 1092 790 541 670 774 880 1054 1144 1239 1373 1542 1713 1818 1925 2106 1850 1695 1478 1365 1190 1322 1561 1737 1485 1191 914 ]
K = 3
nk = [ 1 1 1 1 1 1 2 2 2 2 2 2 2 2 2 2 3 3 3 3 ]
First = [ 1 0 0 0 0 0 1 0 0 0 0 0 0 0 0 0 1 0 0 0 ]
Last = [ 0 0 0 0 0 1 0 0 0 0 0 0 0 0 0 1 0 0 0 1 ]
nS = 20
S = [ 1 1 1 1 1 1 1 1 1 1 1 1 1 1 1 1 1 1 1 1 ]
