n = 20 ; 
T = 96 ; 
Init = [ 1 1 1 1 1 1 1 1 1 1 1 1 1 1 1 1 1 1 1 1 ]
L = [ 5 5 5 5 5 5 5 5 5 7 7 7 7 7 7 7 7 7 7 7 ]
l = [ 5 5 5 5 5 5 5 5 5 7 7 7 7 7 7 7 7 7 7 7 ]
Pmin = [ 60 60 60 60 60 60 60 60 60 73 73 73 69 69 69 69 69 69 69 69 ]
Pmax = [ 216 216 216 216 216 216 216 216 216 283 283 283 272 272 272 272 272 272 272 272 ]
cf = [ 57.693 57.693 57.693 57.693 57.693 57.693 57.693 57.693 57.693 38.3812 38.3812 38.3812 65.2896 65.2896 65.2896 65.2896 65.2896 65.2896 65.2896 65.2896 ]
c0 = [ 172 172 172 172 172 172 172 172 172 201 201 201 177 177 177 177 177 177 177 177 ]
cp = [ 27.9221 27.9221 27.9221 27.9221 27.9221 27.9221 27.9221 27.9221 27.9221 18.7262 18.7262 18.7262 26.021 26.021 26.021 26.021 26.021 26.021 26.021 26.021 ]
D = [ 1139 1352 1664 1795 2152 2483 2770 3065 3283 3568 3825 3983 4409 3933 3710 3331 2893 2582 2954 3397 3801 3250 2754 1990 1354 1683 1840 2175 2345 2560 2782 3210 3441 3686 3862 4106 4337 3987 3575 3263 2835 2388 2745 3311 3570 2938 2477 1795 1065 1471 1673 1929 2253 2353 2739 3038 3120 3497 3787 3876 4189 3860 3516 3029 2659 2375 2844 3214 3710 3076 2435 1834 1112 1322 1666 1844 2202 2548 2796 2999 3278 3571 3802 4004 4334 3959 3581 3114 2764 2467 2824 3184 3733 3193 2584 1916 ]
K = 3
nk = [ 1 1 1 1 1 1 1 1 1 2 2 2 3 3 3 3 3 3 3 3 ]
First = [ 1 0 0 0 0 0 0 0 0 1 0 0 1 0 0 0 0 0 0 0 ]
Last = [ 0 0 0 0 0 0 0 0 1 0 0 1 0 0 0 0 0 0 0 1 ]
nS = 20
S = [ 1 1 1 1 1 1 1 1 1 1 1 1 1 1 1 1 1 1 1 1 ]
