n = 20 ; 
T = 96 ; 
Init = [ 0 0 0 0 0 0 0 0 0 0 1 1 1 1 1 1 1 1 1 1 ]
L = [ 2 2 2 2 2 2 2 2 2 2 4 4 4 4 4 9 9 9 9 9 ]
l = [ 2 2 2 2 2 2 2 2 2 2 4 4 4 4 4 9 9 9 9 9 ]
Pmin = [ 23 23 23 23 23 13 13 13 13 13 40 40 40 40 40 92 92 92 92 92 ]
Pmax = [ 69 69 69 69 69 40 40 40 40 40 147 147 147 147 147 357 357 357 357 357 ]
cf = [ 56.9038 56.9038 56.9038 56.9038 56.9038 10.6264 10.6264 10.6264 10.6264 10.6264 48.1184 48.1184 48.1184 48.1184 48.1184 18.1573 18.1573 18.1573 18.1573 18.1573 ]
c0 = [ 82 82 82 82 82 43 43 43 43 43 116 116 116 116 116 233 233 233 233 233 ]
cp = [ 36.0323 36.0323 36.0323 36.0323 36.0323 40.6876 40.6876 40.6876 40.6876 40.6876 33.7827 33.7827 33.7827 33.7827 33.7827 25.2767 25.2767 25.2767 25.2767 25.2767 ]
D = [ 808 947 1180 1342 1418 1586 1763 1872 1990 2232 2292 2535 2672 2396 2193 1905 1743 1565 1733 1940 2217 1843 1529 1208 914 1032 1188 1343 1423 1592 1674 1895 1970 2134 2325 2370 2568 2394 2091 1902 1749 1506 1826 2043 2299 1928 1523 1079 694 782 942 1143 1372 1550 1693 1831 1953 2181 2378 2527 2685 2386 2192 1971 1690 1506 1703 1995 2254 1911 1577 1122 731 908 1157 1232 1400 1560 1695 1873 2007 2235 2366 2560 2694 2416 2210 2012 1776 1585 1785 1919 2231 1764 1445 1087 ]
K = 4
nk = [ 1 1 1 1 1 2 2 2 2 2 3 3 3 3 3 4 4 4 4 4 ]
First = [ 1 0 0 0 0 1 0 0 0 0 1 0 0 0 0 1 0 0 0 0 ]
Last = [ 0 0 0 0 1 0 0 0 0 1 0 0 0 0 1 0 0 0 0 1 ]
nS = 1
S = [ 0 0 0 0 0 0 0 0 0 0 0 0 0 0 0 0 0 0 0 0 ]
