n = 20 ; 
T = 96 ; 
Init = [ 1 0 0 0 0 0 0 0 0 0 0 0 0 0 0 0 0 1 1 1 ]
L = [ 5 9 9 9 9 9 9 9 9 9 9 9 9 9 9 9 9 6 6 6 ]
l = [ 5 9 9 9 9 9 9 9 9 9 9 9 9 9 9 9 9 6 6 6 ]
Pmin = [ 52 90 90 90 90 90 90 90 90 90 90 88 88 88 88 88 88 64 64 64 ]
Pmax = [ 206 350 350 350 350 350 350 350 350 350 350 357 357 357 357 357 357 251 251 251 ]
cf = [ 12.4224 16.4289 16.4289 16.4289 16.4289 16.4289 16.4289 16.4289 16.4289 16.4289 16.4289 21.9432 21.9432 21.9432 21.9432 21.9432 21.9432 40.9277 40.9277 40.9277 ]
c0 = [ 148 243 243 243 243 243 243 243 243 243 243 234 234 234 234 234 234 179 179 179 ]
cp = [ 26.1729 10.7631 10.7631 10.7631 10.7631 10.7631 10.7631 10.7631 10.7631 10.7631 10.7631 20.6259 20.6259 20.6259 20.6259 20.6259 20.6259 26.3037 26.3037 26.3037 ]
D = [ 1368 1555 1992 2316 2682 2960 3370 3753 4054 4544 4774 4978 5404 5015 4606 4211 3721 3362 3900 4462 4844 4256 3382 2762 2098 2376 2615 2759 3131 3349 3780 4085 4370 4576 5102 5268 5625 5291 4818 4223 3904 3458 4068 4558 5141 4336 3495 2763 1719 2117 2506 2652 2989 3485 3702 3956 4319 4804 5042 5310 5756 5036 4537 4246 3737 3062 3780 4419 5202 4316 3444 2784 1730 2244 2438 2889 3205 3488 3953 4180 4621 5018 5287 5626 5940 5269 4847 4321 3652 3177 3884 4546 5359 4441 3358 2525 ]
K = 4
nk = [ 1 2 2 2 2 2 2 2 2 2 2 3 3 3 3 3 3 4 4 4 ]
First = [ 1 1 0 0 0 0 0 0 0 0 0 1 0 0 0 0 0 1 0 0 ]
Last = [ 1 0 0 0 0 0 0 0 0 0 1 0 0 0 0 0 1 0 0 1 ]
nS = 20
S = [ 1 1 1 1 1 1 1 1 1 1 1 1 1 1 1 1 1 1 1 1 ]
