n = 20 ; 
T = 96 ; 
Init = [ 1 1 0 0 0 0 0 0 0 0 0 1 1 1 1 0 0 0 0 0 ]
L = [ 9 9 6 6 6 6 6 6 9 9 9 4 4 4 4 5 5 5 9 9 ]
l = [ 9 9 6 6 6 6 6 6 9 9 9 4 4 4 4 5 5 5 9 9 ]
Pmin = [ 100 100 61 61 61 61 61 61 100 100 100 34 34 34 34 44 44 44 88 88 ]
Pmax = [ 405 405 231 231 231 231 231 231 420 420 420 108 108 108 108 177 177 177 365 365 ]
cf = [ 18.9403 18.9403 52.3856 52.3856 52.3856 52.3856 52.3856 52.3856 56.8135 56.8135 56.8135 64.6566 64.6566 64.6566 64.6566 23.3963 23.3963 23.3963 49.3608 49.3608 ]
c0 = [ 250 250 168 168 168 168 168 168 250 250 250 108 108 108 108 126 126 126 239 239 ]
cp = [ 11.4561 11.4561 29.08 29.08 29.08 29.08 29.08 29.08 10.7884 10.7884 10.7884 36.3365 36.3365 36.3365 36.3365 35.5848 35.5848 35.5848 12.4513 12.4513 ]
D = [ 1448 1796 1963 2145 2550 2745 2964 3272 3482 3726 4106 4400 4489 4214 3731 3290 3011 2661 3095 3581 4003 3314 2678 1777 1158 1371 1706 1985 2105 2568 2786 3047 3263 3529 3945 4146 4532 4110 3680 3311 2799 2528 2881 3433 3701 3135 2497 1725 970 1285 1552 1968 2132 2603 2859 3000 3409 3646 3929 4324 4491 4188 3769 3394 2841 2441 2772 3373 3730 3172 2394 1853 1345 1469 1745 2009 2314 2714 2849 3127 3490 3680 4075 4382 4564 4176 3884 3299 2913 2667 3071 3621 4211 3439 2776 2250 ]
K = 6
nk = [ 1 1 2 2 2 2 2 2 3 3 3 4 4 4 4 5 5 5 6 6 ]
First = [ 1 0 1 0 0 0 0 0 1 0 0 1 0 0 0 1 0 0 1 0 ]
Last = [ 0 1 0 0 0 0 0 1 0 0 1 0 0 0 1 0 0 1 0 1 ]
nS = 1
S = [ 0 0 0 0 0 0 0 0 0 0 0 0 0 0 0 0 0 0 0 0 ]
