n = 20 ; 
T = 96 ; 
Init = [ 1 1 1 1 1 1 1 1 1 0 0 0 0 0 0 0 0 1 1 1 ]
L = [ 8 8 8 9 9 9 5 5 5 8 8 8 8 8 8 8 8 9 9 9 ]
l = [ 8 8 8 9 9 9 5 5 5 8 8 8 8 8 8 8 8 9 9 9 ]
Pmin = [ 83 83 83 100 100 100 48 48 48 81 81 81 91 91 91 91 91 90 90 90 ]
Pmax = [ 340 340 340 390 390 390 171 171 171 317 317 317 344 344 344 344 344 376 376 376 ]
cf = [ 25.8865 25.8865 25.8865 43.3051 43.3051 43.3051 62.608 62.608 62.608 27.2096 27.2096 27.2096 33.5479 33.5479 33.5479 33.5479 33.5479 19.4041 19.4041 19.4041 ]
c0 = [ 217 217 217 250 250 250 144 144 144 218 218 218 239 239 239 239 239 233 233 233 ]
cp = [ 24.7011 24.7011 24.7011 20.8132 20.8132 20.8132 21.0516 21.0516 21.0516 14.6041 14.6041 14.6041 13.1707 13.1707 13.1707 13.1707 13.1707 16.4132 16.4132 16.4132 ]
D = [ 1935 2318 2425 2855 3191 3508 3822 3970 4367 4535 4969 5307 5393 5045 4478 4200 3644 3242 3709 4347 4751 3978 3303 2320 1663 1987 2206 2544 2938 3290 3408 3822 4191 4422 4676 4917 5286 4820 4350 4062 3481 3184 3616 4429 4925 4112 3444 2803 2051 2267 2597 2742 3132 3235 3468 3904 4080 4421 4661 5022 5311 4814 4566 3913 3660 3319 3737 4318 4976 3998 3387 2410 1645 2065 2286 2708 2924 3276 3554 3859 4169 4349 4815 4933 5338 4947 4396 4018 3778 3232 3880 4318 4792 3862 3060 2235 ]
K = 6
nk = [ 1 1 1 2 2 2 3 3 3 4 4 4 5 5 5 5 5 6 6 6 ]
First = [ 1 0 0 1 0 0 1 0 0 1 0 0 1 0 0 0 0 1 0 0 ]
Last = [ 0 0 1 0 0 1 0 0 1 0 0 1 0 0 0 0 1 0 0 1 ]
nS = 1
S = [ 0 0 0 0 0 0 0 0 0 0 0 0 0 0 0 0 0 0 0 0 ]
