n = 20 ; 
T = 96 ; 
Init = [ 0 0 0 0 0 0 1 1 1 1 1 1 1 1 1 1 1 1 1 1 ]
L = [ 9 9 9 9 9 9 4 4 4 8 8 8 8 8 8 8 6 6 9 9 ]
l = [ 9 9 9 9 9 9 4 4 4 8 8 8 8 8 8 8 6 6 9 9 ]
Pmin = [ 96 96 96 96 96 96 49 49 49 80 80 80 80 80 80 80 64 64 100 100 ]
Pmax = [ 372 372 372 372 372 372 165 165 165 329 329 329 329 329 329 329 238 238 390 390 ]
cf = [ 10.8983 10.8983 10.8983 10.8983 10.8983 10.8983 11.8973 11.8973 11.8973 12.7936 12.7936 12.7936 12.7936 12.7936 12.7936 12.7936 55.3949 55.3949 19.6964 19.6964 ]
c0 = [ 250 250 250 250 250 250 132 132 132 218 218 218 218 218 218 218 178 178 250 250 ]
cp = [ 10.672 10.672 10.672 10.672 10.672 10.672 33.2789 33.2789 33.2789 16.4856 16.4856 16.4856 16.4856 16.4856 16.4856 16.4856 30.5868 30.5868 11.2188 11.2188 ]
D = [ 1496 1849 2263 2652 2803 3121 3601 3756 4078 4476 4741 5109 5290 4988 4364 4024 3611 3241 3816 4202 4845 3910 3248 2510 1457 1904 2302 2492 2790 3266 3547 3853 4245 4622 4938 5166 5496 5046 4573 3972 3594 2974 3758 4305 4786 3952 3138 2327 1528 1922 2192 2514 2727 3111 3404 3514 3851 4122 4549 4684 4943 4578 4274 3884 3290 2880 3613 4150 4922 3941 3202 2307 1705 1843 2248 2585 2956 3144 3407 3874 4067 4403 4668 5096 5319 4935 4585 4100 3565 3231 3688 4027 4453 3970 3100 2469 ]
K = 5
nk = [ 1 1 1 1 1 1 2 2 2 3 3 3 3 3 3 3 4 4 5 5 ]
First = [ 1 0 0 0 0 0 1 0 0 1 0 0 0 0 0 0 1 0 1 0 ]
Last = [ 0 0 0 0 0 1 0 0 1 0 0 0 0 0 0 1 0 1 0 1 ]
nS = 20
S = [ 1 1 1 1 1 1 1 1 1 1 1 1 1 1 1 1 1 1 1 1 ]
