n = 20 ; 
T = 96 ; 
Init = [ 1 1 1 1 1 1 1 1 1 0 0 0 0 0 0 0 0 0 0 1 ]
L = [ 6 6 6 6 6 6 6 6 6 6 6 6 6 6 6 6 6 6 6 9 ]
l = [ 6 6 6 6 6 6 6 6 6 6 6 6 6 6 6 6 6 6 6 9 ]
Pmin = [ 73 73 73 73 73 73 73 73 73 63 63 63 63 63 63 63 63 63 63 86 ]
Pmax = [ 275 275 275 275 275 275 275 275 275 228 228 228 228 228 228 228 228 228 228 354 ]
cf = [ 64.7225 64.7225 64.7225 64.7225 64.7225 64.7225 64.7225 64.7225 64.7225 20.9332 20.9332 20.9332 20.9332 20.9332 20.9332 20.9332 20.9332 20.9332 20.9332 58.1758 ]
c0 = [ 191 191 191 191 191 191 191 191 191 169 169 169 169 169 169 169 169 169 169 226 ]
cp = [ 28.2083 28.2083 28.2083 28.2083 28.2083 28.2083 28.2083 28.2083 28.2083 29.4082 29.4082 29.4082 29.4082 29.4082 29.4082 29.4082 29.4082 29.4082 29.4082 30.0128 ]
D = [ 1403 1729 1911 2105 2296 2615 2794 3047 3282 3545 3778 3943 4253 3992 3601 3165 2883 2527 2905 3362 3854 3081 2498 1753 1156 1525 1643 2078 2189 2471 2656 3055 3281 3485 3883 4137 4339 3852 3569 3245 2918 2545 2920 3420 4063 3375 2643 2033 1482 1683 1892 2167 2433 2615 2949 3240 3351 3621 3882 4144 4352 3974 3547 3192 2887 2489 2724 3168 3632 2891 2296 1709 1051 1367 1597 1925 2205 2466 2612 3033 3178 3576 3863 4034 4243 3932 3655 3261 2912 2466 2963 3412 3832 3291 2518 1913 ]
K = 3
nk = [ 1 1 1 1 1 1 1 1 1 2 2 2 2 2 2 2 2 2 2 3 ]
First = [ 1 0 0 0 0 0 0 0 0 1 0 0 0 0 0 0 0 0 0 1 ]
Last = [ 0 0 0 0 0 0 0 0 1 0 0 0 0 0 0 0 0 0 1 1 ]
nS = 20
S = [ 1 1 1 1 1 1 1 1 1 1 1 1 1 1 1 1 1 1 1 1 ]
