n = 30 ; 
T = 48 ; 
Init = [ 0 0 0 0 1 1 1 1 1 1 1 1 1 1 1 1 1 1 1 1 1 1 1 1 1 1 1 1 0 0 ]
L = [ 6 6 6 6 6 6 6 6 6 6 6 6 5 4 4 4 4 4 5 5 5 5 5 5 5 5 5 5 7 7 ]
l = [ 6 6 6 6 6 6 6 6 6 6 6 6 5 4 4 4 4 4 5 5 5 5 5 5 5 5 5 5 7 7 ]
Pmin = [ 62 62 62 62 69 69 69 69 69 69 69 69 49 40 40 40 40 40 57 57 57 57 57 57 57 57 57 57 70 70 ]
Pmax = [ 233 233 233 233 243 243 243 243 243 243 243 243 166 135 135 135 135 135 216 216 216 216 216 216 216 216 216 216 273 273 ]
cf = [ 12.2553 12.2553 12.2553 12.2553 49.7813 49.7813 49.7813 49.7813 49.7813 49.7813 49.7813 49.7813 38.7853 32.5964 32.5964 32.5964 32.5964 32.5964 53.1254 53.1254 53.1254 53.1254 53.1254 53.1254 53.1254 53.1254 53.1254 53.1254 43.7016 43.7016 ]
c0 = [ 165 165 165 165 185 185 185 185 185 185 185 185 135 107 107 107 107 107 149 149 149 149 149 149 149 149 149 149 195 195 ]
cp = [ 15.9092 15.9092 15.9092 15.9092 26.778 26.778 26.778 26.778 26.778 26.778 26.778 26.778 29.7994 28.0988 28.0988 28.0988 28.0988 28.0988 30.0361 30.0361 30.0361 30.0361 30.0361 30.0361 30.0361 30.0361 30.0361 30.0361 13.768 13.768 ]
D = [ 1824 2226 2477 2769 2933 3369 3490 3911 4125 4547 4821 5028 5311 4799 4389 4003 3588 3217 3684 4230 4929 4190 3450 2559 1831 2125 2315 2671 2922 3108 3592 3726 3996 4349 4660 5057 5132 4891 4298 3849 3395 3126 3814 4285 4986 4079 3366 2300 ]
K = 6
nk = [ 1 1 1 1 2 2 2 2 2 2 2 2 3 4 4 4 4 4 5 5 5 5 5 5 5 5 5 5 6 6 ]
First = [ 1 0 0 0 1 0 0 0 0 0 0 0 1 1 0 0 0 0 1 0 0 0 0 0 0 0 0 0 1 0 ]
Last = [ 0 0 0 1 0 0 0 0 0 0 0 1 1 0 0 0 0 1 0 0 0 0 0 0 0 0 0 1 0 1 ]
nS = 30
S = [ 1 1 1 1 1 1 1 1 1 1 1 1 1 1 1 1 1 1 1 1 1 1 1 1 1 1 1 1 1 1 ]
