n = 30 ; 
T = 48 ; 
Init = [ 1 1 1 1 0 0 0 0 0 0 0 0 0 0 0 1 1 1 1 1 1 1 1 1 1 1 0 0 1 1 ]
L = [ 2 2 2 2 5 5 5 5 5 5 5 5 5 5 5 9 9 9 9 9 9 9 9 9 9 9 3 3 8 8 ]
l = [ 2 2 2 2 5 5 5 5 5 5 5 5 5 5 5 9 9 9 9 9 9 9 9 9 9 9 3 3 8 8 ]
Pmin = [ 15 15 15 15 58 58 58 58 58 58 58 58 58 58 58 99 99 99 99 99 99 99 99 99 99 99 32 32 75 75 ]
Pmax = [ 23 23 23 23 214 214 214 214 214 214 214 214 214 214 214 379 379 379 379 379 379 379 379 379 379 379 107 107 307 307 ]
cf = [ 10.691 10.691 10.691 10.691 55.0793 55.0793 55.0793 55.0793 55.0793 55.0793 55.0793 55.0793 55.0793 55.0793 55.0793 66.4646 66.4646 66.4646 66.4646 66.4646 66.4646 66.4646 66.4646 66.4646 66.4646 66.4646 41.2983 41.2983 18.0771 18.0771 ]
c0 = [ 59 59 59 59 150 150 150 150 150 150 150 150 150 150 150 250 250 250 250 250 250 250 250 250 250 250 96 96 200 200 ]
cp = [ 41.7304 41.7304 41.7304 41.7304 30.6381 30.6381 30.6381 30.6381 30.6381 30.6381 30.6381 30.6381 30.6381 30.6381 30.6381 13.3827 13.3827 13.3827 13.3827 13.3827 13.3827 13.3827 13.3827 13.3827 13.3827 13.3827 41.4541 41.4541 19.5764 19.5764 ]
D = [ 1828 2391 2550 3080 3382 3827 4071 4344 4946 5277 5599 6003 6424 5842 5290 4649 4290 3754 4339 4812 5328 4245 3485 2427 1508 1869 2273 2620 3069 3336 3914 4141 4582 5065 5228 5631 6067 5666 4927 4699 3964 3397 4140 4794 5411 4429 3697 2778 ]
K = 5
nk = [ 1 1 1 1 2 2 2 2 2 2 2 2 2 2 2 3 3 3 3 3 3 3 3 3 3 3 4 4 5 5 ]
First = [ 1 0 0 0 1 0 0 0 0 0 0 0 0 0 0 1 0 0 0 0 0 0 0 0 0 0 1 0 1 0 ]
Last = [ 0 0 0 1 0 0 0 0 0 0 0 0 0 0 1 0 0 0 0 0 0 0 0 0 0 1 0 1 0 1 ]
nS = 30
S = [ 1 1 1 1 1 1 1 1 1 1 1 1 1 1 1 1 1 1 1 1 1 1 1 1 1 1 1 1 1 1 ]
