n = 30 ; 
T = 48 ; 
Init = [ 0 0 0 0 0 0 0 0 0 0 0 0 0 1 1 1 1 1 1 1 1 1 1 1 1 0 0 0 0 0 ]
L = [ 5 5 5 5 5 5 5 5 5 5 5 5 5 7 7 7 7 7 7 7 7 7 7 7 7 9 9 9 9 9 ]
l = [ 5 5 5 5 5 5 5 5 5 5 5 5 5 7 7 7 7 7 7 7 7 7 7 7 7 9 9 9 9 9 ]
Pmin = [ 51 51 51 51 51 51 51 51 51 51 51 51 51 69 69 69 69 69 69 69 69 69 69 69 69 96 96 96 96 96 ]
Pmax = [ 189 189 189 189 189 189 189 189 189 189 189 189 189 282 282 282 282 282 282 282 282 282 282 282 282 381 381 381 381 381 ]
cf = [ 59.3435 59.3435 59.3435 59.3435 59.3435 59.3435 59.3435 59.3435 59.3435 59.3435 59.3435 59.3435 59.3435 36.7293 36.7293 36.7293 36.7293 36.7293 36.7293 36.7293 36.7293 36.7293 36.7293 36.7293 36.7293 40.0604 40.0604 40.0604 40.0604 40.0604 ]
c0 = [ 151 151 151 151 151 151 151 151 151 151 151 151 151 179 179 179 179 179 179 179 179 179 179 179 179 246 246 246 246 246 ]
cp = [ 26.9952 26.9952 26.9952 26.9952 26.9952 26.9952 26.9952 26.9952 26.9952 26.9952 26.9952 26.9952 26.9952 24.8416 24.8416 24.8416 24.8416 24.8416 24.8416 24.8416 24.8416 24.8416 24.8416 24.8416 24.8416 11.4692 11.4692 11.4692 11.4692 11.4692 ]
D = [ 2226 2404 2945 3119 3443 3826 4297 4740 4891 5282 5803 6179 6250 5922 5213 4742 4328 3818 4315 5060 5666 4990 3980 3237 2375 2531 3142 3274 3924 4042 4452 4818 5361 5546 6017 6284 6634 6223 5614 5258 4661 4103 4762 5393 6219 4937 4107 3057 ]
K = 3
nk = [ 1 1 1 1 1 1 1 1 1 1 1 1 1 2 2 2 2 2 2 2 2 2 2 2 2 3 3 3 3 3 ]
First = [ 1 0 0 0 0 0 0 0 0 0 0 0 0 1 0 0 0 0 0 0 0 0 0 0 0 1 0 0 0 0 ]
Last = [ 0 0 0 0 0 0 0 0 0 0 0 0 1 0 0 0 0 0 0 0 0 0 0 0 1 0 0 0 0 1 ]
nS = 30
S = [ 1 1 1 1 1 1 1 1 1 1 1 1 1 1 1 1 1 1 1 1 1 1 1 1 1 1 1 1 1 1 ]
