n = 30 ; 
T = 48 ; 
Init = [ 0 0 0 0 0 1 1 1 1 1 1 1 1 1 0 0 0 1 1 1 1 1 1 1 1 1 0 0 1 1 ]
L = [ 8 8 8 8 8 7 8 8 8 8 8 8 8 8 5 5 3 6 6 6 6 6 6 6 6 6 9 9 8 8 ]
l = [ 8 8 8 8 8 7 8 8 8 8 8 8 8 8 5 5 3 6 6 6 6 6 6 6 6 6 9 9 8 8 ]
Pmin = [ 91 91 91 91 91 88 88 88 88 88 88 88 88 88 52 52 27 64 64 64 64 64 64 64 64 64 99 99 85 85 ]
Pmax = [ 356 356 356 356 356 328 344 344 344 344 344 344 344 344 192 192 100 222 222 222 222 222 222 222 222 222 411 411 323 323 ]
cf = [ 54.382 54.382 54.382 54.382 54.382 16.0986 36.8653 36.8653 36.8653 36.8653 36.8653 36.8653 36.8653 36.8653 31.4772 31.4772 10.9533 60.003 60.003 60.003 60.003 60.003 60.003 60.003 60.003 60.003 12.1431 12.1431 68.1891 68.1891 ]
c0 = [ 235 235 235 235 235 240 236 236 236 236 236 236 236 236 156 156 83 178 178 178 178 178 178 178 178 178 250 250 224 224 ]
cp = [ 11.8036 11.8036 11.8036 11.8036 11.8036 23.0157 17.0745 17.0745 17.0745 17.0745 17.0745 17.0745 17.0745 17.0745 31.4105 31.4105 34.7398 34.6235 34.6235 34.6235 34.6235 34.6235 34.6235 34.6235 34.6235 34.6235 10.6678 10.6678 17.3023 17.3023 ]
D = [ 2619 2700 3211 3814 4009 4619 5022 5304 5633 6031 6605 6906 7424 6808 6153 5544 5032 4664 5141 5945 6415 5419 4593 3583 2626 3075 3372 3867 4072 4571 4858 5272 5772 6292 6633 7129 7469 6702 6309 5554 5010 4535 5114 5697 6413 5356 4322 3172 ]
K = 8
nk = [ 1 1 1 1 1 2 3 3 3 3 3 3 3 3 4 4 5 6 6 6 6 6 6 6 6 6 7 7 8 8 ]
First = [ 1 0 0 0 0 1 1 0 0 0 0 0 0 0 1 0 1 1 0 0 0 0 0 0 0 0 1 0 1 0 ]
Last = [ 0 0 0 0 1 1 0 0 0 0 0 0 0 1 0 1 1 0 0 0 0 0 0 0 0 1 0 1 0 1 ]
nS = 30
S = [ 1 1 1 1 1 1 1 1 1 1 1 1 1 1 1 1 1 1 1 1 1 1 1 1 1 1 1 1 1 1 ]
