n = 30 ; 
T = 48 ; 
Init = [ 0 1 1 1 0 0 0 1 1 1 1 0 0 0 0 0 0 0 0 0 0 0 0 0 0 0 0 0 0 0 ]
L = [ 6 2 2 2 4 4 4 4 4 4 4 9 9 9 9 9 9 9 9 9 9 8 8 8 8 3 3 3 3 3 ]
l = [ 6 2 2 2 4 4 4 4 4 4 4 9 9 9 9 9 9 9 9 9 9 8 8 8 8 3 3 3 3 3 ]
Pmin = [ 62 23 23 23 28 28 28 49 49 49 49 93 93 93 93 93 93 93 93 93 93 91 91 91 91 31 31 31 31 31 ]
Pmax = [ 224 52 52 52 104 104 104 169 169 169 169 366 366 366 366 366 366 366 366 366 366 361 361 361 361 100 100 100 100 100 ]
cf = [ 33.4535 39.0773 39.0773 39.0773 20.0791 20.0791 20.0791 51.9462 51.9462 51.9462 51.9462 45.7933 45.7933 45.7933 45.7933 45.7933 45.7933 45.7933 45.7933 45.7933 45.7933 15.0572 15.0572 15.0572 15.0572 47.1147 47.1147 47.1147 47.1147 47.1147 ]
c0 = [ 160 69 69 69 84 84 84 131 131 131 131 250 250 250 250 250 250 250 250 250 250 249 249 249 249 99 99 99 99 99 ]
cp = [ 29.1988 41.7001 41.7001 41.7001 30.1194 30.1194 30.1194 27.9079 27.9079 27.9079 27.9079 13.5407 13.5407 13.5407 13.5407 13.5407 13.5407 13.5407 13.5407 13.5407 13.5407 16.6863 16.6863 16.6863 16.6863 35.598 35.598 35.598 35.598 35.598 ]
D = [ 1584 2053 2397 2727 3024 3456 3822 4094 4437 4896 5291 5532 6040 5379 4818 4515 3928 3447 4223 4894 5535 4724 3695 2844 1894 2345 2613 2893 3327 3564 4060 4286 4808 5215 5423 5764 6206 5673 5260 4656 4076 3597 3974 4482 5106 4279 3273 2303 ]
K = 7
nk = [ 1 2 2 2 3 3 3 4 4 4 4 5 5 5 5 5 5 5 5 5 5 6 6 6 6 7 7 7 7 7 ]
First = [ 1 1 0 0 1 0 0 1 0 0 0 1 0 0 0 0 0 0 0 0 0 1 0 0 0 1 0 0 0 0 ]
Last = [ 1 0 0 1 0 0 1 0 0 0 1 0 0 0 0 0 0 0 0 0 1 0 0 0 1 0 0 0 0 1 ]
nS = 30
S = [ 1 1 1 1 1 1 1 1 1 1 1 1 1 1 1 1 1 1 1 1 1 1 1 1 1 1 1 1 1 1 ]
