n = 30 ; 
T = 48 ; 
Init = [ 0 0 0 0 0 0 0 0 0 0 0 0 0 0 0 0 0 0 0 1 1 1 1 1 1 1 1 1 1 1 ]
L = [ 2 2 2 2 2 5 8 8 8 8 8 8 8 8 6 6 6 6 6 2 2 2 2 2 2 2 2 2 2 10 ]
l = [ 2 2 2 2 2 5 8 8 8 8 8 8 8 8 6 6 6 6 6 2 2 2 2 2 2 2 2 2 2 10 ]
Pmin = [ 18 18 18 18 18 49 89 89 89 89 89 89 89 89 61 61 61 61 61 21 21 21 21 21 21 21 21 21 21 100 ]
Pmax = [ 46 46 46 46 46 181 342 342 342 342 342 342 342 342 231 231 231 231 231 48 48 48 48 48 48 48 48 48 48 420 ]
cf = [ 48.8537 48.8537 48.8537 48.8537 48.8537 15.7094 57.741 57.741 57.741 57.741 57.741 57.741 57.741 57.741 45.9179 45.9179 45.9179 45.9179 45.9179 66.9958 66.9958 66.9958 66.9958 66.9958 66.9958 66.9958 66.9958 66.9958 66.9958 20.172 ]
c0 = [ 57 57 57 57 57 147 244 244 244 244 244 244 244 244 176 176 176 176 176 70 70 70 70 70 70 70 70 70 70 250 ]
cp = [ 37.0345 37.0345 37.0345 37.0345 37.0345 32.3139 17.2384 17.2384 17.2384 17.2384 17.2384 17.2384 17.2384 17.2384 15.2321 15.2321 15.2321 15.2321 15.2321 35.8871 35.8871 35.8871 35.8871 35.8871 35.8871 35.8871 35.8871 35.8871 35.8871 9.49319 ]
D = [ 1401 1747 1964 2093 2508 2702 2939 3294 3516 3790 4033 4205 4458 4004 3725 3313 2977 2665 3037 3353 3879 3146 2480 1908 1331 1482 1674 2037 2153 2431 2749 3016 3279 3492 3729 4014 4219 4006 3507 3246 2903 2558 3145 3674 4144 3453 2705 1874 ]
K = 6
nk = [ 1 1 1 1 1 2 3 3 3 3 3 3 3 3 4 4 4 4 4 5 5 5 5 5 5 5 5 5 5 6 ]
First = [ 1 0 0 0 0 1 1 0 0 0 0 0 0 0 1 0 0 0 0 1 0 0 0 0 0 0 0 0 0 1 ]
Last = [ 0 0 0 0 1 1 0 0 0 0 0 0 0 1 0 0 0 0 1 0 0 0 0 0 0 0 0 0 1 1 ]
nS = 30
S = [ 1 1 1 1 1 1 1 1 1 1 1 1 1 1 1 1 1 1 1 1 1 1 1 1 1 1 1 1 1 1 ]
