n = 30 ; 
T = 48 ; 
Init = [ 1 1 0 0 0 0 0 0 0 1 1 1 0 0 0 0 0 0 0 0 0 0 0 0 0 0 0 0 0 0 ]
L = [ 2 2 6 6 6 6 6 6 6 3 3 3 5 9 9 9 9 5 5 5 5 5 5 5 5 5 5 5 7 7 ]
l = [ 2 2 6 6 6 6 6 6 6 3 3 3 5 9 9 9 9 5 5 5 5 5 5 5 5 5 5 5 7 7 ]
Pmin = [ 14 14 66 66 66 66 66 66 66 26 26 26 49 96 96 96 96 43 43 43 43 43 58 58 58 58 58 58 76 74 ]
Pmax = [ 28 28 242 242 242 242 242 242 242 68 68 68 169 373 373 373 373 159 159 159 159 159 200 200 200 200 200 200 311 304 ]
cf = [ 26.6344 26.6344 57.3042 57.3042 57.3042 57.3042 57.3042 57.3042 57.3042 55.9282 55.9282 55.9282 35.0386 24.0592 24.0592 24.0592 24.0592 56.1251 56.1251 56.1251 56.1251 56.1251 27.0057 27.0057 27.0057 27.0057 27.0057 27.0057 7.74341 50.939 ]
c0 = [ 60 60 173 173 173 173 173 173 173 77 77 77 139 241 241 241 241 132 132 132 132 132 166 166 166 166 166 166 213 189 ]
cp = [ 41.4158 41.4158 26.3067 26.3067 26.3067 26.3067 26.3067 26.3067 26.3067 40.0134 40.0134 40.0134 31.4219 12.7508 12.7508 12.7508 12.7508 27.4302 27.4302 27.4302 27.4302 27.4302 24.6253 24.6253 24.6253 24.6253 24.6253 24.6253 19.991 16.6521 ]
D = [ 1484 1736 2202 2386 2808 2935 3258 3578 3899 4244 4516 4817 5147 4774 4426 3943 3598 3379 3822 4287 4500 3954 3110 2422 1920 2157 2372 2754 2908 3256 3512 3742 4113 4389 4641 4809 5057 4609 4356 3904 3480 3117 3607 4002 4555 3858 3065 2302 ]
K = 9
nk = [ 1 1 2 2 2 2 2 2 2 3 3 3 4 5 5 5 5 6 6 6 6 6 7 7 7 7 7 7 8 9 ]
First = [ 1 0 1 0 0 0 0 0 0 1 0 0 1 1 0 0 0 1 0 0 0 0 1 0 0 0 0 0 1 1 ]
Last = [ 0 1 0 0 0 0 0 0 1 0 0 1 1 0 0 0 1 0 0 0 0 1 0 0 0 0 0 1 1 1 ]
nS = 30
S = [ 1 1 1 1 1 1 1 1 1 1 1 1 1 1 1 1 1 1 1 1 1 1 1 1 1 1 1 1 1 1 ]
