n = 30 ; 
T = 48 ; 
Init = [ 1 1 1 1 1 1 1 1 1 1 1 1 1 1 1 0 0 0 0 0 0 0 0 0 0 1 1 1 1 1 ]
L = [ 3 3 6 6 6 6 6 6 6 6 6 6 6 6 6 6 6 6 8 8 8 8 8 8 8 2 2 7 7 7 ]
l = [ 3 3 6 6 6 6 6 6 6 6 6 6 6 6 6 6 6 6 8 8 8 8 8 8 8 2 2 7 7 7 ]
Pmin = [ 33 33 63 63 63 63 63 63 63 63 63 63 63 63 63 65 65 65 88 88 88 88 88 88 78 22 22 77 77 77 ]
Pmax = [ 109 109 237 237 237 237 237 237 237 237 237 237 237 237 237 263 263 263 364 364 364 364 364 364 317 76 76 316 316 316 ]
cf = [ 27.6794 27.6794 54.5853 54.5853 54.5853 54.5853 54.5853 54.5853 54.5853 54.5853 54.5853 54.5853 54.5853 54.5853 54.5853 47.7928 47.7928 47.7928 55.7382 55.7382 55.7382 55.7382 55.7382 55.7382 8.27945 41.0706 41.0706 31.8673 31.8673 31.8673 ]
c0 = [ 94 94 179 179 179 179 179 179 179 179 179 179 179 179 179 176 176 176 227 227 227 227 227 227 217 78 78 204 204 204 ]
cp = [ 36.6162 36.6162 20.1273 20.1273 20.1273 20.1273 20.1273 20.1273 20.1273 20.1273 20.1273 20.1273 20.1273 20.1273 20.1273 30.8047 30.8047 30.8047 27.1905 27.1905 27.1905 27.1905 27.1905 27.1905 21.2326 41.4596 41.4596 22.6636 22.6636 22.6636 ]
D = [ 1606 2078 2532 3028 3509 3774 4313 4782 5067 5554 5992 6381 6706 6139 5449 4951 4396 3719 4425 5026 5338 4482 3672 2642 1718 2203 2603 3083 3287 3758 4293 4643 4921 5498 5708 6354 6635 6111 5652 4971 4365 3710 4345 5241 5683 4764 3816 3051 ]
K = 7
nk = [ 1 1 2 2 2 2 2 2 2 2 2 2 2 2 2 3 3 3 4 4 4 4 4 4 5 6 6 7 7 7 ]
First = [ 1 0 1 0 0 0 0 0 0 0 0 0 0 0 0 1 0 0 1 0 0 0 0 0 1 1 0 1 0 0 ]
Last = [ 0 1 0 0 0 0 0 0 0 0 0 0 0 0 1 0 0 1 0 0 0 0 0 1 1 0 1 0 0 1 ]
nS = 30
S = [ 1 1 1 1 1 1 1 1 1 1 1 1 1 1 1 1 1 1 1 1 1 1 1 1 1 1 1 1 1 1 ]
