n = 30 ; 
T = 48 ; 
Init = [ 1 1 1 1 1 1 1 1 1 1 1 1 1 1 1 0 0 0 0 0 0 0 1 1 1 1 1 1 1 1 ]
L = [ 3 3 3 3 3 3 3 3 3 3 3 3 3 3 3 5 5 5 5 5 5 5 6 6 6 6 6 6 6 6 ]
l = [ 3 3 3 3 3 3 3 3 3 3 3 3 3 3 3 5 5 5 5 5 5 5 6 6 6 6 6 6 6 6 ]
Pmin = [ 27 27 27 27 27 27 27 27 27 27 27 27 27 27 27 57 57 57 57 57 57 57 55 55 55 55 55 55 55 55 ]
Pmax = [ 81 81 81 81 81 81 81 81 81 81 81 81 81 81 81 206 206 206 206 206 206 206 201 201 201 201 201 201 201 201 ]
cf = [ 13.7492 13.7492 13.7492 13.7492 13.7492 13.7492 13.7492 13.7492 13.7492 13.7492 13.7492 13.7492 13.7492 13.7492 13.7492 32.1414 32.1414 32.1414 32.1414 32.1414 32.1414 32.1414 24.7699 24.7699 24.7699 24.7699 24.7699 24.7699 24.7699 24.7699 ]
c0 = [ 98 98 98 98 98 98 98 98 98 98 98 98 98 98 98 169 169 169 169 169 169 169 155 155 155 155 155 155 155 155 ]
cp = [ 26.22 26.22 26.22 26.22 26.22 26.22 26.22 26.22 26.22 26.22 26.22 26.22 26.22 26.22 26.22 33.1719 33.1719 33.1719 33.1719 33.1719 33.1719 33.1719 20.7958 20.7958 20.7958 20.7958 20.7958 20.7958 20.7958 20.7958 ]
D = [ 1295 1369 1625 1861 1964 2163 2376 2618 2810 2867 3186 3256 3435 3209 2927 2698 2509 2153 2541 2812 3220 2740 2098 1638 1166 1407 1608 1787 1926 2175 2440 2591 2865 3014 3169 3483 3592 3299 2932 2747 2433 2098 2419 2783 3121 2583 2055 1607 ]
K = 3
nk = [ 1 1 1 1 1 1 1 1 1 1 1 1 1 1 1 2 2 2 2 2 2 2 3 3 3 3 3 3 3 3 ]
First = [ 1 0 0 0 0 0 0 0 0 0 0 0 0 0 0 1 0 0 0 0 0 0 1 0 0 0 0 0 0 0 ]
Last = [ 0 0 0 0 0 0 0 0 0 0 0 0 0 0 1 0 0 0 0 0 0 1 0 0 0 0 0 0 0 1 ]
nS = 30
S = [ 1 1 1 1 1 1 1 1 1 1 1 1 1 1 1 1 1 1 1 1 1 1 1 1 1 1 1 1 1 1 ]
