n = 30 ; 
T = 48 ; 
Init = [ 1 1 1 1 1 1 1 1 1 1 1 1 1 1 1 1 1 1 1 1 1 1 1 1 1 1 1 1 1 1 ]
L = [ 10 10 10 10 10 10 10 10 10 10 10 10 10 4 4 4 4 4 4 4 4 4 4 4 4 6 6 6 6 6 ]
l = [ 10 10 10 10 10 10 10 10 10 10 10 10 10 4 4 4 4 4 4 4 4 4 4 4 4 6 6 6 6 6 ]
Pmin = [ 100 100 100 100 100 100 100 100 100 100 100 100 100 37 37 37 37 37 37 37 37 37 37 37 48 63 63 63 63 63 ]
Pmax = [ 412 412 412 412 412 412 412 412 412 412 412 412 412 122 122 122 122 122 122 122 122 122 122 122 173 247 247 247 247 247 ]
cf = [ 56.0352 56.0352 56.0352 56.0352 56.0352 56.0352 56.0352 56.0352 56.0352 56.0352 56.0352 56.0352 56.0352 31.9657 31.9657 31.9657 31.9657 31.9657 31.9657 31.9657 31.9657 31.9657 31.9657 31.9657 12.4315 20.5043 20.5043 20.5043 20.5043 20.5043 ]
c0 = [ 250 250 250 250 250 250 250 250 250 250 250 250 250 108 108 108 108 108 108 108 108 108 108 108 136 172 172 172 172 172 ]
cp = [ 12.6744 12.6744 12.6744 12.6744 12.6744 12.6744 12.6744 12.6744 12.6744 12.6744 12.6744 12.6744 12.6744 26.7419 26.7419 26.7419 26.7419 26.7419 26.7419 26.7419 26.7419 26.7419 26.7419 26.7419 26.6729 21.3602 21.3602 21.3602 21.3602 21.3602 ]
D = [ 2138 2565 3032 3411 3767 4307 4518 5094 5490 5926 6331 6584 6933 6576 5781 5202 4775 4259 4996 5667 6313 5404 4202 3113 2169 2377 2932 3180 3767 3966 4482 4874 5197 5555 5932 6279 6630 6259 5629 5300 4727 4111 4726 5333 5810 4919 3996 3198 ]
K = 4
nk = [ 1 1 1 1 1 1 1 1 1 1 1 1 1 2 2 2 2 2 2 2 2 2 2 2 3 4 4 4 4 4 ]
First = [ 1 0 0 0 0 0 0 0 0 0 0 0 0 1 0 0 0 0 0 0 0 0 0 0 1 1 0 0 0 0 ]
Last = [ 0 0 0 0 0 0 0 0 0 0 0 0 1 0 0 0 0 0 0 0 0 0 0 1 1 0 0 0 0 1 ]
nS = 30
S = [ 1 1 1 1 1 1 1 1 1 1 1 1 1 1 1 1 1 1 1 1 1 1 1 1 1 1 1 1 1 1 ]
