n = 30 ; 
T = 48 ; 
Init = [ 0 0 0 0 0 0 0 1 1 1 1 1 1 1 1 1 1 1 1 1 1 1 1 1 1 1 1 1 1 1 ]
L = [ 5 5 5 5 5 5 5 7 7 7 7 7 7 7 5 5 5 5 5 5 5 5 5 5 5 5 5 5 5 5 ]
l = [ 5 5 5 5 5 5 5 7 7 7 7 7 7 7 5 5 5 5 5 5 5 5 5 5 5 5 5 5 5 5 ]
Pmin = [ 56 56 56 56 56 56 56 72 72 72 72 72 72 72 56 56 56 56 56 56 56 56 56 56 56 56 51 51 51 51 ]
Pmax = [ 207 207 207 207 207 207 207 283 283 283 283 283 283 283 215 215 215 215 215 215 215 215 215 215 215 215 199 199 199 199 ]
cf = [ 47.6991 47.6991 47.6991 47.6991 47.6991 47.6991 47.6991 22.6164 22.6164 22.6164 22.6164 22.6164 22.6164 22.6164 53.6804 53.6804 53.6804 53.6804 53.6804 53.6804 53.6804 53.6804 53.6804 53.6804 53.6804 53.6804 30.3613 30.3613 30.3613 30.3613 ]
c0 = [ 148 148 148 148 148 148 148 205 205 205 205 205 205 205 162 162 162 162 162 162 162 162 162 162 162 162 144 144 144 144 ]
cp = [ 21.2972 21.2972 21.2972 21.2972 21.2972 21.2972 21.2972 24.6438 24.6438 24.6438 24.6438 24.6438 24.6438 24.6438 22.3992 22.3992 22.3992 22.3992 22.3992 22.3992 22.3992 22.3992 22.3992 22.3992 22.3992 22.3992 25.8121 25.8121 25.8121 25.8121 ]
D = [ 1739 1931 2358 2664 2920 3197 3558 3966 4217 4701 4958 5160 5706 5194 4746 4198 3713 3294 3908 4511 5315 4473 3680 2821 1933 2283 2524 2960 3412 3633 3999 4402 4659 4835 5163 5579 5958 5333 4865 4356 4010 3448 3959 4427 4896 4197 3110 2365 ]
K = 4
nk = [ 1 1 1 1 1 1 1 2 2 2 2 2 2 2 3 3 3 3 3 3 3 3 3 3 3 3 4 4 4 4 ]
First = [ 1 0 0 0 0 0 0 1 0 0 0 0 0 0 1 0 0 0 0 0 0 0 0 0 0 0 1 0 0 0 ]
Last = [ 0 0 0 0 0 0 1 0 0 0 0 0 0 1 0 0 0 0 0 0 0 0 0 0 0 1 0 0 0 1 ]
nS = 30
S = [ 1 1 1 1 1 1 1 1 1 1 1 1 1 1 1 1 1 1 1 1 1 1 1 1 1 1 1 1 1 1 ]
