n = 30 ; 
T = 48 ; 
Init = [ 0 0 0 0 0 0 0 0 0 1 1 0 0 0 0 0 1 1 1 1 1 1 1 1 1 1 1 1 1 1 ]
L = [ 7 7 7 7 7 7 7 7 7 5 5 10 10 10 10 10 4 4 4 4 4 4 4 4 4 4 4 4 4 4 ]
l = [ 7 7 7 7 7 7 7 7 7 5 5 10 10 10 10 10 4 4 4 4 4 4 4 4 4 4 4 4 4 4 ]
Pmin = [ 79 79 79 79 79 79 79 79 79 55 55 100 100 100 100 100 43 43 43 43 43 43 43 43 43 43 43 43 43 43 ]
Pmax = [ 295 295 295 295 295 295 295 295 295 215 215 409 409 409 409 409 168 168 168 168 168 168 168 168 168 168 168 168 168 168 ]
cf = [ 18.436 18.436 18.436 18.436 18.436 18.436 18.436 18.436 18.436 47.9682 47.9682 12.9783 12.9783 12.9783 12.9783 12.9783 46.0346 46.0346 46.0346 46.0346 46.0346 46.0346 46.0346 46.0346 46.0346 46.0346 46.0346 46.0346 46.0346 46.0346 ]
c0 = [ 219 219 219 219 219 219 219 219 219 149 149 250 250 250 250 250 132 132 132 132 132 132 132 132 132 132 132 132 132 132 ]
cp = [ 23.9238 23.9238 23.9238 23.9238 23.9238 23.9238 23.9238 23.9238 23.9238 25.6327 25.6327 12.3249 12.3249 12.3249 12.3249 12.3249 31.4183 31.4183 31.4183 31.4183 31.4183 31.4183 31.4183 31.4183 31.4183 31.4183 31.4183 31.4183 31.4183 31.4183 ]
D = [ 1991 2321 2840 3136 3513 3967 4292 4736 5122 5357 5866 6231 6476 5946 5489 4752 4017 3469 4204 4984 5796 4570 3478 2616 1404 1945 2393 2614 2995 3358 3876 4031 4639 4921 5382 5545 5957 5567 5059 4714 4175 3839 4452 5058 5513 4596 3704 2699 ]
K = 4
nk = [ 1 1 1 1 1 1 1 1 1 2 2 3 3 3 3 3 4 4 4 4 4 4 4 4 4 4 4 4 4 4 ]
First = [ 1 0 0 0 0 0 0 0 0 1 0 1 0 0 0 0 1 0 0 0 0 0 0 0 0 0 0 0 0 0 ]
Last = [ 0 0 0 0 0 0 0 0 1 0 1 0 0 0 0 1 0 0 0 0 0 0 0 0 0 0 0 0 0 1 ]
nS = 30
S = [ 1 1 1 1 1 1 1 1 1 1 1 1 1 1 1 1 1 1 1 1 1 1 1 1 1 1 1 1 1 1 ]
