n = 30 ; 
T = 48 ; 
Init = [ 0 0 0 0 0 1 1 1 1 1 1 1 1 1 1 1 1 1 1 1 1 1 1 1 1 1 1 0 0 0 ]
L = [ 4 4 4 4 4 6 6 6 6 6 6 6 6 6 6 6 6 6 6 6 6 6 6 5 5 5 5 8 8 8 ]
l = [ 4 4 4 4 4 6 6 6 6 6 6 6 6 6 6 6 6 6 6 6 6 6 6 5 5 5 5 8 8 8 ]
Pmin = [ 42 42 42 42 42 62 62 62 62 62 62 62 62 62 62 59 59 59 59 59 59 59 59 55 55 55 55 85 85 85 ]
Pmax = [ 132 132 132 132 132 222 222 222 222 222 222 222 222 222 222 234 234 234 234 234 234 234 234 189 189 189 189 349 349 349 ]
cf = [ 16.1586 16.1586 16.1586 16.1586 16.1586 30.8624 30.8624 30.8624 30.8624 30.8624 30.8624 30.8624 30.8624 30.8624 30.8624 61.9553 61.9553 61.9553 61.9553 61.9553 61.9553 61.9553 61.9553 59.0144 59.0144 59.0144 59.0144 18.9831 18.9831 18.9831 ]
c0 = [ 124 124 124 124 124 171 171 171 171 171 171 171 171 171 171 168 168 168 168 168 168 168 168 161 161 161 161 225 225 225 ]
cp = [ 36.8351 36.8351 36.8351 36.8351 36.8351 25.4815 25.4815 25.4815 25.4815 25.4815 25.4815 25.4815 25.4815 25.4815 25.4815 13.1844 13.1844 13.1844 13.1844 13.1844 13.1844 13.1844 13.1844 26.9658 26.9658 26.9658 26.9658 19.701 19.701 19.701 ]
D = [ 1346 1727 2198 2477 2998 3287 3768 4126 4296 4681 5270 5549 6000 5247 4820 4173 3819 3151 3644 4157 4652 3753 3026 2201 1432 1769 2178 2576 2746 3058 3602 3947 4104 4630 5031 5198 5675 5151 4563 4268 3602 3178 3855 4372 5000 4091 3266 2441 ]
K = 5
nk = [ 1 1 1 1 1 2 2 2 2 2 2 2 2 2 2 3 3 3 3 3 3 3 3 4 4 4 4 5 5 5 ]
First = [ 1 0 0 0 0 1 0 0 0 0 0 0 0 0 0 1 0 0 0 0 0 0 0 1 0 0 0 1 0 0 ]
Last = [ 0 0 0 0 1 0 0 0 0 0 0 0 0 0 1 0 0 0 0 0 0 0 1 0 0 0 1 0 0 1 ]
nS = 30
S = [ 1 1 1 1 1 1 1 1 1 1 1 1 1 1 1 1 1 1 1 1 1 1 1 1 1 1 1 1 1 1 ]
