n = 30 ; 
T = 48 ; 
Init = [ 0 0 0 0 0 0 0 0 0 0 0 0 0 0 0 0 0 0 0 0 0 0 0 0 0 0 0 0 0 0 ]
L = [ 7 7 7 7 7 7 7 7 7 8 8 8 8 8 8 8 8 3 3 3 3 3 3 3 3 3 3 3 3 3 ]
l = [ 7 7 7 7 7 7 7 7 7 8 8 8 8 8 8 8 8 3 3 3 3 3 3 3 3 3 3 3 3 3 ]
Pmin = [ 72 72 72 72 72 72 72 72 72 85 85 85 85 85 85 85 85 30 30 30 30 30 30 30 30 30 30 30 30 30 ]
Pmax = [ 283 283 283 283 283 283 283 283 283 323 323 323 323 323 323 323 323 105 105 105 105 105 105 105 105 105 105 105 105 105 ]
cf = [ 45.4653 45.4653 45.4653 45.4653 45.4653 45.4653 45.4653 45.4653 45.4653 58.3708 58.3708 58.3708 58.3708 58.3708 58.3708 58.3708 58.3708 63.2462 63.2462 63.2462 63.2462 63.2462 63.2462 63.2462 63.2462 63.2462 63.2462 63.2462 63.2462 63.2462 ]
c0 = [ 186 186 186 186 186 186 186 186 186 236 236 236 236 236 236 236 236 97 97 97 97 97 97 97 97 97 97 97 97 97 ]
cp = [ 24.8371 24.8371 24.8371 24.8371 24.8371 24.8371 24.8371 24.8371 24.8371 22.5907 22.5907 22.5907 22.5907 22.5907 22.5907 22.5907 22.5907 29.252 29.252 29.252 29.252 29.252 29.252 29.252 29.252 29.252 29.252 29.252 29.252 29.252 ]
D = [ 1744 2285 2455 2840 3201 3421 3633 4184 4430 4673 5133 5316 5553 5234 4746 4346 3730 3438 4072 4644 5174 4303 3435 2668 1990 2086 2369 2839 3046 3396 3648 4015 4258 4483 4776 4943 5309 5000 4358 3883 3550 3233 3536 4045 4679 3916 3057 2104 ]
K = 3
nk = [ 1 1 1 1 1 1 1 1 1 2 2 2 2 2 2 2 2 3 3 3 3 3 3 3 3 3 3 3 3 3 ]
First = [ 1 0 0 0 0 0 0 0 0 1 0 0 0 0 0 0 0 1 0 0 0 0 0 0 0 0 0 0 0 0 ]
Last = [ 0 0 0 0 0 0 0 0 1 0 0 0 0 0 0 0 1 0 0 0 0 0 0 0 0 0 0 0 0 1 ]
nS = 30
S = [ 1 1 1 1 1 1 1 1 1 1 1 1 1 1 1 1 1 1 1 1 1 1 1 1 1 1 1 1 1 1 ]
