n = 30 ; 
T = 48 ; 
Init = [ 1 1 1 1 1 1 1 1 1 1 1 1 1 1 0 0 0 0 0 0 0 0 0 0 0 0 0 0 0 0 ]
L = [ 5 5 5 5 5 5 5 5 5 5 5 5 5 5 7 7 7 7 7 7 7 7 7 7 7 7 7 7 7 10 ]
l = [ 5 5 5 5 5 5 5 5 5 5 5 5 5 5 7 7 7 7 7 7 7 7 7 7 7 7 7 7 7 10 ]
Pmin = [ 50 50 50 50 50 50 50 50 50 50 50 50 50 50 73 73 73 73 73 73 73 73 73 73 73 73 73 73 73 100 ]
Pmax = [ 205 205 205 205 205 205 205 205 205 205 205 205 205 205 293 293 293 293 293 293 293 293 293 293 293 293 293 293 293 420 ]
cf = [ 10.7992 10.7992 10.7992 10.7992 10.7992 10.7992 10.7992 10.7992 10.7992 10.7992 10.7992 10.7992 10.7992 10.7992 60.3967 60.3967 60.3967 60.3967 60.3967 60.3967 60.3967 60.3967 60.3967 60.3967 60.3967 60.3967 60.3967 60.3967 60.3967 43.8116 ]
c0 = [ 143 143 143 143 143 143 143 143 143 143 143 143 143 143 191 191 191 191 191 191 191 191 191 191 191 191 191 191 191 250 ]
cp = [ 26.6325 26.6325 26.6325 26.6325 26.6325 26.6325 26.6325 26.6325 26.6325 26.6325 26.6325 26.6325 26.6325 26.6325 22.4518 22.4518 22.4518 22.4518 22.4518 22.4518 22.4518 22.4518 22.4518 22.4518 22.4518 22.4518 22.4518 22.4518 22.4518 10.6996 ]
D = [ 2171 2626 3012 3231 3732 3997 4291 4559 5039 5296 5718 5961 6319 6053 5402 4881 4247 3894 4271 4829 5287 4605 3566 2679 1830 2193 2613 2998 3389 3671 4198 4497 5023 5461 5882 6308 6502 6192 5695 4925 4497 4011 4457 4912 5586 4639 3602 2787 ]
K = 3
nk = [ 1 1 1 1 1 1 1 1 1 1 1 1 1 1 2 2 2 2 2 2 2 2 2 2 2 2 2 2 2 3 ]
First = [ 1 0 0 0 0 0 0 0 0 0 0 0 0 0 1 0 0 0 0 0 0 0 0 0 0 0 0 0 0 1 ]
Last = [ 0 0 0 0 0 0 0 0 0 0 0 0 0 1 0 0 0 0 0 0 0 0 0 0 0 0 0 0 1 1 ]
nS = 30
S = [ 1 1 1 1 1 1 1 1 1 1 1 1 1 1 1 1 1 1 1 1 1 1 1 1 1 1 1 1 1 1 ]
