n = 30 ; 
T = 48 ; 
Init = [ 0 0 0 1 1 1 1 1 1 1 1 1 1 1 1 1 0 0 0 0 0 0 0 0 0 0 0 1 1 1 ]
L = [ 2 2 2 6 6 6 6 6 6 6 6 6 6 6 6 6 4 3 3 3 3 9 9 9 9 9 9 3 3 3 ]
l = [ 2 2 2 6 6 6 6 6 6 6 6 6 6 6 6 6 4 3 3 3 3 9 9 9 9 9 9 3 3 3 ]
Pmin = [ 26 26 26 52 52 52 52 52 52 52 52 52 52 52 52 52 32 28 28 28 28 100 100 100 100 100 100 22 22 22 ]
Pmax = [ 81 81 81 203 203 203 203 203 203 203 203 203 203 203 203 203 117 86 86 86 86 420 420 420 420 420 420 79 79 79 ]
cf = [ 61.1968 61.1968 61.1968 44.063 44.063 44.063 44.063 44.063 44.063 44.063 44.063 44.063 44.063 44.063 44.063 44.063 25.3453 53.9788 53.9788 53.9788 53.9788 52.318 52.318 52.318 52.318 52.318 52.318 10.7496 10.7496 10.7496 ]
c0 = [ 96 96 96 141 141 141 141 141 141 141 141 141 141 141 141 141 106 80 80 80 80 250 250 250 250 250 250 83 83 83 ]
cp = [ 40.2733 40.2733 40.2733 30.9814 30.9814 30.9814 30.9814 30.9814 30.9814 30.9814 30.9814 30.9814 30.9814 30.9814 30.9814 30.9814 32.0821 38.6509 38.6509 38.6509 38.6509 21.1148 21.1148 21.1148 21.1148 21.1148 21.1148 36.8311 36.8311 36.8311 ]
D = [ 1282 1717 2029 2451 2531 2987 3273 3530 3972 4353 4496 4878 5290 4775 4280 3963 3487 2953 3546 4178 4861 4006 3186 2395 1503 1872 1922 2266 2627 3023 3126 3381 3742 4027 4403 4582 4933 4467 4076 3707 3445 2950 3523 4146 4817 3919 3122 2064 ]
K = 6
nk = [ 1 1 1 2 2 2 2 2 2 2 2 2 2 2 2 2 3 4 4 4 4 5 5 5 5 5 5 6 6 6 ]
First = [ 1 0 0 1 0 0 0 0 0 0 0 0 0 0 0 0 1 1 0 0 0 1 0 0 0 0 0 1 0 0 ]
Last = [ 0 0 1 0 0 0 0 0 0 0 0 0 0 0 0 1 1 0 0 0 1 0 0 0 0 0 1 0 0 1 ]
nS = 30
S = [ 1 1 1 1 1 1 1 1 1 1 1 1 1 1 1 1 1 1 1 1 1 1 1 1 1 1 1 1 1 1 ]
