n = 30 ; 
T = 48 ; 
Init = [ 0 0 0 0 0 0 1 1 1 1 1 0 0 0 0 0 0 0 0 0 0 1 1 0 0 0 0 0 0 0 ]
L = [ 7 7 7 7 7 7 9 9 4 4 7 5 5 5 5 5 5 5 5 5 5 5 5 10 10 10 10 10 10 4 ]
l = [ 7 7 7 7 7 7 9 9 4 4 7 5 5 5 5 5 5 5 5 5 5 5 5 10 10 10 10 10 10 4 ]
Pmin = [ 75 75 75 75 75 75 95 95 48 48 78 49 49 49 49 49 49 49 49 49 49 47 47 100 100 100 100 100 100 41 ]
Pmax = [ 277 277 277 277 277 277 387 387 170 170 296 176 176 176 176 176 176 176 176 176 176 181 181 410 410 410 410 410 410 130 ]
cf = [ 11.6458 11.6458 11.6458 11.6458 11.6458 11.6458 11.1611 11.1611 40.0683 40.0683 12.3201 66.9443 66.9443 66.9443 66.9443 66.9443 66.9443 66.9443 66.9443 66.9443 66.9443 37.9502 37.9502 44.454 44.454 44.454 44.454 44.454 44.454 8.80468 ]
c0 = [ 196 196 196 196 196 196 243 243 126 126 217 148 148 148 148 148 148 148 148 148 148 134 134 250 250 250 250 250 250 118 ]
cp = [ 24.7616 24.7616 24.7616 24.7616 24.7616 24.7616 11.7811 11.7811 20.6726 20.6726 10.6546 24.2581 24.2581 24.2581 24.2581 24.2581 24.2581 24.2581 24.2581 24.2581 24.2581 26.0867 26.0867 13.3018 13.3018 13.3018 13.3018 13.3018 13.3018 25.7301 ]
D = [ 1956 2213 2561 3235 3450 3806 4423 4815 5369 5580 6022 6524 6867 6273 5794 5152 4403 3797 4378 5204 5835 4822 4116 3179 2359 2640 3016 3308 3826 4141 4536 4986 5495 5859 6129 6426 6808 6177 5724 5141 4639 3842 4664 5087 5751 4885 4049 3053 ]
K = 8
nk = [ 1 1 1 1 1 1 2 2 3 3 4 5 5 5 5 5 5 5 5 5 5 6 6 7 7 7 7 7 7 8 ]
First = [ 1 0 0 0 0 0 1 0 1 0 1 1 0 0 0 0 0 0 0 0 0 1 0 1 0 0 0 0 0 1 ]
Last = [ 0 0 0 0 0 1 0 1 0 1 1 0 0 0 0 0 0 0 0 0 1 0 1 0 0 0 0 0 1 1 ]
nS = 30
S = [ 1 1 1 1 1 1 1 1 1 1 1 1 1 1 1 1 1 1 1 1 1 1 1 1 1 1 1 1 1 1 ]
