n = 30 ; 
T = 48 ; 
Init = [ 1 1 1 1 1 1 0 0 0 0 0 1 1 1 1 1 1 1 1 1 1 1 1 0 0 0 0 0 0 0 ]
L = [ 4 4 4 4 4 4 7 7 7 7 7 5 5 5 5 5 5 5 5 5 5 5 5 8 8 8 8 8 8 8 ]
l = [ 4 4 4 4 4 4 7 7 7 7 7 5 5 5 5 5 5 5 5 5 5 5 5 8 8 8 8 8 8 8 ]
Pmin = [ 43 43 43 43 43 43 71 71 71 71 71 51 51 51 51 51 51 51 51 51 51 56 56 90 90 90 90 90 90 90 ]
Pmax = [ 137 137 137 137 137 137 294 294 294 294 294 180 180 180 180 180 180 180 180 180 180 210 210 350 350 350 350 350 350 350 ]
cf = [ 63.1435 63.1435 63.1435 63.1435 63.1435 63.1435 38.0784 38.0784 38.0784 38.0784 38.0784 64.3606 64.3606 64.3606 64.3606 64.3606 64.3606 64.3606 64.3606 64.3606 64.3606 53.6089 53.6089 66.0928 66.0928 66.0928 66.0928 66.0928 66.0928 66.0928 ]
c0 = [ 130 130 130 130 130 130 182 182 182 182 182 151 151 151 151 151 151 151 151 151 151 153 153 236 236 236 236 236 236 236 ]
cp = [ 29.7534 29.7534 29.7534 29.7534 29.7534 29.7534 17.0875 17.0875 17.0875 17.0875 17.0875 21.5404 21.5404 21.5404 21.5404 21.5404 21.5404 21.5404 21.5404 21.5404 21.5404 22.2535 22.2535 17.1056 17.1056 17.1056 17.1056 17.1056 17.1056 17.1056 ]
D = [ 1539 2022 2307 2542 2938 3244 3764 4053 4430 4589 5066 5498 5706 5253 4974 4263 3942 3541 4006 4623 5042 4038 3395 2288 1589 1840 2358 2526 2997 3129 3628 4063 4371 4538 5007 5409 5711 5219 4713 4525 3932 3451 4188 4719 5532 4510 3640 2739 ]
K = 5
nk = [ 1 1 1 1 1 1 2 2 2 2 2 3 3 3 3 3 3 3 3 3 3 4 4 5 5 5 5 5 5 5 ]
First = [ 1 0 0 0 0 0 1 0 0 0 0 1 0 0 0 0 0 0 0 0 0 1 0 1 0 0 0 0 0 0 ]
Last = [ 0 0 0 0 0 1 0 0 0 0 1 0 0 0 0 0 0 0 0 0 1 0 1 0 0 0 0 0 0 1 ]
nS = 30
S = [ 1 1 1 1 1 1 1 1 1 1 1 1 1 1 1 1 1 1 1 1 1 1 1 1 1 1 1 1 1 1 ]
