n = 30 ; 
T = 48 ; 
Init = [ 1 1 1 1 0 0 0 0 0 0 0 0 0 0 0 0 0 0 0 0 1 1 1 1 1 1 1 1 1 1 ]
L = [ 4 4 8 8 5 5 5 5 5 5 5 5 5 5 5 8 8 8 8 8 8 8 8 8 8 8 8 8 8 8 ]
l = [ 4 4 8 8 5 5 5 5 5 5 5 5 5 5 5 8 8 8 8 8 8 8 8 8 8 8 8 8 8 8 ]
Pmin = [ 48 48 82 82 56 56 56 56 56 56 56 56 56 56 56 82 82 82 82 82 93 93 93 93 93 93 93 93 93 93 ]
Pmax = [ 158 158 324 324 194 194 194 194 194 194 194 194 194 194 194 341 341 341 341 341 360 360 360 360 360 360 360 360 360 360 ]
cf = [ 59.7488 59.7488 35.6632 35.6632 66.9673 66.9673 66.9673 66.9673 66.9673 66.9673 66.9673 66.9673 66.9673 66.9673 66.9673 37.5751 37.5751 37.5751 37.5751 37.5751 63.8476 63.8476 63.8476 63.8476 63.8476 63.8476 63.8476 63.8476 63.8476 63.8476 ]
c0 = [ 137 137 221 221 160 160 160 160 160 160 160 160 160 160 160 218 218 218 218 218 249 249 249 249 249 249 249 249 249 249 ]
cp = [ 35.3597 35.3597 15.1881 15.1881 30.5389 30.5389 30.5389 30.5389 30.5389 30.5389 30.5389 30.5389 30.5389 30.5389 30.5389 12.4584 12.4584 12.4584 12.4584 12.4584 18.4524 18.4524 18.4524 18.4524 18.4524 18.4524 18.4524 18.4524 18.4524 18.4524 ]
D = [ 1938 2426 2862 3169 3554 3923 4350 4648 5186 5603 6102 6426 6825 6425 5715 5370 4679 4271 4838 5366 5760 5088 4245 3043 2292 2585 3212 3557 4206 4386 5036 5301 5827 6358 6745 7271 7548 6703 6073 5343 4657 4215 4904 5919 6723 5645 4422 3049 ]
K = 5
nk = [ 1 1 2 2 3 3 3 3 3 3 3 3 3 3 3 4 4 4 4 4 5 5 5 5 5 5 5 5 5 5 ]
First = [ 1 0 1 0 1 0 0 0 0 0 0 0 0 0 0 1 0 0 0 0 1 0 0 0 0 0 0 0 0 0 ]
Last = [ 0 1 0 1 0 0 0 0 0 0 0 0 0 0 1 0 0 0 0 1 0 0 0 0 0 0 0 0 0 1 ]
nS = 30
S = [ 1 1 1 1 1 1 1 1 1 1 1 1 1 1 1 1 1 1 1 1 1 1 1 1 1 1 1 1 1 1 ]
