n = 30 ; 
T = 48 ; 
Init = [ 0 0 0 0 0 0 0 0 0 1 1 1 1 1 1 1 1 1 1 0 0 0 0 0 0 0 1 1 1 0 ]
L = [ 4 4 4 4 4 4 4 4 4 8 8 8 8 8 8 8 8 8 8 6 6 8 8 8 8 8 3 3 3 9 ]
l = [ 4 4 4 4 4 4 4 4 4 8 8 8 8 8 8 8 8 8 8 6 6 8 8 8 8 8 3 3 3 9 ]
Pmin = [ 36 36 36 36 36 36 36 36 36 93 93 93 93 93 93 93 93 93 93 71 71 92 92 92 92 92 34 34 34 97 ]
Pmax = [ 138 138 138 138 138 138 138 138 138 359 359 359 359 359 359 359 359 359 359 253 253 346 346 346 346 346 108 108 108 394 ]
cf = [ 19.7119 19.7119 19.7119 19.7119 19.7119 19.7119 19.7119 19.7119 19.7119 17.8913 17.8913 17.8913 17.8913 17.8913 17.8913 17.8913 17.8913 17.8913 17.8913 15.8984 15.8984 12.6526 12.6526 12.6526 12.6526 12.6526 10.1451 10.1451 10.1451 60.2317 ]
c0 = [ 117 117 117 117 117 117 117 117 117 249 249 249 249 249 249 249 249 249 249 200 200 250 250 250 250 250 108 108 108 250 ]
cp = [ 34.4476 34.4476 34.4476 34.4476 34.4476 34.4476 34.4476 34.4476 34.4476 13.5807 13.5807 13.5807 13.5807 13.5807 13.5807 13.5807 13.5807 13.5807 13.5807 20.4729 20.4729 24.4816 24.4816 24.4816 24.4816 24.4816 36.5225 36.5225 36.5225 8.61408 ]
D = [ 1974 2528 2988 3245 3576 4214 4517 5000 5140 5574 6020 6337 6828 6348 5716 5038 4220 3647 4288 4836 5698 4526 3681 2489 1646 2024 2551 2732 3171 3557 3981 4349 4951 5149 5569 5895 6452 5899 5426 4928 4372 3850 4655 5337 6004 5062 3999 3136 ]
K = 6
nk = [ 1 1 1 1 1 1 1 1 1 2 2 2 2 2 2 2 2 2 2 3 3 4 4 4 4 4 5 5 5 6 ]
First = [ 1 0 0 0 0 0 0 0 0 1 0 0 0 0 0 0 0 0 0 1 0 1 0 0 0 0 1 0 0 1 ]
Last = [ 0 0 0 0 0 0 0 0 1 0 0 0 0 0 0 0 0 0 1 0 1 0 0 0 0 1 0 0 1 1 ]
nS = 30
S = [ 1 1 1 1 1 1 1 1 1 1 1 1 1 1 1 1 1 1 1 1 1 1 1 1 1 1 1 1 1 1 ]
