n = 30 ; 
T = 48 ; 
Init = [ 0 0 0 0 0 0 0 0 0 0 0 0 0 0 0 0 0 0 0 0 0 0 1 1 1 1 1 1 1 1 ]
L = [ 4 4 4 4 4 4 4 4 4 4 4 4 4 4 5 5 5 5 5 5 5 5 8 8 8 8 8 8 8 8 ]
l = [ 4 4 4 4 4 4 4 4 4 4 4 4 4 4 5 5 5 5 5 5 5 5 8 8 8 8 8 8 8 8 ]
Pmin = [ 38 38 38 38 38 38 43 43 43 43 43 43 43 43 57 57 57 57 57 57 57 57 85 85 85 85 85 85 85 85 ]
Pmax = [ 123 123 123 123 123 123 170 170 170 170 170 170 170 170 215 215 215 215 215 215 215 215 345 345 345 345 345 345 345 345 ]
cf = [ 42.8273 42.8273 42.8273 42.8273 42.8273 42.8273 50.9492 50.9492 50.9492 50.9492 50.9492 50.9492 50.9492 50.9492 34.1896 34.1896 34.1896 34.1896 34.1896 34.1896 34.1896 34.1896 66.0714 66.0714 66.0714 66.0714 66.0714 66.0714 66.0714 66.0714 ]
c0 = [ 102 102 102 102 102 102 123 123 123 123 123 123 123 123 156 156 156 156 156 156 156 156 225 225 225 225 225 225 225 225 ]
cp = [ 35.0457 35.0457 35.0457 35.0457 35.0457 35.0457 32.8054 32.8054 32.8054 32.8054 32.8054 32.8054 32.8054 32.8054 24.1647 24.1647 24.1647 24.1647 24.1647 24.1647 24.1647 24.1647 23.2352 23.2352 23.2352 23.2352 23.2352 23.2352 23.2352 23.2352 ]
D = [ 1455 1936 2139 2488 2990 3304 3610 4056 4326 4570 4958 5389 5619 5383 4877 4317 3876 3419 3908 4287 5047 4036 3234 2176 1285 1723 2047 2467 2756 3076 3382 3633 3906 4306 4737 4902 5336 4834 4389 4057 3530 3270 3681 4145 4796 3969 3050 2509 ]
K = 4
nk = [ 1 1 1 1 1 1 2 2 2 2 2 2 2 2 3 3 3 3 3 3 3 3 4 4 4 4 4 4 4 4 ]
First = [ 1 0 0 0 0 0 1 0 0 0 0 0 0 0 1 0 0 0 0 0 0 0 1 0 0 0 0 0 0 0 ]
Last = [ 0 0 0 0 0 1 0 0 0 0 0 0 0 1 0 0 0 0 0 0 0 1 0 0 0 0 0 0 0 1 ]
nS = 30
S = [ 1 1 1 1 1 1 1 1 1 1 1 1 1 1 1 1 1 1 1 1 1 1 1 1 1 1 1 1 1 1 ]
