n = 30 ; 
T = 48 ; 
Init = [ 0 0 0 0 0 0 0 0 0 0 0 0 0 0 1 1 0 0 0 0 0 0 0 0 0 0 0 0 0 0 ]
L = [ 2 2 2 2 2 2 2 2 2 2 2 2 2 2 3 3 7 7 7 7 7 7 7 7 7 7 7 7 7 7 ]
l = [ 2 2 2 2 2 2 2 2 2 2 2 2 2 2 3 3 7 7 7 7 7 7 7 7 7 7 7 7 7 7 ]
Pmin = [ 15 15 15 15 15 15 15 15 15 15 15 15 15 15 29 29 79 79 79 79 79 79 79 81 81 81 81 81 81 81 ]
Pmax = [ 49 49 49 49 49 49 49 49 49 49 49 49 49 49 97 97 329 329 329 329 329 329 329 301 301 301 301 301 301 301 ]
cf = [ 58.8644 58.8644 58.8644 58.8644 58.8644 58.8644 58.8644 58.8644 58.8644 58.8644 58.8644 58.8644 58.8644 58.8644 32.4747 32.4747 47.9932 47.9932 47.9932 47.9932 47.9932 47.9932 47.9932 59.7678 59.7678 59.7678 59.7678 59.7678 59.7678 59.7678 ]
c0 = [ 48 48 48 48 48 48 48 48 48 48 48 48 48 48 80 80 201 201 201 201 201 201 201 207 207 207 207 207 207 207 ]
cp = [ 40.8883 40.8883 40.8883 40.8883 40.8883 40.8883 40.8883 40.8883 40.8883 40.8883 40.8883 40.8883 40.8883 40.8883 35.9315 35.9315 16.3586 16.3586 16.3586 16.3586 16.3586 16.3586 16.3586 23.0593 23.0593 23.0593 23.0593 23.0593 23.0593 23.0593 ]
D = [ 1305 1532 1682 1895 2280 2430 2713 2962 3283 3457 3683 3962 4163 3936 3547 3335 3110 2801 3066 3500 3916 3389 2631 1969 1136 1395 1751 2103 2263 2583 2859 3133 3486 3763 3895 4174 4428 4148 3726 3404 3040 2709 3116 3610 4189 3381 2640 1962 ]
K = 4
nk = [ 1 1 1 1 1 1 1 1 1 1 1 1 1 1 2 2 3 3 3 3 3 3 3 4 4 4 4 4 4 4 ]
First = [ 1 0 0 0 0 0 0 0 0 0 0 0 0 0 1 0 1 0 0 0 0 0 0 1 0 0 0 0 0 0 ]
Last = [ 0 0 0 0 0 0 0 0 0 0 0 0 0 1 0 1 0 0 0 0 0 0 1 0 0 0 0 0 0 1 ]
nS = 30
S = [ 1 1 1 1 1 1 1 1 1 1 1 1 1 1 1 1 1 1 1 1 1 1 1 1 1 1 1 1 1 1 ]
