n = 30 ; 
T = 48 ; 
Init = [ 1 1 1 1 1 1 1 1 1 1 1 1 1 1 1 0 0 0 0 1 1 1 1 1 1 1 1 1 1 1 ]
L = [ 4 4 4 4 4 3 3 3 3 3 3 3 3 3 3 9 9 9 9 8 8 8 8 8 8 8 8 8 8 8 ]
l = [ 4 4 4 4 4 3 3 3 3 3 3 3 3 3 3 9 9 9 9 8 8 8 8 8 8 8 8 8 8 8 ]
Pmin = [ 43 43 43 43 43 29 29 29 29 29 29 29 29 29 29 96 96 96 96 89 89 89 89 89 89 89 89 89 89 89 ]
Pmax = [ 149 149 149 149 149 85 85 85 85 85 85 85 85 85 85 385 385 385 385 341 341 341 341 341 341 341 341 341 341 341 ]
cf = [ 49.005 49.005 49.005 49.005 49.005 30.5799 30.5799 30.5799 30.5799 30.5799 30.5799 30.5799 30.5799 30.5799 30.5799 52.2451 52.2451 52.2451 52.2451 13.1792 13.1792 13.1792 13.1792 13.1792 13.1792 13.1792 13.1792 13.1792 13.1792 13.1792 ]
c0 = [ 120 120 120 120 120 92 92 92 92 92 92 92 92 92 92 249 249 249 249 241 241 241 241 241 241 241 241 241 241 241 ]
cp = [ 34.2272 34.2272 34.2272 34.2272 34.2272 39.1858 39.1858 39.1858 39.1858 39.1858 39.1858 39.1858 39.1858 39.1858 39.1858 11.862 11.862 11.862 11.862 10.8883 10.8883 10.8883 10.8883 10.8883 10.8883 10.8883 10.8883 10.8883 10.8883 10.8883 ]
D = [ 2020 2233 2615 2938 3295 3649 3739 4211 4519 4827 5215 5434 5959 5350 4938 4268 3807 3374 3908 4385 5143 4159 3519 2715 2014 2192 2731 2924 3432 3691 3913 4446 4742 5108 5346 5898 6047 5536 5093 4498 3805 3199 3941 4615 5544 4503 3400 2420 ]
K = 4
nk = [ 1 1 1 1 1 2 2 2 2 2 2 2 2 2 2 3 3 3 3 4 4 4 4 4 4 4 4 4 4 4 ]
First = [ 1 0 0 0 0 1 0 0 0 0 0 0 0 0 0 1 0 0 0 1 0 0 0 0 0 0 0 0 0 0 ]
Last = [ 0 0 0 0 1 0 0 0 0 0 0 0 0 0 1 0 0 0 1 0 0 0 0 0 0 0 0 0 0 1 ]
nS = 30
S = [ 1 1 1 1 1 1 1 1 1 1 1 1 1 1 1 1 1 1 1 1 1 1 1 1 1 1 1 1 1 1 ]
