n = 60 ; 
T = 48 ; 
Init = [ 1 1 1 1 1 1 0 0 0 0 0 0 0 0 0 0 0 0 0 0 0 0 1 1 1 1 1 1 1 1 1 1 1 1 1 1 1 1 1 1 1 1 1 1 1 1 1 1 1 1 1 1 1 1 1 1 1 0 1 1 ]
L = [ 8 8 8 8 8 8 6 6 6 6 6 6 6 6 6 6 6 6 6 6 6 6 3 3 3 3 3 3 3 3 3 3 3 3 3 3 3 3 3 3 3 3 3 3 3 3 3 3 3 3 3 6 6 6 6 6 6 5 5 10 ]
l = [ 8 8 8 8 8 8 6 6 6 6 6 6 6 6 6 6 6 6 6 6 6 6 3 3 3 3 3 3 3 3 3 3 3 3 3 3 3 3 3 3 3 3 3 3 3 3 3 3 3 3 3 6 6 6 6 6 6 5 5 10 ]
Pmin = [ 94 94 94 94 94 94 62 62 62 62 62 62 62 62 62 62 62 66 66 66 66 66 34 34 34 34 34 34 34 34 18 18 18 18 18 18 18 18 18 24 24 24 24 24 24 24 24 24 24 24 24 67 67 67 67 67 67 58 61 100 ]
Pmax = [ 359 359 359 359 359 359 242 242 242 242 242 242 242 242 242 242 242 259 259 259 259 259 110 110 110 110 110 110 110 110 57 57 57 57 57 57 57 57 57 83 83 83 83 83 83 83 83 83 83 83 83 266 266 266 266 266 266 213 227 417 ]
cf = [ 21.0103 21.0103 21.0103 21.0103 21.0103 21.0103 22.5224 22.5224 22.5224 22.5224 22.5224 22.5224 22.5224 22.5224 22.5224 22.5224 22.5224 54.8616 54.8616 54.8616 54.8616 54.8616 40.6656 40.6656 40.6656 40.6656 40.6656 40.6656 40.6656 40.6656 67.4864 67.4864 67.4864 67.4864 67.4864 67.4864 67.4864 67.4864 67.4864 47.4138 47.4138 47.4138 47.4138 47.4138 47.4138 47.4138 47.4138 47.4138 47.4138 47.4138 47.4138 13.8916 13.8916 13.8916 13.8916 13.8916 13.8916 38.4511 62.6508 57.5748 ]
c0 = [ 250 250 250 250 250 250 172 172 172 172 172 172 172 172 172 172 172 177 177 177 177 177 101 101 101 101 101 101 101 101 60 60 60 60 60 60 60 60 60 86 86 86 86 86 86 86 86 86 86 86 86 180 180 180 180 180 180 152 170 250 ]
cp = [ 21.0414 21.0414 21.0414 21.0414 21.0414 21.0414 20.2264 20.2264 20.2264 20.2264 20.2264 20.2264 20.2264 20.2264 20.2264 20.2264 20.2264 30.477 30.477 30.477 30.477 30.477 38.1228 38.1228 38.1228 38.1228 38.1228 38.1228 38.1228 38.1228 39.7615 39.7615 39.7615 39.7615 39.7615 39.7615 39.7615 39.7615 39.7615 39.7576 39.7576 39.7576 39.7576 39.7576 39.7576 39.7576 39.7576 39.7576 39.7576 39.7576 39.7576 20.0397 20.0397 20.0397 20.0397 20.0397 20.0397 32.7067 20.1321 9.35591 ]
D = [ 2982 3551 4207 4639 5166 5759 6210 6623 7320 7795 8538 9077 9594 8579 7943 7319 6446 5958 6593 7329 8274 6857 5676 4384 3365 3966 4447 4992 5293 5688 6241 6618 7383 7831 8386 8670 9343 8671 7705 7277 6254 5826 6497 7835 8507 7082 5657 4080 ]
K = 10
nk = [ 1 1 1 1 1 1 2 2 2 2 2 2 2 2 2 2 2 3 3 3 3 3 4 4 4 4 4 4 4 4 5 5 5 5 5 5 5 5 5 6 6 6 6 6 6 6 6 6 6 6 6 7 7 7 7 7 7 8 9 10 ]
First = [ 1 0 0 0 0 0 1 0 0 0 0 0 0 0 0 0 0 1 0 0 0 0 1 0 0 0 0 0 0 0 1 0 0 0 0 0 0 0 0 1 0 0 0 0 0 0 0 0 0 0 0 1 0 0 0 0 0 1 1 1 ]
Last = [ 0 0 0 0 0 1 0 0 0 0 0 0 0 0 0 0 1 0 0 0 0 1 0 0 0 0 0 0 0 1 0 0 0 0 0 0 0 0 1 0 0 0 0 0 0 0 0 0 0 0 1 0 0 0 0 0 1 1 1 1 ]
nS = 1
S = [ 0 1 2 3 4 5 6 7 8 9 10 11 12 13 14 15 16 17 18 19 20 21 22 23 24 25 26 27 28 29 30 31 32 33 34 35 36 37 38 39 40 41 42 43 44 45 46 47 48 49 50 51 52 53 54 55 56 57 58 59 ]
