n = 60 ; 
T = 48 ; 
Init = [ 1 1 1 1 1 1 1 1 1 0 0 0 0 0 0 0 0 0 0 0 0 0 0 0 0 0 0 0 0 0 0 0 0 0 0 1 0 0 0 0 0 0 0 0 0 0 0 0 0 0 0 0 0 0 0 0 0 1 1 1 ]
L = [ 8 8 8 8 8 8 8 8 8 3 3 3 3 3 3 3 3 3 3 5 5 5 5 5 5 5 5 5 5 5 5 5 5 5 5 5 10 10 10 10 9 9 9 9 9 9 9 9 9 9 9 9 6 6 6 6 4 9 9 9 ]
l = [ 8 8 8 8 8 8 8 8 8 3 3 3 3 3 3 3 3 3 3 5 5 5 5 5 5 5 5 5 5 5 5 5 5 5 5 5 10 10 10 10 9 9 9 9 9 9 9 9 9 9 9 9 6 6 6 6 4 9 9 9 ]
Pmin = [ 82 82 82 82 82 82 82 82 82 24 24 24 24 24 24 24 24 24 24 54 54 54 54 48 48 48 48 48 48 48 48 48 48 48 48 56 98 98 98 98 100 100 100 100 100 100 100 100 100 100 100 100 63 63 63 63 39 94 94 94 ]
Pmax = [ 338 338 338 338 338 338 338 338 338 83 83 83 83 83 83 83 83 83 83 198 198 198 198 192 192 192 192 192 192 192 192 192 192 192 192 218 408 408 408 408 401 401 401 401 401 401 401 401 401 401 401 401 237 237 237 237 124 390 390 390 ]
cf = [ 17.4157 17.4157 17.4157 17.4157 17.4157 17.4157 17.4157 17.4157 17.4157 48.5296 48.5296 48.5296 48.5296 48.5296 48.5296 48.5296 48.5296 48.5296 48.5296 16.4247 16.4247 16.4247 16.4247 63.0234 63.0234 63.0234 63.0234 63.0234 63.0234 63.0234 63.0234 63.0234 63.0234 63.0234 63.0234 19.0277 54.2659 54.2659 54.2659 54.2659 20.8155 20.8155 20.8155 20.8155 20.8155 20.8155 20.8155 20.8155 20.8155 20.8155 20.8155 20.8155 12.6264 12.6264 12.6264 12.6264 24.6135 17.5691 17.5691 17.5691 ]
c0 = [ 209 209 209 209 209 209 209 209 209 81 81 81 81 81 81 81 81 81 81 156 156 156 156 146 146 146 146 146 146 146 146 146 146 146 146 159 250 250 250 250 250 250 250 250 250 250 250 250 250 250 250 250 175 175 175 175 122 247 247 247 ]
cp = [ 14.2768 14.2768 14.2768 14.2768 14.2768 14.2768 14.2768 14.2768 14.2768 36.2062 36.2062 36.2062 36.2062 36.2062 36.2062 36.2062 36.2062 36.2062 36.2062 16.2207 16.2207 16.2207 16.2207 20.9038 20.9038 20.9038 20.9038 20.9038 20.9038 20.9038 20.9038 20.9038 20.9038 20.9038 20.9038 15.7134 14.0103 14.0103 14.0103 14.0103 10.7201 10.7201 10.7201 10.7201 10.7201 10.7201 10.7201 10.7201 10.7201 10.7201 10.7201 10.7201 20.7711 20.7711 20.7711 20.7711 36.5801 11.1158 11.1158 11.1158 ]
D = [ 4812 5476 6170 6450 7271 8255 8830 9582 9935 10903 11816 12100 12759 11834 11294 10529 9515 8497 9493 11066 12449 10673 8530 6354 4347 5230 5844 6621 7503 8335 9237 9772 11119 11443 12271 13255 14431 12712 11525 9936 9239 7581 9432 10902 12362 10078 8494 5981 ]
K = 10
nk = [ 1 1 1 1 1 1 1 1 1 2 2 2 2 2 2 2 2 2 2 3 3 3 3 4 4 4 4 4 4 4 4 4 4 4 4 5 6 6 6 6 7 7 7 7 7 7 7 7 7 7 7 7 8 8 8 8 9 10 10 10 ]
First = [ 1 0 0 0 0 0 0 0 0 1 0 0 0 0 0 0 0 0 0 1 0 0 0 1 0 0 0 0 0 0 0 0 0 0 0 1 1 0 0 0 1 0 0 0 0 0 0 0 0 0 0 0 1 0 0 0 1 1 0 0 ]
Last = [ 0 0 0 0 0 0 0 0 1 0 0 0 0 0 0 0 0 0 1 0 0 0 1 0 0 0 0 0 0 0 0 0 0 0 1 1 0 0 0 1 0 0 0 0 0 0 0 0 0 0 0 1 0 0 0 1 1 0 0 1 ]
nS = 1
S = [ 0 1 2 3 4 5 6 7 8 9 10 11 12 13 14 15 16 17 18 19 20 21 22 23 24 25 26 27 28 29 30 31 32 33 34 35 36 37 38 39 40 41 42 43 44 45 46 47 48 49 50 51 52 53 54 55 56 57 58 59 ]
