n = 60 ; 
T = 48 ; 
Init = [ 0 0 0 0 0 0 0 0 0 0 1 1 1 1 1 1 1 1 1 0 0 0 0 0 1 1 1 1 1 1 1 0 0 0 0 0 0 0 0 0 0 0 0 0 0 0 0 0 0 0 0 0 0 0 0 0 0 0 0 0 ]
L = [ 10 9 9 9 9 9 9 9 9 9 4 4 4 4 4 4 4 4 4 8 8 8 8 8 10 10 10 10 10 10 10 2 2 2 2 2 2 2 2 2 2 6 6 6 6 6 6 8 5 5 5 5 5 5 5 5 5 5 5 5 ]
l = [ 10 9 9 9 9 9 9 9 9 9 4 4 4 4 4 4 4 4 4 8 8 8 8 8 10 10 10 10 10 10 10 2 2 2 2 2 2 2 2 2 2 6 6 6 6 6 6 8 5 5 5 5 5 5 5 5 5 5 5 5 ]
Pmin = [ 100 97 97 97 97 97 97 97 97 97 42 42 42 42 42 42 42 42 42 76 76 76 76 76 100 100 100 100 100 100 100 28 28 28 28 28 28 28 28 28 28 68 68 68 68 68 68 97 47 47 47 47 47 47 47 47 47 47 47 47 ]
Pmax = [ 420 378 378 378 378 378 378 378 378 378 159 159 159 159 159 159 159 159 159 305 305 305 305 305 420 420 420 420 420 420 420 67 67 67 67 67 67 67 67 67 67 244 244 244 244 244 244 378 179 179 179 179 179 179 179 179 179 179 179 179 ]
cf = [ 33.9757 49.6204 49.6204 49.6204 49.6204 49.6204 49.6204 49.6204 49.6204 49.6204 69.261 69.261 69.261 69.261 69.261 69.261 69.261 69.261 69.261 27.3321 27.3321 27.3321 27.3321 27.3321 40.5032 40.5032 40.5032 40.5032 40.5032 40.5032 40.5032 14.6135 14.6135 14.6135 14.6135 14.6135 14.6135 14.6135 14.6135 14.6135 14.6135 35.7986 35.7986 35.7986 35.7986 35.7986 35.7986 36.4724 53.7817 53.7817 53.7817 53.7817 53.7817 53.7817 53.7817 53.7817 53.7817 53.7817 53.7817 53.7817 ]
c0 = [ 250 250 250 250 250 250 250 250 250 250 116 116 116 116 116 116 116 116 116 212 212 212 212 212 250 250 250 250 250 250 250 79 79 79 79 79 79 79 79 79 79 185 185 185 185 185 185 245 144 144 144 144 144 144 144 144 144 144 144 144 ]
cp = [ 10.2357 19.05 19.05 19.05 19.05 19.05 19.05 19.05 19.05 19.05 27.9244 27.9244 27.9244 27.9244 27.9244 27.9244 27.9244 27.9244 27.9244 22.2672 22.2672 22.2672 22.2672 22.2672 15.8476 15.8476 15.8476 15.8476 15.8476 15.8476 15.8476 40.3732 40.3732 40.3732 40.3732 40.3732 40.3732 40.3732 40.3732 40.3732 40.3732 21.1292 21.1292 21.1292 21.1292 21.1292 21.1292 13.6868 25.6661 25.6661 25.6661 25.6661 25.6661 25.6661 25.6661 25.6661 25.6661 25.6661 25.6661 25.6661 ]
D = [ 3663 4391 4778 5840 6375 7240 7808 9118 9830 10334 10971 11942 12945 11644 10412 9308 8289 6961 8400 9472 10900 9334 7187 5252 3571 4428 5074 5722 6771 7708 8121 8690 9998 10375 11461 11928 12746 11649 10540 9401 8799 7737 8840 9595 10747 8753 7343 5334 ]
K = 9
nk = [ 1 2 2 2 2 2 2 2 2 2 3 3 3 3 3 3 3 3 3 4 4 4 4 4 5 5 5 5 5 5 5 6 6 6 6 6 6 6 6 6 6 7 7 7 7 7 7 8 9 9 9 9 9 9 9 9 9 9 9 9 ]
First = [ 1 1 0 0 0 0 0 0 0 0 1 0 0 0 0 0 0 0 0 1 0 0 0 0 1 0 0 0 0 0 0 1 0 0 0 0 0 0 0 0 0 1 0 0 0 0 0 1 1 0 0 0 0 0 0 0 0 0 0 0 ]
Last = [ 1 0 0 0 0 0 0 0 0 1 0 0 0 0 0 0 0 0 1 0 0 0 0 1 0 0 0 0 0 0 1 0 0 0 0 0 0 0 0 0 1 0 0 0 0 0 1 1 0 0 0 0 0 0 0 0 0 0 0 1 ]
nS = 1
S = [ 0 1 2 3 4 5 6 7 8 9 10 11 12 13 14 15 16 17 18 19 20 21 22 23 24 25 26 27 28 29 30 31 32 33 34 35 36 37 38 39 40 41 42 43 44 45 46 47 48 49 50 51 52 53 54 55 56 57 58 59 ]
