n = 60 ; 
T = 48 ; 
Init = [ 1 1 1 1 1 0 0 0 0 0 0 0 0 0 0 0 0 1 0 0 0 0 0 0 0 1 1 1 1 1 1 1 1 1 1 1 0 0 0 0 0 0 0 0 0 0 0 0 0 0 0 0 0 0 0 0 0 0 0 0 ]
L = [ 3 3 3 3 3 7 9 9 9 9 9 9 9 9 9 9 9 5 2 2 2 2 2 2 2 3 3 3 3 3 3 3 3 3 3 3 9 9 9 9 9 9 9 8 8 8 8 8 8 8 8 9 9 9 4 4 4 4 4 4 ]
l = [ 3 3 3 3 3 7 9 9 9 9 9 9 9 9 9 9 9 5 2 2 2 2 2 2 2 3 3 3 3 3 3 3 3 3 3 3 9 9 9 9 9 9 9 8 8 8 8 8 8 8 8 9 9 9 4 4 4 4 4 4 ]
Pmin = [ 31 31 31 31 31 79 100 100 100 100 100 100 100 100 100 100 100 52 23 23 23 23 23 23 23 24 24 24 24 24 24 24 24 24 24 24 100 100 100 100 100 100 100 77 77 77 77 77 77 77 77 99 99 100 40 40 40 40 40 40 ]
Pmax = [ 102 102 102 102 102 323 392 392 392 392 392 392 392 392 392 392 392 205 53 53 53 53 53 53 53 82 82 82 82 82 82 82 82 82 82 82 397 397 397 397 397 397 397 314 314 314 314 314 314 314 314 383 383 420 131 131 131 131 131 131 ]
cf = [ 49.2917 49.2917 49.2917 49.2917 49.2917 35.4761 20.4694 20.4694 20.4694 20.4694 20.4694 20.4694 20.4694 20.4694 20.4694 20.4694 20.4694 17.7354 57.1586 57.1586 57.1586 57.1586 57.1586 57.1586 57.1586 46.8218 46.8218 46.8218 46.8218 46.8218 46.8218 46.8218 46.8218 46.8218 46.8218 46.8218 16.0425 16.0425 16.0425 16.0425 16.0425 16.0425 16.0425 34.4842 34.4842 34.4842 34.4842 34.4842 34.4842 34.4842 34.4842 47.1817 47.1817 63.7179 68.8797 68.8797 68.8797 68.8797 68.8797 68.8797 ]
c0 = [ 98 98 98 98 98 207 250 250 250 250 250 250 250 250 250 250 250 150 76 76 76 76 76 76 76 74 74 74 74 74 74 74 74 74 74 74 250 250 250 250 250 250 250 213 213 213 213 213 213 213 213 250 250 250 125 125 125 125 125 125 ]
cp = [ 39.561 39.561 39.561 39.561 39.561 19.9572 11.0942 11.0942 11.0942 11.0942 11.0942 11.0942 11.0942 11.0942 11.0942 11.0942 11.0942 38.9695 41.8016 41.8016 41.8016 41.8016 41.8016 41.8016 41.8016 40.5531 40.5531 40.5531 40.5531 40.5531 40.5531 40.5531 40.5531 40.5531 40.5531 40.5531 10.4132 10.4132 10.4132 10.4132 10.4132 10.4132 10.4132 20.0444 20.0444 20.0444 20.0444 20.0444 20.0444 20.0444 20.0444 19.4917 19.4917 10.5774 29.9294 29.9294 29.9294 29.9294 29.9294 29.9294 ]
D = [ 2907 3719 4225 5133 5716 6406 7303 8259 8753 9766 10482 10757 11870 10812 9959 8654 8010 6976 8217 9495 11055 9132 7181 5636 3554 4284 4899 5944 6442 7228 7562 8568 8957 9509 10271 10935 12020 10615 9950 8723 7469 6503 8048 9178 10999 9300 7467 5545 ]
K = 11
nk = [ 1 1 1 1 1 2 3 3 3 3 3 3 3 3 3 3 3 4 5 5 5 5 5 5 5 6 6 6 6 6 6 6 6 6 6 6 7 7 7 7 7 7 7 8 8 8 8 8 8 8 8 9 9 10 11 11 11 11 11 11 ]
First = [ 1 0 0 0 0 1 1 0 0 0 0 0 0 0 0 0 0 1 1 0 0 0 0 0 0 1 0 0 0 0 0 0 0 0 0 0 1 0 0 0 0 0 0 1 0 0 0 0 0 0 0 1 0 1 1 0 0 0 0 0 ]
Last = [ 0 0 0 0 1 1 0 0 0 0 0 0 0 0 0 0 1 1 0 0 0 0 0 0 1 0 0 0 0 0 0 0 0 0 0 1 0 0 0 0 0 0 1 0 0 0 0 0 0 0 1 0 1 1 0 0 0 0 0 1 ]
nS = 1
S = [ 0 1 2 3 4 5 6 7 8 9 10 11 12 13 14 15 16 17 18 19 20 21 22 23 24 25 26 27 28 29 30 31 32 33 34 35 36 37 38 39 40 41 42 43 44 45 46 47 48 49 50 51 52 53 54 55 56 57 58 59 ]
