n = 60 ; 
T = 48 ; 
Init = [ 0 1 0 0 0 0 0 0 1 1 1 1 1 1 1 0 0 0 0 0 1 1 1 1 1 1 1 1 1 1 1 1 1 1 1 1 1 1 1 1 1 1 1 1 1 1 1 1 1 1 1 1 1 1 1 0 0 0 0 0 ]
L = [ 7 9 7 6 6 6 6 6 8 8 8 8 8 8 8 5 5 5 5 5 10 10 10 10 10 10 10 10 10 10 10 4 4 4 4 4 4 4 4 4 4 4 4 4 4 4 4 4 4 4 4 4 4 4 4 2 2 2 2 2 ]
l = [ 7 9 7 6 6 6 6 6 8 8 8 8 8 8 8 5 5 5 5 5 10 10 10 10 10 10 10 10 10 10 10 4 4 4 4 4 4 4 4 4 4 4 4 4 4 4 4 4 4 4 4 4 4 4 4 2 2 2 2 2 ]
Pmin = [ 74 98 78 73 73 73 73 73 91 91 91 91 91 91 91 63 63 63 63 63 100 100 100 100 100 100 100 100 100 100 100 37 37 37 37 37 37 37 37 37 40 40 40 40 40 40 40 40 43 43 43 43 43 43 43 17 17 17 17 17 ]
Pmax = [ 287 394 291 264 264 264 264 264 360 360 360 360 360 360 360 225 225 225 225 225 420 420 420 420 420 420 420 420 420 420 420 128 128 128 128 128 128 128 128 128 123 123 123 123 123 123 123 123 134 134 134 134 134 134 134 47 47 47 47 47 ]
cf = [ 33.6229 18.4037 36.0938 54.5461 54.5461 54.5461 54.5461 54.5461 46.7121 46.7121 46.7121 46.7121 46.7121 46.7121 46.7121 60.6698 60.6698 60.6698 60.6698 60.6698 65.283 65.283 65.283 65.283 65.283 65.283 65.283 65.283 65.283 65.283 65.283 18.3972 18.3972 18.3972 18.3972 18.3972 18.3972 18.3972 18.3972 18.3972 37.833 37.833 37.833 37.833 37.833 37.833 37.833 37.833 33.2284 33.2284 33.2284 33.2284 33.2284 33.2284 33.2284 17.4205 17.4205 17.4205 17.4205 17.4205 ]
c0 = [ 206 250 220 192 192 192 192 192 247 247 247 247 247 247 247 165 165 165 165 165 250 250 250 250 250 250 250 250 250 250 250 105 105 105 105 105 105 105 105 105 115 115 115 115 115 115 115 115 126 126 126 126 126 126 126 67 67 67 67 67 ]
cp = [ 27.0531 9.3139 17.3051 26.9391 26.9391 26.9391 26.9391 26.9391 23.2591 23.2591 23.2591 23.2591 23.2591 23.2591 23.2591 31.2089 31.2089 31.2089 31.2089 31.2089 10.5527 10.5527 10.5527 10.5527 10.5527 10.5527 10.5527 10.5527 10.5527 10.5527 10.5527 34.5725 34.5725 34.5725 34.5725 34.5725 34.5725 34.5725 34.5725 34.5725 30.9631 30.9631 30.9631 30.9631 30.9631 30.9631 30.9631 30.9631 17.161 17.161 17.161 17.161 17.161 17.161 17.161 38.3598 38.3598 38.3598 38.3598 38.3598 ]
D = [ 3393 3906 5136 5397 6332 7330 7632 8849 9369 10191 10727 11526 12427 11555 10606 9339 8577 7504 8154 9332 10343 8718 7450 5570 4171 4716 5104 6047 6516 6969 7541 8257 8815 9298 10338 10968 11235 10348 9708 8697 7874 7535 8206 9865 10569 9053 7249 5614 ]
K = 11
nk = [ 1 2 3 4 4 4 4 4 5 5 5 5 5 5 5 6 6 6 6 6 7 7 7 7 7 7 7 7 7 7 7 8 8 8 8 8 8 8 8 8 9 9 9 9 9 9 9 9 10 10 10 10 10 10 10 11 11 11 11 11 ]
First = [ 1 1 1 1 0 0 0 0 1 0 0 0 0 0 0 1 0 0 0 0 1 0 0 0 0 0 0 0 0 0 0 1 0 0 0 0 0 0 0 0 1 0 0 0 0 0 0 0 1 0 0 0 0 0 0 1 0 0 0 0 ]
Last = [ 1 1 1 0 0 0 0 1 0 0 0 0 0 0 1 0 0 0 0 1 0 0 0 0 0 0 0 0 0 0 1 0 0 0 0 0 0 0 0 1 0 0 0 0 0 0 0 1 0 0 0 0 0 0 1 0 0 0 0 1 ]
nS = 1
S = [ 0 1 2 3 4 5 6 7 8 9 10 11 12 13 14 15 16 17 18 19 20 21 22 23 24 25 26 27 28 29 30 31 32 33 34 35 36 37 38 39 40 41 42 43 44 45 46 47 48 49 50 51 52 53 54 55 56 57 58 59 ]
