n = 60 ; 
T = 48 ; 
Init = [ 1 1 1 1 1 1 1 1 1 1 1 1 1 1 1 1 1 0 0 0 0 0 0 0 0 0 0 0 0 0 0 0 0 0 0 0 0 0 0 0 0 0 0 0 0 0 0 0 0 0 0 0 0 0 0 0 0 0 1 1 ]
L = [ 8 8 8 8 8 8 8 8 6 6 6 6 6 6 6 6 6 7 7 7 7 7 7 7 7 3 3 3 3 3 3 3 3 3 3 5 5 5 5 5 5 5 5 5 5 5 5 9 9 9 9 9 9 9 9 9 9 9 9 9 ]
l = [ 8 8 8 8 8 8 8 8 6 6 6 6 6 6 6 6 6 7 7 7 7 7 7 7 7 3 3 3 3 3 3 3 3 3 3 5 5 5 5 5 5 5 5 5 5 5 5 9 9 9 9 9 9 9 9 9 9 9 9 9 ]
Pmin = [ 90 90 90 90 90 90 90 90 71 71 71 71 71 71 71 71 71 80 80 80 80 80 80 80 80 33 33 33 33 33 33 33 33 33 33 53 53 53 53 53 53 53 53 53 53 53 53 96 96 96 96 96 96 96 96 96 96 96 94 94 ]
Pmax = [ 350 350 350 350 350 350 350 350 259 259 259 259 259 259 259 259 259 311 311 311 311 311 311 311 311 104 104 104 104 104 104 104 104 104 104 208 208 208 208 208 208 208 208 208 208 208 208 387 387 387 387 387 387 387 387 387 387 387 371 371 ]
cf = [ 56.1045 56.1045 56.1045 56.1045 56.1045 56.1045 56.1045 56.1045 26.7524 26.7524 26.7524 26.7524 26.7524 26.7524 26.7524 26.7524 26.7524 50.8444 50.8444 50.8444 50.8444 50.8444 50.8444 50.8444 50.8444 31.5648 31.5648 31.5648 31.5648 31.5648 31.5648 31.5648 31.5648 31.5648 31.5648 56.576 56.576 56.576 56.576 56.576 56.576 56.576 56.576 56.576 56.576 56.576 56.576 21.1859 21.1859 21.1859 21.1859 21.1859 21.1859 21.1859 21.1859 21.1859 21.1859 21.1859 67.4762 67.4762 ]
c0 = [ 237 237 237 237 237 237 237 237 182 182 182 182 182 182 182 182 182 210 210 210 210 210 210 210 210 105 105 105 105 105 105 105 105 105 105 158 158 158 158 158 158 158 158 158 158 158 158 250 250 250 250 250 250 250 250 250 250 250 250 250 ]
cp = [ 17.0355 17.0355 17.0355 17.0355 17.0355 17.0355 17.0355 17.0355 22.2253 22.2253 22.2253 22.2253 22.2253 22.2253 22.2253 22.2253 22.2253 20.3347 20.3347 20.3347 20.3347 20.3347 20.3347 20.3347 20.3347 39.6782 39.6782 39.6782 39.6782 39.6782 39.6782 39.6782 39.6782 39.6782 39.6782 29.9267 29.9267 29.9267 29.9267 29.9267 29.9267 29.9267 29.9267 29.9267 29.9267 29.9267 29.9267 11.6343 11.6343 11.6343 11.6343 11.6343 11.6343 11.6343 11.6343 11.6343 11.6343 11.6343 18.3524 18.3524 ]
D = [ 4091 5115 5514 6678 7136 8565 9109 9685 10517 11746 12519 13453 14351 12811 11889 10298 9230 7401 9407 11270 12596 10353 8111 6123 4022 4309 5297 6241 6737 7407 8619 9062 10085 11036 11475 12245 13132 12535 10939 10438 9558 8304 9381 10611 11638 9238 7747 5220 ]
K = 7
nk = [ 1 1 1 1 1 1 1 1 2 2 2 2 2 2 2 2 2 3 3 3 3 3 3 3 3 4 4 4 4 4 4 4 4 4 4 5 5 5 5 5 5 5 5 5 5 5 5 6 6 6 6 6 6 6 6 6 6 6 7 7 ]
First = [ 1 0 0 0 0 0 0 0 1 0 0 0 0 0 0 0 0 1 0 0 0 0 0 0 0 1 0 0 0 0 0 0 0 0 0 1 0 0 0 0 0 0 0 0 0 0 0 1 0 0 0 0 0 0 0 0 0 0 1 0 ]
Last = [ 0 0 0 0 0 0 0 1 0 0 0 0 0 0 0 0 1 0 0 0 0 0 0 0 1 0 0 0 0 0 0 0 0 0 1 0 0 0 0 0 0 0 0 0 0 0 1 0 0 0 0 0 0 0 0 0 0 1 0 1 ]
nS = 1
S = [ 0 1 2 3 4 5 6 7 8 9 10 11 12 13 14 15 16 17 18 19 20 21 22 23 24 25 26 27 28 29 30 31 32 33 34 35 36 37 38 39 40 41 42 43 44 45 46 47 48 49 50 51 52 53 54 55 56 57 58 59 ]
