n = 60 ; 
T = 48 ; 
Init = [ 1 1 1 1 1 1 1 1 1 1 1 0 0 0 0 0 0 0 0 0 0 0 0 1 1 1 1 1 1 1 1 1 1 1 1 1 1 1 1 1 1 1 1 1 1 1 1 1 1 0 0 0 0 0 0 0 0 0 0 0 ]
L = [ 4 4 4 4 4 4 4 4 4 4 4 7 7 7 7 7 7 7 7 7 7 7 7 9 9 9 9 9 9 9 9 9 2 2 2 2 2 2 2 2 6 6 6 6 6 6 6 6 6 5 5 5 5 5 5 5 5 5 5 9 ]
l = [ 4 4 4 4 4 4 4 4 4 4 4 7 7 7 7 7 7 7 7 7 7 7 7 9 9 9 9 9 9 9 9 9 2 2 2 2 2 2 2 2 6 6 6 6 6 6 6 6 6 5 5 5 5 5 5 5 5 5 5 9 ]
Pmin = [ 30 30 30 30 30 30 30 30 30 30 30 76 76 76 76 76 76 76 76 76 76 76 76 94 94 94 94 94 94 94 94 94 19 19 19 19 19 19 19 19 72 72 72 72 72 72 72 72 72 51 51 51 51 51 51 51 51 51 51 100 ]
Pmax = [ 117 117 117 117 117 117 117 117 117 117 117 292 292 292 292 292 292 292 292 292 292 292 292 375 375 375 375 375 375 375 375 375 30 30 30 30 30 30 30 30 277 277 277 277 277 277 277 277 277 203 203 203 203 203 203 203 203 203 203 407 ]
cf = [ 30.3347 30.3347 30.3347 30.3347 30.3347 30.3347 30.3347 30.3347 30.3347 30.3347 30.3347 46.1817 46.1817 46.1817 46.1817 46.1817 46.1817 46.1817 46.1817 46.1817 46.1817 46.1817 46.1817 23.2807 23.2807 23.2807 23.2807 23.2807 23.2807 23.2807 23.2807 23.2807 56.813 56.813 56.813 56.813 56.813 56.813 56.813 56.813 45.6051 45.6051 45.6051 45.6051 45.6051 45.6051 45.6051 45.6051 45.6051 63.6521 63.6521 63.6521 63.6521 63.6521 63.6521 63.6521 63.6521 63.6521 63.6521 32.6495 ]
c0 = [ 86 86 86 86 86 86 86 86 86 86 86 201 201 201 201 201 201 201 201 201 201 201 201 244 244 244 244 244 244 244 244 244 61 61 61 61 61 61 61 61 188 188 188 188 188 188 188 188 188 154 154 154 154 154 154 154 154 154 154 250 ]
cp = [ 36.0234 36.0234 36.0234 36.0234 36.0234 36.0234 36.0234 36.0234 36.0234 36.0234 36.0234 18.0804 18.0804 18.0804 18.0804 18.0804 18.0804 18.0804 18.0804 18.0804 18.0804 18.0804 18.0804 21.5113 21.5113 21.5113 21.5113 21.5113 21.5113 21.5113 21.5113 21.5113 40.4105 40.4105 40.4105 40.4105 40.4105 40.4105 40.4105 40.4105 29.1769 29.1769 29.1769 29.1769 29.1769 29.1769 29.1769 29.1769 29.1769 21.2726 21.2726 21.2726 21.2726 21.2726 21.2726 21.2726 21.2726 21.2726 21.2726 13.7703 ]
D = [ 3814 4432 5355 5574 6536 7004 7423 7949 8858 9363 10154 10427 11365 10312 9160 8231 7604 6711 7717 9013 10098 8523 6858 5304 3822 4394 5045 5478 6372 7176 7970 8199 8821 9541 10612 11138 11516 10551 9704 8775 7580 6726 7594 8463 9409 7732 6379 4778 ]
K = 7
nk = [ 1 1 1 1 1 1 1 1 1 1 1 2 2 2 2 2 2 2 2 2 2 2 2 3 3 3 3 3 3 3 3 3 4 4 4 4 4 4 4 4 5 5 5 5 5 5 5 5 5 6 6 6 6 6 6 6 6 6 6 7 ]
First = [ 1 0 0 0 0 0 0 0 0 0 0 1 0 0 0 0 0 0 0 0 0 0 0 1 0 0 0 0 0 0 0 0 1 0 0 0 0 0 0 0 1 0 0 0 0 0 0 0 0 1 0 0 0 0 0 0 0 0 0 1 ]
Last = [ 0 0 0 0 0 0 0 0 0 0 1 0 0 0 0 0 0 0 0 0 0 0 1 0 0 0 0 0 0 0 0 1 0 0 0 0 0 0 0 1 0 0 0 0 0 0 0 0 1 0 0 0 0 0 0 0 0 0 1 1 ]
nS = 1
S = [ 0 1 2 3 4 5 6 7 8 9 10 11 12 13 14 15 16 17 18 19 20 21 22 23 24 25 26 27 28 29 30 31 32 33 34 35 36 37 38 39 40 41 42 43 44 45 46 47 48 49 50 51 52 53 54 55 56 57 58 59 ]
