n = 60 ; 
T = 48 ; 
Init = [ 1 1 1 1 1 1 1 1 1 1 0 0 0 0 0 0 0 0 0 0 1 1 1 1 1 1 1 1 1 1 1 1 0 0 0 0 0 0 0 0 0 0 0 0 0 0 0 0 0 1 1 1 1 1 1 1 1 1 1 0 ]
L = [ 9 9 9 9 9 9 9 9 9 9 8 8 8 8 8 8 8 8 8 8 9 9 9 9 9 9 9 9 9 9 9 9 5 5 5 5 5 5 5 5 5 5 5 5 9 9 9 2 2 9 9 9 9 9 9 9 9 9 9 7 ]
l = [ 9 9 9 9 9 9 9 9 9 9 8 8 8 8 8 8 8 8 8 8 9 9 9 9 9 9 9 9 9 9 9 9 5 5 5 5 5 5 5 5 5 5 5 5 9 9 9 2 2 9 9 9 9 9 9 9 9 9 9 7 ]
Pmin = [ 100 100 100 100 100 100 100 100 100 100 91 91 91 91 91 91 91 91 91 91 99 99 99 99 99 99 99 99 99 99 99 99 54 54 54 54 54 54 54 54 54 54 54 54 94 94 94 20 20 100 100 100 100 100 100 100 100 100 100 70 ]
Pmax = [ 420 420 420 420 420 420 420 420 420 420 369 369 369 369 369 369 369 369 369 369 394 394 394 394 394 394 394 394 394 394 394 394 188 188 188 188 188 188 188 188 188 188 188 188 377 377 377 66 66 420 420 420 420 420 420 420 420 420 420 284 ]
cf = [ 49.1034 49.1034 49.1034 49.1034 49.1034 49.1034 49.1034 49.1034 49.1034 49.1034 24.5703 24.5703 24.5703 24.5703 24.5703 24.5703 24.5703 24.5703 24.5703 24.5703 26.4343 26.4343 26.4343 26.4343 26.4343 26.4343 26.4343 26.4343 26.4343 26.4343 26.4343 26.4343 57.9963 57.9963 57.9963 57.9963 57.9963 57.9963 57.9963 57.9963 57.9963 57.9963 57.9963 57.9963 42.11 42.11 42.11 53.161 53.161 50.6045 50.6045 50.6045 50.6045 50.6045 50.6045 50.6045 50.6045 50.6045 50.6045 45.2719 ]
c0 = [ 250 250 250 250 250 250 250 250 250 250 241 241 241 241 241 241 241 241 241 241 250 250 250 250 250 250 250 250 250 250 250 250 161 161 161 161 161 161 161 161 161 161 161 161 250 250 250 75 75 250 250 250 250 250 250 250 250 250 250 180 ]
cp = [ 10.1731 10.1731 10.1731 10.1731 10.1731 10.1731 10.1731 10.1731 10.1731 10.1731 16.511 16.511 16.511 16.511 16.511 16.511 16.511 16.511 16.511 16.511 18.3047 18.3047 18.3047 18.3047 18.3047 18.3047 18.3047 18.3047 18.3047 18.3047 18.3047 18.3047 34.2029 34.2029 34.2029 34.2029 34.2029 34.2029 34.2029 34.2029 34.2029 34.2029 34.2029 34.2029 12.4363 12.4363 12.4363 40.6593 40.6593 15.7067 15.7067 15.7067 15.7067 15.7067 15.7067 15.7067 15.7067 15.7067 15.7067 13.5539 ]
D = [ 5459 6405 7955 8933 9573 11078 12075 12416 13610 14755 15724 16803 17667 16772 15111 13530 11957 10753 12072 13622 15762 12780 10124 8008 4927 6274 7393 8438 9486 10559 12047 12752 13799 15429 16305 17473 18224 17281 15590 14150 12125 10256 11668 13688 14609 12174 10111 7627 ]
K = 8
nk = [ 1 1 1 1 1 1 1 1 1 1 2 2 2 2 2 2 2 2 2 2 3 3 3 3 3 3 3 3 3 3 3 3 4 4 4 4 4 4 4 4 4 4 4 4 5 5 5 6 6 7 7 7 7 7 7 7 7 7 7 8 ]
First = [ 1 0 0 0 0 0 0 0 0 0 1 0 0 0 0 0 0 0 0 0 1 0 0 0 0 0 0 0 0 0 0 0 1 0 0 0 0 0 0 0 0 0 0 0 1 0 0 1 0 1 0 0 0 0 0 0 0 0 0 1 ]
Last = [ 0 0 0 0 0 0 0 0 0 1 0 0 0 0 0 0 0 0 0 1 0 0 0 0 0 0 0 0 0 0 0 1 0 0 0 0 0 0 0 0 0 0 0 1 0 0 1 0 1 0 0 0 0 0 0 0 0 0 1 1 ]
nS = 1
S = [ 0 1 2 3 4 5 6 7 8 9 10 11 12 13 14 15 16 17 18 19 20 21 22 23 24 25 26 27 28 29 30 31 32 33 34 35 36 37 38 39 40 41 42 43 44 45 46 47 48 49 50 51 52 53 54 55 56 57 58 59 ]
