n = 60 ; 
T = 48 ; 
Init = [ 0 0 0 0 0 0 0 0 0 1 1 1 1 1 1 1 1 1 0 0 0 0 0 0 0 0 0 0 0 0 1 1 1 1 1 1 1 1 0 0 0 0 0 0 0 0 0 0 0 0 0 0 0 0 0 0 0 0 0 0 ]
L = [ 4 4 4 4 4 4 4 4 4 4 4 4 4 4 4 4 4 4 3 3 3 3 3 3 3 3 3 3 3 3 2 2 2 2 2 2 2 2 4 4 4 4 4 4 4 4 4 4 4 4 8 8 8 8 8 8 8 4 4 4 ]
l = [ 4 4 4 4 4 4 4 4 4 4 4 4 4 4 4 4 4 4 3 3 3 3 3 3 3 3 3 3 3 3 2 2 2 2 2 2 2 2 4 4 4 4 4 4 4 4 4 4 4 4 8 8 8 8 8 8 8 4 4 4 ]
Pmin = [ 42 42 42 42 42 42 42 42 46 41 41 41 41 41 41 41 41 41 37 37 37 37 37 37 37 37 37 37 37 37 19 19 19 19 19 19 19 19 37 37 37 37 37 37 37 37 37 37 37 37 83 83 83 83 83 83 83 40 40 40 ]
Pmax = [ 142 142 142 142 142 142 142 142 156 145 145 145 145 145 145 145 145 145 123 123 123 123 123 123 123 123 123 123 123 123 64 64 64 64 64 64 64 64 124 124 124 124 124 124 124 124 124 124 124 124 343 343 343 343 343 343 343 156 156 156 ]
cf = [ 56.1672 56.1672 56.1672 56.1672 56.1672 56.1672 56.1672 56.1672 59.8398 42.9263 42.9263 42.9263 42.9263 42.9263 42.9263 42.9263 42.9263 42.9263 65.4222 65.4222 65.4222 65.4222 65.4222 65.4222 65.4222 65.4222 65.4222 65.4222 65.4222 65.4222 67.5914 67.5914 67.5914 67.5914 67.5914 67.5914 67.5914 67.5914 31.5924 31.5924 31.5924 31.5924 31.5924 31.5924 31.5924 31.5924 31.5924 31.5924 31.5924 31.5924 59.2562 59.2562 59.2562 59.2562 59.2562 59.2562 59.2562 13.6309 13.6309 13.6309 ]
c0 = [ 115 115 115 115 115 115 115 115 133 126 126 126 126 126 126 126 126 126 112 112 112 112 112 112 112 112 112 112 112 112 73 73 73 73 73 73 73 73 100 100 100 100 100 100 100 100 100 100 100 100 210 210 210 210 210 210 210 119 119 119 ]
cp = [ 39.2212 39.2212 39.2212 39.2212 39.2212 39.2212 39.2212 39.2212 38.6452 34.0317 34.0317 34.0317 34.0317 34.0317 34.0317 34.0317 34.0317 34.0317 35.514 35.514 35.514 35.514 35.514 35.514 35.514 35.514 35.514 35.514 35.514 35.514 37.5952 37.5952 37.5952 37.5952 37.5952 37.5952 37.5952 37.5952 27.2588 27.2588 27.2588 27.2588 27.2588 27.2588 27.2588 27.2588 27.2588 27.2588 27.2588 27.2588 22.0731 22.0731 22.0731 22.0731 22.0731 22.0731 22.0731 35.3831 35.3831 35.3831 ]
D = [ 1898 2347 2958 3353 3731 4522 4905 5312 6016 6345 6727 7238 7869 6959 6316 5559 5163 4177 5064 6102 6801 5815 4559 3340 2109 2716 3095 3512 3877 4156 4814 5117 5640 5852 6363 6720 7177 6759 6306 5614 5261 4758 5152 6007 6290 5555 4227 3422 ]
K = 8
nk = [ 1 1 1 1 1 1 1 1 2 3 3 3 3 3 3 3 3 3 4 4 4 4 4 4 4 4 4 4 4 4 5 5 5 5 5 5 5 5 6 6 6 6 6 6 6 6 6 6 6 6 7 7 7 7 7 7 7 8 8 8 ]
First = [ 1 0 0 0 0 0 0 0 1 1 0 0 0 0 0 0 0 0 1 0 0 0 0 0 0 0 0 0 0 0 1 0 0 0 0 0 0 0 1 0 0 0 0 0 0 0 0 0 0 0 1 0 0 0 0 0 0 1 0 0 ]
Last = [ 0 0 0 0 0 0 0 1 1 0 0 0 0 0 0 0 0 1 0 0 0 0 0 0 0 0 0 0 0 1 0 0 0 0 0 0 0 1 0 0 0 0 0 0 0 0 0 0 0 1 0 0 0 0 0 0 1 0 0 1 ]
nS = 1
S = [ 0 1 2 3 4 5 6 7 8 9 10 11 12 13 14 15 16 17 18 19 20 21 22 23 24 25 26 27 28 29 30 31 32 33 34 35 36 37 38 39 40 41 42 43 44 45 46 47 48 49 50 51 52 53 54 55 56 57 58 59 ]
