n = 60 ; 
T = 48 ; 
Init = [ 0 0 0 0 0 0 0 0 0 0 0 0 0 0 0 0 0 0 0 0 0 0 0 0 0 0 0 0 0 0 0 0 0 0 0 0 0 0 0 0 0 0 0 0 0 0 0 0 0 0 0 0 0 0 0 0 0 0 1 1 ]
L = [ 5 2 2 2 2 2 2 2 2 2 6 6 6 6 6 6 6 6 6 6 6 6 3 5 5 5 5 5 5 5 7 7 7 7 7 7 7 7 7 7 7 8 8 8 8 8 8 8 8 7 7 7 7 7 7 7 7 7 5 5 ]
l = [ 5 2 2 2 2 2 2 2 2 2 6 6 6 6 6 6 6 6 6 6 6 6 3 5 5 5 5 5 5 5 7 7 7 7 7 7 7 7 7 7 7 8 8 8 8 8 8 8 8 7 7 7 7 7 7 7 7 7 5 5 ]
Pmin = [ 48 19 19 19 19 19 19 19 19 19 57 57 57 57 57 57 57 57 57 57 57 57 28 43 43 43 43 43 43 43 75 75 75 75 75 75 75 75 75 75 75 96 96 96 96 96 96 96 96 69 69 69 69 69 69 69 69 69 50 50 ]
Pmax = [ 181 54 54 54 54 54 54 54 54 54 214 214 214 214 214 214 214 214 214 214 214 214 86 164 164 164 164 164 164 164 286 286 286 286 286 286 286 286 286 286 286 367 367 367 367 367 367 367 367 249 249 249 249 249 249 249 249 249 192 192 ]
cf = [ 37.3317 55.8381 55.8381 55.8381 55.8381 55.8381 55.8381 55.8381 55.8381 55.8381 64.1778 64.1778 64.1778 64.1778 64.1778 64.1778 64.1778 64.1778 64.1778 64.1778 64.1778 64.1778 29.5695 61.4641 61.4641 61.4641 61.4641 61.4641 61.4641 61.4641 15.7146 15.7146 15.7146 15.7146 15.7146 15.7146 15.7146 15.7146 15.7146 15.7146 15.7146 35.7354 35.7354 35.7354 35.7354 35.7354 35.7354 35.7354 35.7354 31.1421 31.1421 31.1421 31.1421 31.1421 31.1421 31.1421 31.1421 31.1421 37.4556 37.4556 ]
c0 = [ 145 68 68 68 68 68 68 68 68 68 165 165 165 165 165 165 165 165 165 165 165 165 87 118 118 118 118 118 118 118 199 199 199 199 199 199 199 199 199 199 199 243 243 243 243 243 243 243 243 185 185 185 185 185 185 185 185 185 153 153 ]
cp = [ 32.4475 41.5981 41.5981 41.5981 41.5981 41.5981 41.5981 41.5981 41.5981 41.5981 33.3479 33.3479 33.3479 33.3479 33.3479 33.3479 33.3479 33.3479 33.3479 33.3479 33.3479 33.3479 32.4691 29.246 29.246 29.246 29.246 29.246 29.246 29.246 25.6651 25.6651 25.6651 25.6651 25.6651 25.6651 25.6651 25.6651 25.6651 25.6651 25.6651 10.5183 10.5183 10.5183 10.5183 10.5183 10.5183 10.5183 10.5183 18.3769 18.3769 18.3769 18.3769 18.3769 18.3769 18.3769 18.3769 18.3769 22.2214 22.2214 ]
D = [ 3146 3646 4227 4831 5925 6520 7047 7621 8550 9006 9982 10390 11364 10006 9247 8275 7338 6809 7491 8811 9813 8480 6694 5427 3835 4504 5324 6080 6650 7393 8035 8518 9108 9643 10375 11267 12098 10891 9884 8603 8076 7009 7851 9330 10065 8434 7122 5191 ]
K = 9
nk = [ 1 2 2 2 2 2 2 2 2 2 3 3 3 3 3 3 3 3 3 3 3 3 4 5 5 5 5 5 5 5 6 6 6 6 6 6 6 6 6 6 6 7 7 7 7 7 7 7 7 8 8 8 8 8 8 8 8 8 9 9 ]
First = [ 1 1 0 0 0 0 0 0 0 0 1 0 0 0 0 0 0 0 0 0 0 0 1 1 0 0 0 0 0 0 1 0 0 0 0 0 0 0 0 0 0 1 0 0 0 0 0 0 0 1 0 0 0 0 0 0 0 0 1 0 ]
Last = [ 1 0 0 0 0 0 0 0 0 1 0 0 0 0 0 0 0 0 0 0 0 1 1 0 0 0 0 0 0 1 0 0 0 0 0 0 0 0 0 0 1 0 0 0 0 0 0 0 1 0 0 0 0 0 0 0 0 1 0 1 ]
nS = 1
S = [ 0 1 2 3 4 5 6 7 8 9 10 11 12 13 14 15 16 17 18 19 20 21 22 23 24 25 26 27 28 29 30 31 32 33 34 35 36 37 38 39 40 41 42 43 44 45 46 47 48 49 50 51 52 53 54 55 56 57 58 59 ]
