n = 60 ; 
T = 48 ; 
Init = [ 0 0 0 0 0 0 0 0 0 0 0 0 0 0 0 0 0 1 1 1 1 1 1 1 1 1 1 0 0 0 0 0 0 0 0 0 0 0 0 1 1 1 1 1 1 1 1 1 1 1 1 1 1 1 1 1 0 0 1 1 ]
L = [ 6 6 6 6 4 4 4 4 3 3 3 3 3 3 3 3 3 9 9 9 9 9 9 9 9 9 9 4 4 4 4 4 4 4 4 4 4 4 4 9 9 9 9 9 9 9 9 9 9 9 9 5 5 5 5 5 6 6 5 5 ]
l = [ 6 6 6 6 4 4 4 4 3 3 3 3 3 3 3 3 3 9 9 9 9 9 9 9 9 9 9 4 4 4 4 4 4 4 4 4 4 4 4 9 9 9 9 9 9 9 9 9 9 9 9 5 5 5 5 5 6 6 5 5 ]
Pmin = [ 56 56 56 56 45 45 45 45 30 30 30 30 30 30 30 30 30 91 91 91 91 91 91 91 91 91 91 35 35 35 35 35 35 35 35 35 35 35 35 100 100 100 100 100 100 100 100 100 100 100 100 46 46 46 46 46 64 64 58 58 ]
Pmax = [ 218 218 218 218 144 144 144 144 102 102 102 102 102 102 102 102 102 361 361 361 361 361 361 361 361 361 361 120 120 120 120 120 120 120 120 120 120 120 120 418 418 418 418 418 418 418 418 418 418 418 418 174 174 174 174 174 233 233 198 198 ]
cf = [ 15.2667 15.2667 15.2667 15.2667 30.8545 30.8545 30.8545 30.8545 26.2882 26.2882 26.2882 26.2882 26.2882 26.2882 26.2882 26.2882 26.2882 64.3644 64.3644 64.3644 64.3644 64.3644 64.3644 64.3644 64.3644 64.3644 64.3644 63.586 63.586 63.586 63.586 63.586 63.586 63.586 63.586 63.586 63.586 63.586 63.586 21.5922 21.5922 21.5922 21.5922 21.5922 21.5922 21.5922 21.5922 21.5922 21.5922 21.5922 21.5922 40.5676 40.5676 40.5676 40.5676 40.5676 67.3329 67.3329 62.2435 62.2435 ]
c0 = [ 162 162 162 162 139 139 139 139 105 105 105 105 105 105 105 105 105 241 241 241 241 241 241 241 241 241 241 112 112 112 112 112 112 112 112 112 112 112 112 250 250 250 250 250 250 250 250 250 250 250 250 138 138 138 138 138 182 182 159 159 ]
cp = [ 23.2668 23.2668 23.2668 23.2668 33.447 33.447 33.447 33.447 36.0474 36.0474 36.0474 36.0474 36.0474 36.0474 36.0474 36.0474 36.0474 17.3657 17.3657 17.3657 17.3657 17.3657 17.3657 17.3657 17.3657 17.3657 17.3657 39.6545 39.6545 39.6545 39.6545 39.6545 39.6545 39.6545 39.6545 39.6545 39.6545 39.6545 39.6545 13.2877 13.2877 13.2877 13.2877 13.2877 13.2877 13.2877 13.2877 13.2877 13.2877 13.2877 13.2877 30.044 30.044 30.044 30.044 30.044 24.1048 24.1048 26.4401 26.4401 ]
D = [ 3873 4184 5279 5741 6540 7270 7591 8577 9383 10108 10628 11430 11764 11031 9923 9262 8544 7565 8830 9546 10972 9166 7048 5608 3229 4331 5061 5520 6475 7557 8139 8582 9311 10202 11341 12120 12855 11672 10226 9244 8418 7210 8355 9962 11363 9360 7397 5580 ]
K = 9
nk = [ 1 1 1 1 2 2 2 2 3 3 3 3 3 3 3 3 3 4 4 4 4 4 4 4 4 4 4 5 5 5 5 5 5 5 5 5 5 5 5 6 6 6 6 6 6 6 6 6 6 6 6 7 7 7 7 7 8 8 9 9 ]
First = [ 1 0 0 0 1 0 0 0 1 0 0 0 0 0 0 0 0 1 0 0 0 0 0 0 0 0 0 1 0 0 0 0 0 0 0 0 0 0 0 1 0 0 0 0 0 0 0 0 0 0 0 1 0 0 0 0 1 0 1 0 ]
Last = [ 0 0 0 1 0 0 0 1 0 0 0 0 0 0 0 0 1 0 0 0 0 0 0 0 0 0 1 0 0 0 0 0 0 0 0 0 0 0 1 0 0 0 0 0 0 0 0 0 0 0 1 0 0 0 0 1 0 1 0 1 ]
nS = 1
S = [ 0 1 2 3 4 5 6 7 8 9 10 11 12 13 14 15 16 17 18 19 20 21 22 23 24 25 26 27 28 29 30 31 32 33 34 35 36 37 38 39 40 41 42 43 44 45 46 47 48 49 50 51 52 53 54 55 56 57 58 59 ]
