n = 60 ; 
T = 48 ; 
Init = [ 1 1 1 1 1 1 1 0 0 0 0 0 0 0 0 0 0 0 0 0 0 0 0 0 0 0 1 1 1 1 1 1 1 1 1 1 1 1 1 1 1 1 1 1 1 1 1 1 1 1 1 1 1 1 1 1 1 1 1 1 ]
L = [ 2 2 2 2 2 2 2 8 8 8 8 8 8 8 8 8 8 8 8 4 4 4 4 4 4 4 3 3 3 3 3 3 3 4 4 4 4 4 4 4 4 7 7 7 7 7 7 7 7 7 7 5 5 5 5 5 5 5 5 5 ]
l = [ 2 2 2 2 2 2 2 8 8 8 8 8 8 8 8 8 8 8 8 4 4 4 4 4 4 4 3 3 3 3 3 3 3 4 4 4 4 4 4 4 4 7 7 7 7 7 7 7 7 7 7 5 5 5 5 5 5 5 5 5 ]
Pmin = [ 21 21 21 21 21 21 21 83 83 83 83 83 83 83 83 83 83 83 83 34 34 34 34 34 34 34 34 34 34 34 34 34 34 33 33 33 33 33 33 33 33 77 77 77 77 77 77 77 77 77 77 46 46 46 46 46 46 46 46 46 ]
Pmax = [ 72 72 72 72 72 72 72 310 310 310 310 310 310 310 310 310 310 310 310 130 130 130 130 130 130 130 112 112 112 112 112 112 112 103 103 103 103 103 103 103 103 289 289 289 289 289 289 289 289 289 289 178 178 178 178 178 178 178 178 178 ]
cf = [ 53.7368 53.7368 53.7368 53.7368 53.7368 53.7368 53.7368 66.938 66.938 66.938 66.938 66.938 66.938 66.938 66.938 66.938 66.938 66.938 66.938 34.8664 34.8664 34.8664 34.8664 34.8664 34.8664 34.8664 32.7774 32.7774 32.7774 32.7774 32.7774 32.7774 32.7774 44.2979 44.2979 44.2979 44.2979 44.2979 44.2979 44.2979 44.2979 69.4543 69.4543 69.4543 69.4543 69.4543 69.4543 69.4543 69.4543 69.4543 69.4543 10.3701 10.3701 10.3701 10.3701 10.3701 10.3701 10.3701 10.3701 10.3701 ]
c0 = [ 73 73 73 73 73 73 73 223 223 223 223 223 223 223 223 223 223 223 223 113 113 113 113 113 113 113 100 100 100 100 100 100 100 111 111 111 111 111 111 111 111 200 200 200 200 200 200 200 200 200 200 137 137 137 137 137 137 137 137 137 ]
cp = [ 38.0915 38.0915 38.0915 38.0915 38.0915 38.0915 38.0915 22.225 22.225 22.225 22.225 22.225 22.225 22.225 22.225 22.225 22.225 22.225 22.225 33.8943 33.8943 33.8943 33.8943 33.8943 33.8943 33.8943 32.6794 32.6794 32.6794 32.6794 32.6794 32.6794 32.6794 35.8502 35.8502 35.8502 35.8502 35.8502 35.8502 35.8502 35.8502 27.6693 27.6693 27.6693 27.6693 27.6693 27.6693 27.6693 27.6693 27.6693 27.6693 34.4363 34.4363 34.4363 34.4363 34.4363 34.4363 34.4363 34.4363 34.4363 ]
D = [ 2939 3461 4264 4787 5287 5818 6078 6710 7102 7626 8027 8622 9049 8479 7624 7044 6157 5646 6433 7257 8073 6960 5560 4286 2962 3727 4335 4743 5346 5959 6350 6968 7323 7829 8322 9134 9523 8811 8251 7500 6646 5769 6922 7897 8600 6850 5365 3792 ]
K = 7
nk = [ 1 1 1 1 1 1 1 2 2 2 2 2 2 2 2 2 2 2 2 3 3 3 3 3 3 3 4 4 4 4 4 4 4 5 5 5 5 5 5 5 5 6 6 6 6 6 6 6 6 6 6 7 7 7 7 7 7 7 7 7 ]
First = [ 1 0 0 0 0 0 0 1 0 0 0 0 0 0 0 0 0 0 0 1 0 0 0 0 0 0 1 0 0 0 0 0 0 1 0 0 0 0 0 0 0 1 0 0 0 0 0 0 0 0 0 1 0 0 0 0 0 0 0 0 ]
Last = [ 0 0 0 0 0 0 1 0 0 0 0 0 0 0 0 0 0 0 1 0 0 0 0 0 0 1 0 0 0 0 0 0 1 0 0 0 0 0 0 0 1 0 0 0 0 0 0 0 0 0 1 0 0 0 0 0 0 0 0 1 ]
nS = 1
S = [ 0 1 2 3 4 5 6 7 8 9 10 11 12 13 14 15 16 17 18 19 20 21 22 23 24 25 26 27 28 29 30 31 32 33 34 35 36 37 38 39 40 41 42 43 44 45 46 47 48 49 50 51 52 53 54 55 56 57 58 59 ]
