n = 60 ; 
T = 96 ; 
Init = [ 1 1 1 1 1 1 1 1 1 1 1 1 1 1 1 1 1 1 1 1 1 1 1 1 1 1 1 1 1 1 1 1 1 1 1 1 1 1 1 1 0 0 0 0 0 0 0 0 0 0 0 0 0 0 0 0 0 0 0 0 ]
L = [ 5 5 5 5 5 5 5 5 5 5 5 5 5 5 5 5 5 5 5 5 5 5 5 5 5 5 5 5 5 5 5 5 5 5 5 5 5 5 5 5 7 7 7 7 7 7 7 7 7 7 7 7 7 7 7 7 7 7 7 7 ]
l = [ 5 5 5 5 5 5 5 5 5 5 5 5 5 5 5 5 5 5 5 5 5 5 5 5 5 5 5 5 5 5 5 5 5 5 5 5 5 5 5 5 7 7 7 7 7 7 7 7 7 7 7 7 7 7 7 7 7 7 7 7 ]
Pmin = [ 30 30 30 30 30 30 30 30 30 30 30 30 30 30 30 30 30 30 30 30 30 30 30 30 30 30 30 30 30 30 30 30 30 30 30 30 30 30 30 30 32 32 32 32 32 32 32 32 32 32 32 32 32 32 32 32 32 32 32 32 ]
Pmax = [ 95 95 95 95 95 95 95 95 95 95 95 95 95 95 95 95 95 95 95 95 95 95 95 95 95 95 95 95 95 95 95 95 95 95 95 95 95 95 95 95 88 88 88 88 88 88 88 88 88 88 88 88 88 88 88 88 88 88 88 88 ]
cf = [ 39.1995 39.1995 39.1995 39.1995 39.1995 39.1995 39.1995 39.1995 39.1995 39.1995 39.1995 39.1995 39.1995 39.1995 39.1995 39.1995 39.1995 39.1995 39.1995 39.1995 39.1995 39.1995 39.1995 39.1995 39.1995 39.1995 39.1995 39.1995 39.1995 39.1995 39.1995 39.1995 39.1995 39.1995 39.1995 39.1995 39.1995 39.1995 39.1995 39.1995 58.577 58.577 58.577 58.577 58.577 58.577 58.577 58.577 58.577 58.577 58.577 58.577 58.577 58.577 58.577 58.577 58.577 58.577 58.577 58.577 ]
c0 = [ 93 94 95 97 100 102 106 109 113 118 123 129 135 141 148 156 163 172 181 190 200 210 220 231 243 255 268 281 294 308 322 337 352 368 384 401 418 436 454 472 89 90 92 93 96 98 102 105 109 114 118 124 130 136 142 150 157 165 174 183 ]
cp = [ 33.39 33.39 33.39 33.39 33.39 33.39 33.39 33.39 33.39 33.39 33.39 33.39 33.39 33.39 33.39 33.39 33.39 33.39 33.39 33.39 33.39 33.39 33.39 33.39 33.39 33.39 33.39 33.39 33.39 33.39 33.39 33.39 33.39 33.39 33.39 33.39 33.39 33.39 33.39 33.39 38.8843 38.8843 38.8843 38.8843 38.8843 38.8843 38.8843 38.8843 38.8843 38.8843 38.8843 38.8843 38.8843 38.8843 38.8843 38.8843 38.8843 38.8843 38.8843 38.8843 ]
D = [ 1230 1276 1471 1732 1735 2059 2223 2303 2494 2696 2797 2824 3021 3178 3314 3647 3688 3902 4122 4284 4418 4532 4556 4924 4893 4771 4440 4291 3992 3754 3541 3464 3115 2939 2742 2944 3193 3485 3831 4113 4226 3902 3663 3201 2876 2393 2106 1663 1509 1540 1579 1827 1975 2090 2266 2400 2529 2631 2864 3042 3173 3129 3300 3466 3733 3707 3952 4030 4121 4261 4370 4557 4768 4450 4227 4231 3831 3736 3606 3212 3009 3002 2719 3007 3237 3473 3758 4200 4399 4153 3786 3352 2924 2589 2405 1884 ]
K = 2
nk = [ 1 1 1 1 1 1 1 1 1 1 1 1 1 1 1 1 1 1 1 1 1 1 1 1 1 1 1 1 1 1 1 1 1 1 1 1 1 1 1 1 2 2 2 2 2 2 2 2 2 2 2 2 2 2 2 2 2 2 2 2 ]
First = [ 1 0 0 0 0 0 0 0 0 0 0 0 0 0 0 0 0 0 0 0 0 0 0 0 0 0 0 0 0 0 0 0 0 0 0 0 0 0 0 0 1 0 0 0 0 0 0 0 0 0 0 0 0 0 0 0 0 0 0 0 ]
Last = [ 0 0 0 0 0 0 0 0 0 0 0 0 0 0 0 0 0 0 0 0 0 0 0 0 0 0 0 0 0 0 0 0 0 0 0 0 0 0 0 1 0 0 0 0 0 0 0 0 0 0 0 0 0 0 0 0 0 0 0 1 ]
nS = 1
S = [ 0 1 2 3 4 5 6 7 8 9 10 11 12 13 14 15 16 17 18 19 20 21 22 23 24 25 26 27 28 29 30 31 32 33 34 35 36 37 38 39 40 41 42 43 44 45 46 47 48 49 50 51 52 53 54 55 56 57 58 59 ]
