n = 60 ; 
T = 96 ; 
Init = [ 0 0 0 0 0 0 1 1 1 1 1 1 0 0 0 0 0 0 0 0 0 0 0 0 0 0 0 0 1 1 1 1 1 1 1 1 1 1 1 1 1 0 0 0 0 0 0 0 0 0 0 0 0 0 0 0 0 0 0 0 ]
L = [ 7 7 7 7 7 7 3 3 3 3 3 3 7 7 7 7 7 7 7 7 7 3 3 3 3 3 3 3 7 7 7 7 7 7 7 7 7 7 7 7 7 8 8 8 8 8 8 8 8 8 8 8 8 8 8 7 7 7 7 7 ]
l = [ 7 7 7 7 7 7 3 3 3 3 3 3 7 7 7 7 7 7 7 7 7 3 3 3 3 3 3 3 7 7 7 7 7 7 7 7 7 7 7 7 7 8 8 8 8 8 8 8 8 8 8 8 8 8 8 7 7 7 7 7 ]
Pmin = [ 73 73 73 73 73 73 33 33 33 33 33 33 80 80 80 80 80 80 80 80 80 28 28 28 28 28 28 28 70 70 70 70 70 70 70 70 70 70 70 70 70 83 83 83 81 81 81 81 81 81 81 81 81 81 81 79 79 79 79 79 ]
Pmax = [ 265 265 265 265 265 265 117 117 117 117 117 117 306 306 306 306 306 306 306 306 306 100 100 100 100 100 100 100 291 291 291 291 291 291 291 291 291 291 291 291 291 328 328 328 328 328 328 328 328 328 328 328 328 328 328 296 296 296 296 296 ]
cf = [ 55.2584 55.2584 55.2584 55.2584 55.2584 55.2584 28.0016 28.0016 28.0016 28.0016 28.0016 28.0016 59.919 59.919 59.919 59.919 59.919 59.919 59.919 59.919 59.919 45.7719 45.7719 45.7719 45.7719 45.7719 45.7719 45.7719 33.8159 33.8159 33.8159 33.8159 33.8159 33.8159 33.8159 33.8159 33.8159 33.8159 33.8159 33.8159 33.8159 56.7739 56.7739 56.7739 35.8505 35.8505 35.8505 35.8505 35.8505 35.8505 35.8505 35.8505 35.8505 35.8505 35.8505 28.7809 28.7809 28.7809 28.7809 28.7809 ]
c0 = [ 200 200 200 200 200 200 106 106 106 106 106 106 220 220 220 220 220 220 220 220 220 98 98 98 98 98 98 98 201 201 201 201 201 201 201 201 201 201 201 201 201 227 227 227 209 209 209 209 209 209 209 209 209 209 209 215 215 215 215 215 ]
cp = [ 32.8662 32.8662 32.8662 32.8662 32.8662 32.8662 36.3867 36.3867 36.3867 36.3867 36.3867 36.3867 23.4992 23.4992 23.4992 23.4992 23.4992 23.4992 23.4992 23.4992 23.4992 37.5453 37.5453 37.5453 37.5453 37.5453 37.5453 37.5453 24.2164 24.2164 24.2164 24.2164 24.2164 24.2164 24.2164 24.2164 24.2164 24.2164 24.2164 24.2164 24.2164 23.4782 23.4782 23.4782 15.671 15.671 15.671 15.671 15.671 15.671 15.671 15.671 15.671 15.671 15.671 18.2369 18.2369 18.2369 18.2369 18.2369 ]
D = [ 3094 4167 4690 5475 6488 7252 7863 9029 9506 10316 11248 11840 12811 11647 10507 9690 8746 7670 8659 9926 11104 9121 7460 5679 4180 5147 5601 6299 7617 8060 8976 9638 10520 11182 12149 12422 13219 12015 11119 9777 8425 7705 9225 10604 12022 9923 7595 5466 3055 4176 5119 6016 6830 7710 8540 9036 10069 10800 12041 12975 13288 12610 10903 9788 8797 7578 8824 10202 11402 9829 7802 5926 3596 4805 5528 6213 6884 7649 8290 8985 9723 10628 11500 12112 12776 11838 10642 9939 8490 7376 8850 10599 12016 9422 7548 5784 ]
K = 8
nk = [ 1 1 1 1 1 1 2 2 2 2 2 2 3 3 3 3 3 3 3 3 3 4 4 4 4 4 4 4 5 5 5 5 5 5 5 5 5 5 5 5 5 6 6 6 7 7 7 7 7 7 7 7 7 7 7 8 8 8 8 8 ]
First = [ 1 0 0 0 0 0 1 0 0 0 0 0 1 0 0 0 0 0 0 0 0 1 0 0 0 0 0 0 1 0 0 0 0 0 0 0 0 0 0 0 0 1 0 0 1 0 0 0 0 0 0 0 0 0 0 1 0 0 0 0 ]
Last = [ 0 0 0 0 0 1 0 0 0 0 0 1 0 0 0 0 0 0 0 0 1 0 0 0 0 0 0 1 0 0 0 0 0 0 0 0 0 0 0 0 1 0 0 1 0 0 0 0 0 0 0 0 0 0 1 0 0 0 0 1 ]
nS = 1
S = [ 0 1 2 3 4 5 6 7 8 9 10 11 12 13 14 15 16 17 18 19 20 21 22 23 24 25 26 27 28 29 30 31 32 33 34 35 36 37 38 39 40 41 42 43 44 45 46 47 48 49 50 51 52 53 54 55 56 57 58 59 ]
