n = 60 ; 
T = 96 ; 
Init = [ 0 0 0 0 0 0 0 0 1 1 1 1 1 1 1 1 1 1 1 1 1 1 1 1 1 1 1 1 1 1 1 1 1 1 1 1 0 0 0 0 0 0 0 0 0 0 0 0 0 0 0 0 0 0 0 0 0 0 0 0 ]
L = [ 9 9 9 9 9 9 9 9 4 4 4 4 4 4 4 4 4 4 4 4 4 4 4 4 4 4 4 4 4 4 4 4 4 4 4 4 4 4 4 4 4 4 4 4 4 4 4 4 4 4 4 4 4 4 4 4 4 4 4 4 ]
l = [ 9 9 9 9 9 9 9 9 4 4 4 4 4 4 4 4 4 4 4 4 4 4 4 4 4 4 4 4 4 4 4 4 4 4 4 4 4 4 4 4 4 4 4 4 4 4 4 4 4 4 4 4 4 4 4 4 4 4 4 4 ]
Pmin = [ 100 100 100 100 100 100 100 100 36 36 36 36 36 36 36 36 36 36 36 36 36 36 36 36 36 36 36 36 36 36 36 36 36 36 36 36 41 41 41 41 41 41 41 41 41 41 41 41 41 41 41 41 41 41 41 41 41 45 45 45 ]
Pmax = [ 395 395 395 395 395 395 395 395 131 131 131 131 131 131 131 131 131 131 131 131 131 131 131 131 131 131 131 131 131 131 131 131 131 131 131 131 137 137 137 137 137 137 137 137 137 137 137 137 137 137 137 137 137 137 137 137 137 156 156 156 ]
cf = [ 15.0417 15.0417 15.0417 15.0417 15.0417 15.0417 15.0417 15.0417 48.0324 48.0324 48.0324 48.0324 48.0324 48.0324 48.0324 48.0324 48.0324 48.0324 48.0324 48.0324 48.0324 48.0324 48.0324 48.0324 48.0324 48.0324 48.0324 48.0324 48.0324 48.0324 48.0324 48.0324 48.0324 48.0324 48.0324 48.0324 10.0915 10.0915 10.0915 10.0915 10.0915 10.0915 10.0915 10.0915 10.0915 10.0915 10.0915 10.0915 10.0915 10.0915 10.0915 10.0915 10.0915 10.0915 10.0915 10.0915 10.0915 10.3382 10.3382 10.3382 ]
c0 = [ 250 250 250 250 250 250 250 250 109 109 109 109 109 109 109 109 109 109 109 109 109 109 109 109 109 109 109 109 109 109 109 109 109 109 109 109 126 126 126 126 126 126 126 126 126 126 126 126 126 126 126 126 126 126 126 126 126 131 131 131 ]
cp = [ 10.7812 10.7812 10.7812 10.7812 10.7812 10.7812 10.7812 10.7812 21.8994 21.8994 21.8994 21.8994 21.8994 21.8994 21.8994 21.8994 21.8994 21.8994 21.8994 21.8994 21.8994 21.8994 21.8994 21.8994 21.8994 21.8994 21.8994 21.8994 21.8994 21.8994 21.8994 21.8994 21.8994 21.8994 21.8994 21.8994 35.1887 35.1887 35.1887 35.1887 35.1887 35.1887 35.1887 35.1887 35.1887 35.1887 35.1887 35.1887 35.1887 35.1887 35.1887 35.1887 35.1887 35.1887 35.1887 35.1887 35.1887 25.7691 25.7691 25.7691 ]
D = [ 2767 3144 3725 4144 4679 4832 5579 5817 6612 7077 7204 8053 8163 7666 7148 6562 5712 5182 5857 6735 7228 6174 5085 3915 2628 3242 3626 4042 4760 5085 5560 6360 6548 7189 7901 8076 8774 8136 7038 6547 5605 4948 5588 6910 7593 6530 4951 3878 2379 2893 3320 3906 4693 5020 5806 5993 6684 7346 7611 8427 8875 7867 7117 6385 5481 4629 5887 6443 7395 6468 5013 4093 2597 3207 3969 4311 4817 5228 5825 6534 6793 7454 7917 8713 9108 8570 7592 6908 6021 5526 6296 6915 7900 6615 5168 3930 ]
K = 4
nk = [ 1 1 1 1 1 1 1 1 2 2 2 2 2 2 2 2 2 2 2 2 2 2 2 2 2 2 2 2 2 2 2 2 2 2 2 2 3 3 3 3 3 3 3 3 3 3 3 3 3 3 3 3 3 3 3 3 3 4 4 4 ]
First = [ 1 0 0 0 0 0 0 0 1 0 0 0 0 0 0 0 0 0 0 0 0 0 0 0 0 0 0 0 0 0 0 0 0 0 0 0 1 0 0 0 0 0 0 0 0 0 0 0 0 0 0 0 0 0 0 0 0 1 0 0 ]
Last = [ 0 0 0 0 0 0 0 1 0 0 0 0 0 0 0 0 0 0 0 0 0 0 0 0 0 0 0 0 0 0 0 0 0 0 0 1 0 0 0 0 0 0 0 0 0 0 0 0 0 0 0 0 0 0 0 0 1 0 0 1 ]
nS = 1
S = [ 0 1 2 3 4 5 6 7 8 9 10 11 12 13 14 15 16 17 18 19 20 21 22 23 24 25 26 27 28 29 30 31 32 33 34 35 36 37 38 39 40 41 42 43 44 45 46 47 48 49 50 51 52 53 54 55 56 57 58 59 ]
