n = 60 ; 
T = 96 ; 
Init = [ 1 1 1 1 1 1 1 1 1 1 1 1 1 1 1 0 0 0 0 0 1 1 1 1 1 1 1 1 1 1 1 1 1 0 0 0 0 1 1 1 1 1 1 1 1 1 1 1 1 1 1 1 1 1 1 1 1 1 1 1 ]
L = [ 8 8 10 10 10 10 10 4 4 4 4 4 4 4 4 5 5 5 5 5 9 9 9 9 9 9 9 4 4 4 4 4 4 5 5 5 5 8 8 5 5 5 5 5 5 5 5 5 5 5 5 5 9 9 9 9 9 9 9 9 ]
l = [ 8 8 10 10 10 10 10 4 4 4 4 4 4 4 4 5 5 5 5 5 9 9 9 9 9 9 9 4 4 4 4 4 4 5 5 5 5 8 8 5 5 5 5 5 5 5 5 5 5 5 5 5 9 9 9 9 9 9 9 9 ]
Pmin = [ 83 83 100 100 100 100 100 41 41 41 41 41 41 41 41 47 47 47 47 47 91 91 91 91 91 91 91 50 50 50 50 50 50 51 51 51 51 86 86 55 55 55 55 55 55 55 55 55 55 55 55 55 100 100 100 100 100 100 100 100 ]
Pmax = [ 333 333 420 420 420 420 420 133 133 133 133 133 133 133 133 171 171 171 171 171 357 357 357 357 357 357 357 173 173 173 173 173 173 187 187 187 187 346 346 200 200 200 200 200 200 200 200 200 200 200 200 200 418 418 418 418 418 418 418 418 ]
cf = [ 45.5016 45.5016 10.7518 10.7518 10.7518 10.7518 10.7518 59.0248 59.0248 59.0248 59.0248 59.0248 59.0248 59.0248 59.0248 18.2116 18.2116 18.2116 18.2116 18.2116 52.3907 52.3907 52.3907 52.3907 52.3907 52.3907 52.3907 32.9831 32.9831 32.9831 32.9831 32.9831 32.9831 67.4798 67.4798 67.4798 67.4798 56.8153 56.8153 15.9947 15.9947 15.9947 15.9947 15.9947 15.9947 15.9947 15.9947 15.9947 15.9947 15.9947 15.9947 15.9947 37.9539 37.9539 37.9539 37.9539 37.9539 37.9539 37.9539 37.9539 ]
c0 = [ 220 220 250 250 250 250 250 128 128 128 128 128 128 128 128 144 144 144 144 144 233 233 233 233 233 233 233 139 139 139 139 139 139 136 136 136 136 234 234 152 152 152 152 152 152 152 152 152 152 152 152 152 250 250 250 250 250 250 250 250 ]
cp = [ 20.9158 20.9158 11.2704 11.2704 11.2704 11.2704 11.2704 30.8244 30.8244 30.8244 30.8244 30.8244 30.8244 30.8244 30.8244 26.4629 26.4629 26.4629 26.4629 26.4629 14.8054 14.8054 14.8054 14.8054 14.8054 14.8054 14.8054 28.3376 28.3376 28.3376 28.3376 28.3376 28.3376 31.4416 31.4416 31.4416 31.4416 18.2052 18.2052 29.9042 29.9042 29.9042 29.9042 29.9042 29.9042 29.9042 29.9042 29.9042 29.9042 29.9042 29.9042 29.9042 10.6314 10.6314 10.6314 10.6314 10.6314 10.6314 10.6314 10.6314 ]
D = [ 4016 4571 5676 5880 6786 7824 8051 9186 9671 10159 11436 11952 12676 11552 10905 9620 8734 8042 9138 10294 11044 9123 7346 5118 3515 4033 4646 5546 6446 7164 8247 8838 9684 10553 11530 12142 12940 11856 10614 9974 8534 7548 9311 10469 11907 10008 8346 6068 4164 5115 5695 6783 7538 8208 9387 10050 10369 11330 12030 13032 13537 12645 10995 10066 8977 7731 8815 10192 11164 9216 7842 5875 4314 5035 5926 6733 7257 7835 8619 9660 10016 10686 11893 12432 13025 12114 11285 9883 9186 8045 9665 10585 12231 10226 8365 5922 ]
K = 10
nk = [ 1 1 2 2 2 2 2 3 3 3 3 3 3 3 3 4 4 4 4 4 5 5 5 5 5 5 5 6 6 6 6 6 6 7 7 7 7 8 8 9 9 9 9 9 9 9 9 9 9 9 9 9 10 10 10 10 10 10 10 10 ]
First = [ 1 0 1 0 0 0 0 1 0 0 0 0 0 0 0 1 0 0 0 0 1 0 0 0 0 0 0 1 0 0 0 0 0 1 0 0 0 1 0 1 0 0 0 0 0 0 0 0 0 0 0 0 1 0 0 0 0 0 0 0 ]
Last = [ 0 1 0 0 0 0 1 0 0 0 0 0 0 0 1 0 0 0 0 1 0 0 0 0 0 0 1 0 0 0 0 0 1 0 0 0 1 0 1 0 0 0 0 0 0 0 0 0 0 0 0 1 0 0 0 0 0 0 0 1 ]
nS = 1
S = [ 0 1 2 3 4 5 6 7 8 9 10 11 12 13 14 15 16 17 18 19 20 21 22 23 24 25 26 27 28 29 30 31 32 33 34 35 36 37 38 39 40 41 42 43 44 45 46 47 48 49 50 51 52 53 54 55 56 57 58 59 ]
