n = 60 ; 
T = 96 ; 
Init = [ 0 0 0 0 0 0 0 0 0 0 0 0 0 0 0 0 0 0 0 0 0 0 0 0 0 0 0 0 0 0 0 0 0 0 0 0 0 0 0 0 0 0 0 0 0 0 0 0 0 0 0 0 0 0 0 0 0 0 0 0 ]
L = [ 2 2 2 2 2 2 2 2 2 2 2 2 2 2 2 2 2 2 2 2 2 2 2 2 2 2 2 2 2 8 9 9 9 9 9 9 9 9 9 9 9 9 9 9 9 9 9 9 9 9 9 8 8 8 8 8 8 8 8 8 ]
l = [ 2 2 2 2 2 2 2 2 2 2 2 2 2 2 2 2 2 2 2 2 2 2 2 2 2 2 2 2 2 8 9 9 9 9 9 9 9 9 9 9 9 9 9 9 9 9 9 9 9 9 9 8 8 8 8 8 8 8 8 8 ]
Pmin = [ 23 23 23 23 23 23 23 23 23 23 23 23 23 23 23 23 23 23 23 23 23 23 23 23 23 23 23 23 23 93 94 94 94 94 94 94 94 94 94 94 94 94 94 94 94 94 94 94 94 94 94 83 83 83 83 83 83 83 83 83 ]
Pmax = [ 62 62 62 62 62 62 62 62 62 62 62 62 62 62 62 62 62 62 62 62 62 62 62 62 62 62 62 62 62 354 363 363 363 363 363 363 363 363 363 363 363 363 363 363 363 363 363 363 363 363 363 332 332 332 332 332 332 332 332 332 ]
cf = [ 44.9063 44.9063 44.9063 44.9063 44.9063 44.9063 44.9063 44.9063 44.9063 44.9063 44.9063 44.9063 44.9063 44.9063 44.9063 44.9063 44.9063 44.9063 44.9063 44.9063 44.9063 44.9063 44.9063 44.9063 44.9063 44.9063 44.9063 44.9063 44.9063 48.113 64.0694 64.0694 64.0694 64.0694 64.0694 64.0694 64.0694 64.0694 64.0694 64.0694 64.0694 64.0694 64.0694 64.0694 64.0694 64.0694 64.0694 64.0694 64.0694 64.0694 64.0694 20.9322 20.9322 20.9322 20.9322 20.9322 20.9322 20.9322 20.9322 20.9322 ]
c0 = [ 87 87 87 87 87 87 87 87 87 87 87 87 87 87 87 87 87 87 87 87 87 87 87 87 87 87 87 87 87 236 250 250 250 250 250 250 250 250 250 250 250 250 250 250 250 250 250 250 250 250 250 226 226 226 226 226 226 226 226 226 ]
cp = [ 41.3239 41.3239 41.3239 41.3239 41.3239 41.3239 41.3239 41.3239 41.3239 41.3239 41.3239 41.3239 41.3239 41.3239 41.3239 41.3239 41.3239 41.3239 41.3239 41.3239 41.3239 41.3239 41.3239 41.3239 41.3239 41.3239 41.3239 41.3239 41.3239 14.9066 17.3157 17.3157 17.3157 17.3157 17.3157 17.3157 17.3157 17.3157 17.3157 17.3157 17.3157 17.3157 17.3157 17.3157 17.3157 17.3157 17.3157 17.3157 17.3157 17.3157 17.3157 12.8001 12.8001 12.8001 12.8001 12.8001 12.8001 12.8001 12.8001 12.8001 ]
D = [ 2822 3788 4237 5117 5495 5967 7037 7434 7919 8651 9517 9780 10846 9577 8764 8255 7209 6204 7513 8082 9004 7822 6293 4421 3219 3700 4136 5072 5369 6052 6733 7380 7989 8944 9443 10151 10829 9964 9089 8334 7485 6421 7121 8277 8789 7452 6415 4548 3318 4269 4885 5626 5851 6751 7139 7905 8835 9218 9941 10665 11405 10489 9033 8065 7127 6280 7643 8823 10185 8490 6988 5531 3467 4377 4694 5793 6145 6539 7199 7788 8417 9179 10035 10382 11205 10084 9492 8395 7359 6322 7803 8925 9929 7963 6332 4411 ]
K = 4
nk = [ 1 1 1 1 1 1 1 1 1 1 1 1 1 1 1 1 1 1 1 1 1 1 1 1 1 1 1 1 1 2 3 3 3 3 3 3 3 3 3 3 3 3 3 3 3 3 3 3 3 3 3 4 4 4 4 4 4 4 4 4 ]
First = [ 1 0 0 0 0 0 0 0 0 0 0 0 0 0 0 0 0 0 0 0 0 0 0 0 0 0 0 0 0 1 1 0 0 0 0 0 0 0 0 0 0 0 0 0 0 0 0 0 0 0 0 1 0 0 0 0 0 0 0 0 ]
Last = [ 0 0 0 0 0 0 0 0 0 0 0 0 0 0 0 0 0 0 0 0 0 0 0 0 0 0 0 0 1 1 0 0 0 0 0 0 0 0 0 0 0 0 0 0 0 0 0 0 0 0 1 0 0 0 0 0 0 0 0 1 ]
nS = 1
S = [ 0 1 2 3 4 5 6 7 8 9 10 11 12 13 14 15 16 17 18 19 20 21 22 23 24 25 26 27 28 29 30 31 32 33 34 35 36 37 38 39 40 41 42 43 44 45 46 47 48 49 50 51 52 53 54 55 56 57 58 59 ]
