n = 60 ; 
T = 96 ; 
Init = [ 1 1 1 1 1 1 1 1 1 1 1 1 1 1 1 1 1 1 1 1 1 1 1 1 1 1 1 1 1 1 1 1 1 1 1 1 1 1 1 0 0 0 0 0 0 0 0 0 0 0 0 0 0 0 0 0 0 0 0 0 ]
L = [ 6 7 7 7 7 7 7 7 7 7 7 7 7 7 5 5 5 5 5 5 5 5 5 5 5 5 5 5 5 5 5 5 5 5 5 5 5 5 5 9 9 9 9 9 9 9 9 9 9 9 9 9 9 9 9 9 9 9 9 9 ]
l = [ 6 7 7 7 7 7 7 7 7 7 7 7 7 7 5 5 5 5 5 5 5 5 5 5 5 5 5 5 5 5 5 5 5 5 5 5 5 5 5 9 9 9 9 9 9 9 9 9 9 9 9 9 9 9 9 9 9 9 9 9 ]
Pmin = [ 60 78 78 78 78 78 78 78 78 78 78 78 78 78 53 53 53 53 53 53 53 53 53 53 53 53 53 53 53 53 53 53 53 53 53 53 53 53 53 95 95 95 95 95 95 95 95 95 95 95 95 95 95 95 95 95 95 95 95 95 ]
Pmax = [ 235 300 300 300 300 300 300 300 300 300 300 300 300 300 186 186 186 186 186 186 186 186 186 186 186 186 186 186 186 186 186 186 186 186 186 186 186 186 186 386 386 386 386 386 386 386 386 386 386 386 386 386 386 386 386 386 386 386 386 386 ]
cf = [ 27.2214 50.2974 50.2974 50.2974 50.2974 50.2974 50.2974 50.2974 50.2974 50.2974 50.2974 50.2974 50.2974 50.2974 13.2492 13.2492 13.2492 13.2492 13.2492 13.2492 13.2492 13.2492 13.2492 13.2492 13.2492 13.2492 13.2492 13.2492 13.2492 13.2492 13.2492 13.2492 13.2492 13.2492 13.2492 13.2492 13.2492 13.2492 13.2492 17.3032 17.3032 17.3032 17.3032 17.3032 17.3032 17.3032 17.3032 17.3032 17.3032 17.3032 17.3032 17.3032 17.3032 17.3032 17.3032 17.3032 17.3032 17.3032 17.3032 17.3032 ]
c0 = [ 170 204 204 204 204 204 204 204 204 204 204 204 204 204 151 151 151 151 151 151 151 151 151 151 151 151 151 151 151 151 151 151 151 151 151 151 151 151 151 242 242 242 242 242 242 242 242 242 242 242 242 242 242 242 242 242 242 242 242 242 ]
cp = [ 30.2887 18.7768 18.7768 18.7768 18.7768 18.7768 18.7768 18.7768 18.7768 18.7768 18.7768 18.7768 18.7768 18.7768 23.1448 23.1448 23.1448 23.1448 23.1448 23.1448 23.1448 23.1448 23.1448 23.1448 23.1448 23.1448 23.1448 23.1448 23.1448 23.1448 23.1448 23.1448 23.1448 23.1448 23.1448 23.1448 23.1448 23.1448 23.1448 19.0867 19.0867 19.0867 19.0867 19.0867 19.0867 19.0867 19.0867 19.0867 19.0867 19.0867 19.0867 19.0867 19.0867 19.0867 19.0867 19.0867 19.0867 19.0867 19.0867 19.0867 ]
D = [ 3997 5271 5963 6519 7231 8544 8963 10037 10743 11502 12111 13225 14048 13139 11717 10697 9121 8103 9431 11489 12935 10513 8242 6602 4262 4633 5927 6787 7699 8047 9467 10189 10805 11797 12397 13620 14395 13360 11982 11106 9829 8612 10278 11426 12245 10470 8240 6209 3902 4718 5912 6618 7885 8420 9195 10642 11079 12408 12951 14213 14623 13349 12346 11279 9706 8230 9886 11769 13021 10891 9337 7152 4855 5866 6397 7164 7789 8797 9250 10182 10385 11381 11845 13149 13783 12835 11875 10758 9423 8689 9656 11177 12160 10772 8629 6318 ]
K = 4
nk = [ 1 2 2 2 2 2 2 2 2 2 2 2 2 2 3 3 3 3 3 3 3 3 3 3 3 3 3 3 3 3 3 3 3 3 3 3 3 3 3 4 4 4 4 4 4 4 4 4 4 4 4 4 4 4 4 4 4 4 4 4 ]
First = [ 1 1 0 0 0 0 0 0 0 0 0 0 0 0 1 0 0 0 0 0 0 0 0 0 0 0 0 0 0 0 0 0 0 0 0 0 0 0 0 1 0 0 0 0 0 0 0 0 0 0 0 0 0 0 0 0 0 0 0 0 ]
Last = [ 1 0 0 0 0 0 0 0 0 0 0 0 0 1 0 0 0 0 0 0 0 0 0 0 0 0 0 0 0 0 0 0 0 0 0 0 0 0 1 0 0 0 0 0 0 0 0 0 0 0 0 0 0 0 0 0 0 0 0 1 ]
nS = 1
S = [ 0 1 2 3 4 5 6 7 8 9 10 11 12 13 14 15 16 17 18 19 20 21 22 23 24 25 26 27 28 29 30 31 32 33 34 35 36 37 38 39 40 41 42 43 44 45 46 47 48 49 50 51 52 53 54 55 56 57 58 59 ]
