n = 60 ; 
T = 96 ; 
Init = [ 0 0 0 0 0 0 0 0 0 0 0 0 0 0 0 0 0 0 0 0 0 0 0 0 0 0 0 0 0 0 0 0 0 0 0 0 0 0 0 0 0 0 0 0 0 0 0 0 0 0 0 0 1 1 1 1 1 1 1 1 ]
L = [ 5 5 5 5 5 5 5 5 5 5 5 5 5 5 5 5 5 5 5 5 5 5 5 5 5 5 5 5 5 5 5 5 5 5 5 5 5 5 5 5 5 5 5 5 5 5 5 5 5 5 5 5 9 9 9 9 9 9 9 9 ]
l = [ 5 5 5 5 5 5 5 5 5 5 5 5 5 5 5 5 5 5 5 5 5 5 5 5 5 5 5 5 5 5 5 5 5 5 5 5 5 5 5 5 5 5 5 5 5 5 5 5 5 5 5 5 9 9 9 9 9 9 9 9 ]
Pmin = [ 25 25 25 25 25 25 25 25 25 25 25 25 25 25 25 25 25 25 25 25 25 25 25 25 25 25 25 25 25 25 25 25 25 25 25 25 25 25 25 25 25 25 25 25 25 25 25 25 25 25 25 25 44 44 44 44 44 44 44 44 ]
Pmax = [ 70 70 70 70 70 70 70 70 70 70 70 70 70 70 70 70 70 70 70 70 70 70 70 70 70 70 70 70 70 70 70 70 70 70 70 70 70 70 70 70 70 70 70 70 70 70 70 70 70 70 70 70 158 158 158 158 158 158 158 158 ]
cf = [ 19.7229 19.7229 19.7229 19.7229 19.7229 19.7229 19.7229 19.7229 19.7229 19.7229 19.7229 19.7229 19.7229 19.7229 19.7229 19.7229 19.7229 19.7229 19.7229 19.7229 19.7229 19.7229 19.7229 19.7229 19.7229 19.7229 19.7229 19.7229 19.7229 19.7229 19.7229 19.7229 19.7229 19.7229 19.7229 19.7229 19.7229 19.7229 19.7229 19.7229 19.7229 19.7229 19.7229 19.7229 19.7229 19.7229 19.7229 19.7229 19.7229 19.7229 19.7229 19.7229 65.4219 65.4219 65.4219 65.4219 65.4219 65.4219 65.4219 65.4219 ]
c0 = [ 72 73 74 76 77 80 82 85 88 92 96 100 105 110 115 121 127 134 141 148 155 163 171 180 189 199 208 218 229 240 251 262 274 286 299 312 325 339 353 367 382 397 413 429 445 462 478 496 513 531 550 569 138 139 141 144 147 151 156 162 ]
cp = [ 40.7273 40.7273 40.7273 40.7273 40.7273 40.7273 40.7273 40.7273 40.7273 40.7273 40.7273 40.7273 40.7273 40.7273 40.7273 40.7273 40.7273 40.7273 40.7273 40.7273 40.7273 40.7273 40.7273 40.7273 40.7273 40.7273 40.7273 40.7273 40.7273 40.7273 40.7273 40.7273 40.7273 40.7273 40.7273 40.7273 40.7273 40.7273 40.7273 40.7273 40.7273 40.7273 40.7273 40.7273 40.7273 40.7273 40.7273 40.7273 40.7273 40.7273 40.7273 40.7273 22.9096 22.9096 22.9096 22.9096 22.9096 22.9096 22.9096 22.9096 ]
D = [ 1157 1252 1414 1596 1605 1742 1925 1934 2167 2251 2497 2552 2603 2855 2904 2950 3205 3365 3363 3535 3617 3810 3912 3995 4244 4047 3817 3743 3471 3379 3107 2857 2732 2495 2299 2654 2829 3091 3327 3412 3630 3475 3175 2808 2581 2202 1950 1653 1320 1477 1677 1782 1891 2003 2018 2217 2239 2382 2442 2605 2734 2732 2850 3019 3228 3210 3377 3523 3492 3776 3786 3861 3983 3915 3666 3625 3396 3240 3167 2949 2841 2662 2439 2651 2795 2995 3101 3353 3390 3214 2893 2717 2429 2117 1805 1617 ]
K = 2
nk = [ 1 1 1 1 1 1 1 1 1 1 1 1 1 1 1 1 1 1 1 1 1 1 1 1 1 1 1 1 1 1 1 1 1 1 1 1 1 1 1 1 1 1 1 1 1 1 1 1 1 1 1 1 2 2 2 2 2 2 2 2 ]
First = [ 1 0 0 0 0 0 0 0 0 0 0 0 0 0 0 0 0 0 0 0 0 0 0 0 0 0 0 0 0 0 0 0 0 0 0 0 0 0 0 0 0 0 0 0 0 0 0 0 0 0 0 0 1 0 0 0 0 0 0 0 ]
Last = [ 0 0 0 0 0 0 0 0 0 0 0 0 0 0 0 0 0 0 0 0 0 0 0 0 0 0 0 0 0 0 0 0 0 0 0 0 0 0 0 0 0 0 0 0 0 0 0 0 0 0 0 1 0 0 0 0 0 0 0 1 ]
nS = 1
S = [ 0 1 2 3 4 5 6 7 8 9 10 11 12 13 14 15 16 17 18 19 20 21 22 23 24 25 26 27 28 29 30 31 32 33 34 35 36 37 38 39 40 41 42 43 44 45 46 47 48 49 50 51 52 53 54 55 56 57 58 59 ]
