n = 60 ; 
T = 96 ; 
Init = [ 1 1 1 1 1 1 1 1 1 1 1 1 1 1 1 1 1 1 1 1 1 1 1 1 0 0 0 0 0 0 0 0 0 0 1 1 1 1 1 1 1 1 1 1 1 1 1 1 1 1 1 1 1 1 1 1 1 1 1 1 ]
L = [ 17 17 17 17 17 17 17 17 17 17 17 17 17 17 17 17 17 17 17 17 17 17 17 17 11 11 11 11 11 11 11 11 11 11 9 9 9 9 9 9 9 9 9 9 9 9 9 9 9 9 9 9 9 9 9 9 9 9 9 9 ]
l = [ 17 17 17 17 17 17 17 17 17 17 17 17 17 17 17 17 17 17 17 17 17 17 17 17 11 11 11 11 11 11 11 11 11 11 9 9 9 9 9 9 9 9 9 9 9 9 9 9 9 9 9 9 9 9 9 9 9 9 9 9 ]
Pmin = [ 86 86 86 86 86 86 86 86 86 86 86 86 86 86 86 86 86 86 86 86 86 86 86 86 57 57 57 57 57 57 57 57 57 57 46 46 46 46 46 46 46 46 46 46 46 46 46 46 46 46 46 46 46 46 46 46 46 46 46 46 ]
Pmax = [ 351 351 351 351 351 351 351 351 351 351 351 351 351 351 351 351 351 351 351 351 351 351 351 351 210 210 210 210 210 210 210 210 210 210 165 165 165 165 165 165 165 165 165 165 165 165 165 165 165 165 165 165 165 165 165 165 165 165 165 165 ]
cf = [ 47.2424 47.2424 47.2424 47.2424 47.2424 47.2424 47.2424 47.2424 47.2424 47.2424 47.2424 47.2424 47.2424 47.2424 47.2424 47.2424 47.2424 47.2424 47.2424 47.2424 47.2424 47.2424 47.2424 47.2424 38.6518 38.6518 38.6518 38.6518 38.6518 38.6518 38.6518 38.6518 38.6518 38.6518 31.1773 31.1773 31.1773 31.1773 31.1773 31.1773 31.1773 31.1773 31.1773 31.1773 31.1773 31.1773 31.1773 31.1773 31.1773 31.1773 31.1773 31.1773 31.1773 31.1773 31.1773 31.1773 31.1773 31.1773 31.1773 31.1773 ]
c0 = [ 237 239 243 247 253 260 268 278 288 300 313 327 343 359 377 396 416 437 459 483 507 533 560 589 168 169 172 175 179 184 190 197 205 213 133 134 136 139 142 146 151 156 162 168 176 184 192 202 211 222 233 245 258 271 285 299 315 330 347 364 ]
cp = [ 16.9565 16.9565 16.9565 16.9565 16.9565 16.9565 16.9565 16.9565 16.9565 16.9565 16.9565 16.9565 16.9565 16.9565 16.9565 16.9565 16.9565 16.9565 16.9565 16.9565 16.9565 16.9565 16.9565 16.9565 30.5912 30.5912 30.5912 30.5912 30.5912 30.5912 30.5912 30.5912 30.5912 30.5912 32.7593 32.7593 32.7593 32.7593 32.7593 32.7593 32.7593 32.7593 32.7593 32.7593 32.7593 32.7593 32.7593 32.7593 32.7593 32.7593 32.7593 32.7593 32.7593 32.7593 32.7593 32.7593 32.7593 32.7593 32.7593 32.7593 ]
D = [ 3724 4011 4560 4734 5113 5641 5991 5951 6559 6683 6850 7591 8006 8085 8644 8614 9095 9291 9765 10120 10368 11108 11094 11644 12122 11348 10731 10244 9849 9340 9351 8755 8188 7811 7044 7745 8784 9255 10164 10873 11718 10763 9591 8820 8193 7234 6090 5007 4395 4646 4815 5520 5630 5789 5983 6654 6708 7376 7364 7518 7896 8421 8859 8953 9632 9431 10206 10269 10418 10760 11126 11839 11967 11434 11224 10522 10439 9957 9565 8981 8432 7892 7696 7964 8882 9587 10208 10864 11326 10082 9042 8622 7586 6666 5430 4756 ]
K = 3
nk = [ 1 1 1 1 1 1 1 1 1 1 1 1 1 1 1 1 1 1 1 1 1 1 1 1 2 2 2 2 2 2 2 2 2 2 3 3 3 3 3 3 3 3 3 3 3 3 3 3 3 3 3 3 3 3 3 3 3 3 3 3 ]
First = [ 1 0 0 0 0 0 0 0 0 0 0 0 0 0 0 0 0 0 0 0 0 0 0 0 1 0 0 0 0 0 0 0 0 0 1 0 0 0 0 0 0 0 0 0 0 0 0 0 0 0 0 0 0 0 0 0 0 0 0 0 ]
Last = [ 0 0 0 0 0 0 0 0 0 0 0 0 0 0 0 0 0 0 0 0 0 0 0 1 0 0 0 0 0 0 0 0 0 1 0 0 0 0 0 0 0 0 0 0 0 0 0 0 0 0 0 0 0 0 0 0 0 0 0 1 ]
nS = 1
S = [ 0 1 2 3 4 5 6 7 8 9 10 11 12 13 14 15 16 17 18 19 20 21 22 23 24 25 26 27 28 29 30 31 32 33 34 35 36 37 38 39 40 41 42 43 44 45 46 47 48 49 50 51 52 53 54 55 56 57 58 59 ]
