n = 60 ; 
T = 96 ; 
Init = [ 1 1 1 1 1 1 1 1 1 1 1 1 1 1 1 1 1 1 1 1 1 1 1 1 1 1 1 1 1 1 1 1 1 1 1 1 1 1 1 1 1 1 1 1 1 1 1 1 1 1 1 1 1 1 1 1 0 0 0 0 ]
L = [ 9 9 9 9 9 9 9 9 9 9 9 9 9 9 9 9 9 9 9 9 9 9 9 9 9 9 9 9 9 9 9 9 9 9 9 9 9 7 7 7 7 7 7 7 7 7 7 7 7 7 7 7 7 7 7 7 14 14 14 14 ]
l = [ 9 9 9 9 9 9 9 9 9 9 9 9 9 9 9 9 9 9 9 9 9 9 9 9 9 9 9 9 9 9 9 9 9 9 9 9 9 7 7 7 7 7 7 7 7 7 7 7 7 7 7 7 7 7 7 7 14 14 14 14 ]
Pmin = [ 44 44 44 44 44 44 44 44 44 44 44 44 44 44 44 44 44 44 44 44 44 44 44 44 44 44 44 44 44 44 44 44 44 44 44 44 44 32 32 32 32 32 32 32 32 32 32 32 32 32 32 32 32 32 32 32 71 71 71 71 ]
Pmax = [ 170 170 170 170 170 170 170 170 170 170 170 170 170 170 170 170 170 170 170 170 170 170 170 170 170 170 170 170 170 170 170 170 170 170 170 170 170 122 122 122 122 122 122 122 122 122 122 122 122 122 122 122 122 122 122 122 279 279 279 279 ]
cf = [ 31.9007 31.9007 31.9007 31.9007 31.9007 31.9007 31.9007 31.9007 31.9007 31.9007 31.9007 31.9007 31.9007 31.9007 31.9007 31.9007 31.9007 31.9007 31.9007 31.9007 31.9007 31.9007 31.9007 31.9007 31.9007 31.9007 31.9007 31.9007 31.9007 31.9007 31.9007 31.9007 31.9007 31.9007 31.9007 31.9007 31.9007 18.0384 18.0384 18.0384 18.0384 18.0384 18.0384 18.0384 18.0384 18.0384 18.0384 18.0384 18.0384 18.0384 18.0384 18.0384 18.0384 18.0384 18.0384 18.0384 18.9531 18.9531 18.9531 18.9531 ]
c0 = [ 119 120 122 124 127 131 135 140 145 151 157 165 172 181 189 199 209 220 231 243 255 268 282 296 311 326 342 359 376 394 412 431 450 471 491 513 534 94 95 97 99 101 104 107 111 115 120 125 130 137 143 150 158 166 174 183 196 198 201 205 ]
cp = [ 32.7329 32.7329 32.7329 32.7329 32.7329 32.7329 32.7329 32.7329 32.7329 32.7329 32.7329 32.7329 32.7329 32.7329 32.7329 32.7329 32.7329 32.7329 32.7329 32.7329 32.7329 32.7329 32.7329 32.7329 32.7329 32.7329 32.7329 32.7329 32.7329 32.7329 32.7329 32.7329 32.7329 32.7329 32.7329 32.7329 32.7329 33.8703 33.8703 33.8703 33.8703 33.8703 33.8703 33.8703 33.8703 33.8703 33.8703 33.8703 33.8703 33.8703 33.8703 33.8703 33.8703 33.8703 33.8703 33.8703 24.5308 24.5308 24.5308 24.5308 ]
D = [ 2653 2951 2998 3393 3628 4036 4311 4439 4489 4932 4986 5414 5706 5706 6267 6274 6674 6932 7160 7416 7720 7858 7935 8399 8475 8009 7827 7285 7191 6671 6555 5928 5849 5148 5059 5384 6037 6393 6601 7059 7613 6936 6495 5626 5094 4579 3861 3096 2461 2721 2971 3200 3633 3697 3799 4069 4373 4592 4751 5098 5585 5622 5786 6183 6370 6546 6661 7196 7176 7446 7695 8185 8373 7903 7549 7049 6849 6688 5981 5883 5355 5050 4555 5073 5834 6053 6603 7432 7633 7003 6452 5801 5360 4736 4246 3365 ]
K = 3
nk = [ 1 1 1 1 1 1 1 1 1 1 1 1 1 1 1 1 1 1 1 1 1 1 1 1 1 1 1 1 1 1 1 1 1 1 1 1 1 2 2 2 2 2 2 2 2 2 2 2 2 2 2 2 2 2 2 2 3 3 3 3 ]
First = [ 1 0 0 0 0 0 0 0 0 0 0 0 0 0 0 0 0 0 0 0 0 0 0 0 0 0 0 0 0 0 0 0 0 0 0 0 0 1 0 0 0 0 0 0 0 0 0 0 0 0 0 0 0 0 0 0 1 0 0 0 ]
Last = [ 0 0 0 0 0 0 0 0 0 0 0 0 0 0 0 0 0 0 0 0 0 0 0 0 0 0 0 0 0 0 0 0 0 0 0 0 1 0 0 0 0 0 0 0 0 0 0 0 0 0 0 0 0 0 0 1 0 0 0 1 ]
nS = 1
S = [ 0 1 2 3 4 5 6 7 8 9 10 11 12 13 14 15 16 17 18 19 20 21 22 23 24 25 26 27 28 29 30 31 32 33 34 35 36 37 38 39 40 41 42 43 44 45 46 47 48 49 50 51 52 53 54 55 56 57 58 59 ]
