n = 60 ; 
T = 96 ; 
Init = [ 0 0 0 0 0 0 0 0 0 0 0 0 0 0 0 0 0 0 0 1 1 1 1 1 1 1 1 1 1 1 1 1 1 1 1 1 1 1 1 1 1 1 1 1 1 1 0 0 0 0 0 0 0 0 0 0 0 0 0 0 ]
L = [ 3 3 3 3 3 3 3 3 3 3 3 3 3 3 3 3 3 3 3 4 4 4 4 4 4 4 4 4 4 4 4 4 4 4 4 4 4 4 4 4 4 4 4 4 4 4 6 6 6 6 6 6 6 6 6 6 6 6 6 6 ]
l = [ 3 3 3 3 3 3 3 3 3 3 3 3 3 3 3 3 3 3 3 4 4 4 4 4 4 4 4 4 4 4 4 4 4 4 4 4 4 4 4 4 4 4 4 4 4 4 6 6 6 6 6 6 6 6 6 6 6 6 6 6 ]
Pmin = [ 24 24 24 24 24 24 24 24 24 24 24 24 24 24 24 24 24 24 24 29 29 29 29 29 29 29 29 29 29 29 29 29 29 29 29 29 29 29 29 29 29 29 29 29 29 29 63 63 63 63 63 63 63 63 63 63 63 63 63 63 ]
Pmax = [ 85 85 85 85 85 85 85 85 85 85 85 85 85 85 85 85 85 85 85 104 104 104 104 104 104 104 104 104 104 104 104 104 104 104 104 104 104 104 104 104 104 104 104 104 104 104 233 233 233 233 233 233 233 233 233 233 233 233 233 233 ]
cf = [ 66.6274 66.6274 66.6274 66.6274 66.6274 66.6274 66.6274 66.6274 66.6274 66.6274 66.6274 66.6274 66.6274 66.6274 66.6274 66.6274 66.6274 66.6274 66.6274 44.2488 44.2488 44.2488 44.2488 44.2488 44.2488 44.2488 44.2488 44.2488 44.2488 44.2488 44.2488 44.2488 44.2488 44.2488 44.2488 44.2488 44.2488 44.2488 44.2488 44.2488 44.2488 44.2488 44.2488 44.2488 44.2488 44.2488 66.2959 66.2959 66.2959 66.2959 66.2959 66.2959 66.2959 66.2959 66.2959 66.2959 66.2959 66.2959 66.2959 66.2959 ]
c0 = [ 79 79 79 79 79 79 79 79 79 79 79 79 79 79 79 79 79 79 79 85 85 85 85 85 85 85 85 85 85 85 85 85 85 85 85 85 85 85 85 85 85 85 85 85 85 85 177 177 177 177 177 177 177 177 177 177 177 177 177 177 ]
cp = [ 34.6218 34.6218 34.6218 34.6218 34.6218 34.6218 34.6218 34.6218 34.6218 34.6218 34.6218 34.6218 34.6218 34.6218 34.6218 34.6218 34.6218 34.6218 34.6218 37.3024 37.3024 37.3024 37.3024 37.3024 37.3024 37.3024 37.3024 37.3024 37.3024 37.3024 37.3024 37.3024 37.3024 37.3024 37.3024 37.3024 37.3024 37.3024 37.3024 37.3024 37.3024 37.3024 37.3024 37.3024 37.3024 37.3024 29.158 29.158 29.158 29.158 29.158 29.158 29.158 29.158 29.158 29.158 29.158 29.158 29.158 29.158 ]
D = [ 2158 2548 3044 3229 3668 3951 4256 4790 4892 5232 5735 6097 6217 5950 5277 5009 4441 3958 4559 5324 5883 4998 3827 2819 1841 2028 2629 2803 3457 3599 4183 4474 4893 5365 5729 6150 6481 5939 5520 4820 4385 3864 4614 5408 6076 4931 3931 3067 2139 2298 2746 2985 3344 3872 4363 4463 4865 5246 5670 6143 6486 5782 5344 4834 4547 3937 4589 5070 5876 4717 3876 2633 1647 2270 2563 2853 3255 3732 4019 4586 4884 5216 5515 6139 6533 6034 5423 4990 4223 3889 4573 5215 5870 5085 3969 3104 ]
K = 3
nk = [ 1 1 1 1 1 1 1 1 1 1 1 1 1 1 1 1 1 1 1 2 2 2 2 2 2 2 2 2 2 2 2 2 2 2 2 2 2 2 2 2 2 2 2 2 2 2 3 3 3 3 3 3 3 3 3 3 3 3 3 3 ]
First = [ 1 0 0 0 0 0 0 0 0 0 0 0 0 0 0 0 0 0 0 1 0 0 0 0 0 0 0 0 0 0 0 0 0 0 0 0 0 0 0 0 0 0 0 0 0 0 1 0 0 0 0 0 0 0 0 0 0 0 0 0 ]
Last = [ 0 0 0 0 0 0 0 0 0 0 0 0 0 0 0 0 0 0 1 0 0 0 0 0 0 0 0 0 0 0 0 0 0 0 0 0 0 0 0 0 0 0 0 0 0 1 0 0 0 0 0 0 0 0 0 0 0 0 0 1 ]
nS = 1
S = [ 0 1 2 3 4 5 6 7 8 9 10 11 12 13 14 15 16 17 18 19 20 21 22 23 24 25 26 27 28 29 30 31 32 33 34 35 36 37 38 39 40 41 42 43 44 45 46 47 48 49 50 51 52 53 54 55 56 57 58 59 ]
