n = 60 ; 
T = 96 ; 
Init = [ 0 0 0 0 0 0 0 0 0 0 0 0 0 0 0 0 0 1 1 1 1 1 1 1 1 1 1 1 1 1 1 1 1 1 1 1 1 1 1 1 1 1 1 1 1 1 1 1 1 1 1 1 1 1 1 1 1 1 1 1 ]
L = [ 5 5 5 5 5 5 5 5 5 5 5 5 5 5 5 5 5 19 19 19 19 19 7 7 7 7 7 7 7 7 7 7 7 7 7 7 7 7 7 7 7 7 7 7 7 7 7 7 7 7 7 7 7 7 7 7 7 7 7 7 ]
l = [ 5 5 5 5 5 5 5 5 5 5 5 5 5 5 5 5 5 19 19 19 19 19 7 7 7 7 7 7 7 7 7 7 7 7 7 7 7 7 7 7 7 7 7 7 7 7 7 7 7 7 7 7 7 7 7 7 7 7 7 7 ]
Pmin = [ 25 25 25 25 25 25 25 25 25 25 25 25 25 25 25 25 25 100 100 100 100 100 40 40 40 40 40 40 40 40 40 40 40 40 40 40 40 40 40 40 40 40 40 40 40 40 40 40 40 40 40 40 40 40 40 40 40 40 40 40 ]
Pmax = [ 75 75 75 75 75 75 75 75 75 75 75 75 75 75 75 75 75 410 410 410 410 410 134 134 134 134 134 134 134 134 134 134 134 134 134 134 134 134 134 134 134 134 134 134 134 134 134 134 134 134 134 134 134 134 134 134 134 134 134 134 ]
cf = [ 13.4238 13.4238 13.4238 13.4238 13.4238 13.4238 13.4238 13.4238 13.4238 13.4238 13.4238 13.4238 13.4238 13.4238 13.4238 13.4238 13.4238 17.5794 17.5794 17.5794 17.5794 17.5794 43.2299 43.2299 43.2299 43.2299 43.2299 43.2299 43.2299 43.2299 43.2299 43.2299 43.2299 43.2299 43.2299 43.2299 43.2299 43.2299 43.2299 43.2299 43.2299 43.2299 43.2299 43.2299 43.2299 43.2299 43.2299 43.2299 43.2299 43.2299 43.2299 43.2299 43.2299 43.2299 43.2299 43.2299 43.2299 43.2299 43.2299 43.2299 ]
c0 = [ 77 78 79 81 83 85 88 91 94 98 102 107 112 117 123 129 136 251 254 258 263 269 113 114 116 118 121 124 128 133 138 143 150 156 164 172 180 189 199 209 219 231 242 255 268 281 295 310 325 341 357 374 391 409 428 447 467 487 508 529 ]
cp = [ 41.6233 41.6233 41.6233 41.6233 41.6233 41.6233 41.6233 41.6233 41.6233 41.6233 41.6233 41.6233 41.6233 41.6233 41.6233 41.6233 41.6233 14.0612 14.0612 14.0612 14.0612 14.0612 37.3761 37.3761 37.3761 37.3761 37.3761 37.3761 37.3761 37.3761 37.3761 37.3761 37.3761 37.3761 37.3761 37.3761 37.3761 37.3761 37.3761 37.3761 37.3761 37.3761 37.3761 37.3761 37.3761 37.3761 37.3761 37.3761 37.3761 37.3761 37.3761 37.3761 37.3761 37.3761 37.3761 37.3761 37.3761 37.3761 37.3761 37.3761 ]
D = [ 2091 2446 2689 2947 3183 3361 3453 3479 3924 3926 4374 4445 4688 4853 5095 5087 5483 5606 5836 6019 6109 6335 6757 6746 7165 6629 6614 6221 5869 5574 5461 5068 4928 4520 4185 4652 4794 5258 5551 5601 6203 5586 5020 4505 3852 3328 2942 2484 1710 2215 2183 2423 2851 3038 3202 3611 3625 4008 4216 4435 4422 4802 5203 5358 5398 5890 6015 6300 6416 6552 6711 7165 7441 7109 6592 6478 5861 5495 5239 4893 4804 4288 3955 4413 4541 5165 5468 5719 6162 5564 4924 4581 4134 3331 2915 2281 ]
K = 3
nk = [ 1 1 1 1 1 1 1 1 1 1 1 1 1 1 1 1 1 2 2 2 2 2 3 3 3 3 3 3 3 3 3 3 3 3 3 3 3 3 3 3 3 3 3 3 3 3 3 3 3 3 3 3 3 3 3 3 3 3 3 3 ]
First = [ 1 0 0 0 0 0 0 0 0 0 0 0 0 0 0 0 0 1 0 0 0 0 1 0 0 0 0 0 0 0 0 0 0 0 0 0 0 0 0 0 0 0 0 0 0 0 0 0 0 0 0 0 0 0 0 0 0 0 0 0 ]
Last = [ 0 0 0 0 0 0 0 0 0 0 0 0 0 0 0 0 1 0 0 0 0 1 0 0 0 0 0 0 0 0 0 0 0 0 0 0 0 0 0 0 0 0 0 0 0 0 0 0 0 0 0 0 0 0 0 0 0 0 0 1 ]
nS = 1
S = [ 0 1 2 3 4 5 6 7 8 9 10 11 12 13 14 15 16 17 18 19 20 21 22 23 24 25 26 27 28 29 30 31 32 33 34 35 36 37 38 39 40 41 42 43 44 45 46 47 48 49 50 51 52 53 54 55 56 57 58 59 ]
