n = 60 ; 
T = 96 ; 
Init = [ 0 0 0 0 0 0 0 0 1 1 1 1 1 1 1 1 1 0 0 0 0 0 1 1 1 0 0 0 0 0 0 1 1 1 1 1 1 1 1 1 1 1 1 1 1 1 1 1 1 1 1 1 1 1 1 1 1 1 1 0 ]
L = [ 8 8 8 8 8 8 8 8 6 6 3 3 3 3 3 3 3 6 6 6 6 6 7 7 7 6 6 6 6 6 6 8 8 8 8 8 7 7 7 7 7 7 4 4 4 4 4 4 4 4 4 4 4 4 4 4 4 4 4 2 ]
l = [ 8 8 8 8 8 8 8 8 6 6 3 3 3 3 3 3 3 6 6 6 6 6 7 7 7 6 6 6 6 6 6 8 8 8 8 8 7 7 7 7 7 7 4 4 4 4 4 4 4 4 4 4 4 4 4 4 4 4 4 2 ]
Pmin = [ 78 78 78 78 78 78 78 78 59 59 28 28 28 28 28 28 28 63 63 63 63 63 77 77 77 58 58 58 58 58 58 88 88 88 88 88 75 75 75 75 75 75 38 38 38 38 38 38 38 38 38 38 32 32 32 32 32 32 32 18 ]
Pmax = [ 321 321 321 321 321 321 321 321 207 207 86 86 86 86 86 86 86 247 247 247 247 247 298 298 298 203 203 203 203 203 203 339 339 339 339 339 302 302 302 302 302 302 129 129 129 129 129 129 129 129 129 129 116 116 116 116 116 116 116 43 ]
cf = [ 25.4118 25.4118 25.4118 25.4118 25.4118 25.4118 25.4118 25.4118 26.886 26.886 11.7426 11.7426 11.7426 11.7426 11.7426 11.7426 11.7426 56.7351 56.7351 56.7351 56.7351 56.7351 64.638 64.638 64.638 57.7965 57.7965 57.7965 57.7965 57.7965 57.7965 17.6732 17.6732 17.6732 17.6732 17.6732 15.982 15.982 15.982 15.982 15.982 15.982 60.2261 60.2261 60.2261 60.2261 60.2261 60.2261 60.2261 60.2261 60.2261 60.2261 28.4185 28.4185 28.4185 28.4185 28.4185 28.4185 28.4185 11.1358 ]
c0 = [ 202 202 202 202 202 202 202 202 171 171 83 83 83 83 83 83 83 184 184 184 184 184 214 214 214 163 163 163 163 163 163 228 228 228 228 228 208 208 208 208 208 208 118 118 118 118 118 118 118 118 118 118 107 107 107 107 107 107 107 60 ]
cp = [ 11.3793 11.3793 11.3793 11.3793 11.3793 11.3793 11.3793 11.3793 30.5211 30.5211 40.1193 40.1193 40.1193 40.1193 40.1193 40.1193 40.1193 24.7572 24.7572 24.7572 24.7572 24.7572 15.4508 15.4508 15.4508 22.69 22.69 22.69 22.69 22.69 22.69 24.2536 24.2536 24.2536 24.2536 24.2536 15.9777 15.9777 15.9777 15.9777 15.9777 15.9777 28.904 28.904 28.904 28.904 28.904 28.904 28.904 28.904 28.904 28.904 31.259 31.259 31.259 31.259 31.259 31.259 31.259 38.0826 ]
D = [ 3185 3520 4543 5137 5793 6421 6756 7596 8177 8762 9384 9761 10420 9815 8702 7575 7004 5941 7215 8421 9708 7852 6528 4896 3196 3951 4204 5012 5676 6416 6766 7448 7913 8493 9145 9585 10176 9620 8631 7517 6730 6000 7271 8376 9309 7734 6073 4382 2834 3500 4186 4612 5437 5831 6324 7292 7943 8520 8853 9487 10120 9328 8487 7472 6573 6003 7000 8169 9093 7389 6189 4605 3163 3738 4010 4918 5559 6142 6752 7672 8129 8585 9536 9951 10624 9513 8870 8027 6925 6118 7290 8031 9218 7893 6393 4824 ]
K = 11
nk = [ 1 1 1 1 1 1 1 1 2 2 3 3 3 3 3 3 3 4 4 4 4 4 5 5 5 6 6 6 6 6 6 7 7 7 7 7 8 8 8 8 8 8 9 9 9 9 9 9 9 9 9 9 10 10 10 10 10 10 10 11 ]
First = [ 1 0 0 0 0 0 0 0 1 0 1 0 0 0 0 0 0 1 0 0 0 0 1 0 0 1 0 0 0 0 0 1 0 0 0 0 1 0 0 0 0 0 1 0 0 0 0 0 0 0 0 0 1 0 0 0 0 0 0 1 ]
Last = [ 0 0 0 0 0 0 0 1 0 1 0 0 0 0 0 0 1 0 0 0 0 1 0 0 1 0 0 0 0 0 1 0 0 0 0 1 0 0 0 0 0 1 0 0 0 0 0 0 0 0 0 1 0 0 0 0 0 0 1 1 ]
nS = 1
S = [ 0 1 2 3 4 5 6 7 8 9 10 11 12 13 14 15 16 17 18 19 20 21 22 23 24 25 26 27 28 29 30 31 32 33 34 35 36 37 38 39 40 41 42 43 44 45 46 47 48 49 50 51 52 53 54 55 56 57 58 59 ]
