n = 60 ; 
T = 96 ; 
Init = [ 1 1 1 1 1 1 1 1 1 1 1 1 1 1 1 1 1 1 1 1 1 1 1 1 1 1 1 1 1 1 1 1 1 1 1 1 1 1 1 1 1 1 0 0 0 0 0 0 0 0 0 0 0 0 0 0 0 0 0 0 ]
L = [ 9 9 9 9 9 9 9 9 9 9 9 9 9 9 9 2 2 2 2 2 2 2 2 2 2 2 2 2 2 2 3 3 3 3 3 3 3 3 3 3 3 3 3 3 3 3 3 3 3 3 3 3 3 3 3 3 3 3 3 3 ]
l = [ 9 9 9 9 9 9 9 9 9 9 9 9 9 9 9 2 2 2 2 2 2 2 2 2 2 2 2 2 2 2 3 3 3 3 3 3 3 3 3 3 3 3 3 3 3 3 3 3 3 3 3 3 3 3 3 3 3 3 3 3 ]
Pmin = [ 98 98 98 98 98 98 98 98 98 98 98 98 98 98 98 25 25 25 25 25 25 25 25 25 25 25 25 25 25 25 30 30 30 30 30 30 30 30 30 30 30 30 21 21 21 21 21 21 21 21 21 21 21 21 21 21 21 21 21 21 ]
Pmax = [ 378 378 378 378 378 378 378 378 378 378 378 378 378 378 378 53 53 53 53 53 53 53 53 53 53 53 53 53 53 53 106 106 106 106 106 106 106 106 106 106 106 106 67 67 67 67 67 67 67 67 67 67 67 67 67 67 67 67 67 67 ]
cf = [ 25.4629 25.4629 25.4629 25.4629 25.4629 25.4629 25.4629 25.4629 25.4629 25.4629 25.4629 25.4629 25.4629 25.4629 25.4629 52.0153 52.0153 52.0153 52.0153 52.0153 52.0153 52.0153 52.0153 52.0153 52.0153 52.0153 52.0153 52.0153 52.0153 52.0153 28.6031 28.6031 28.6031 28.6031 28.6031 28.6031 28.6031 28.6031 28.6031 28.6031 28.6031 28.6031 38.7401 38.7401 38.7401 38.7401 38.7401 38.7401 38.7401 38.7401 38.7401 38.7401 38.7401 38.7401 38.7401 38.7401 38.7401 38.7401 38.7401 38.7401 ]
c0 = [ 250 250 250 250 250 250 250 250 250 250 250 250 250 250 250 82 82 82 82 82 82 82 82 82 82 82 82 82 82 82 102 102 102 102 102 102 102 102 102 102 102 102 62 62 62 62 62 62 62 62 62 62 62 62 62 62 62 62 62 62 ]
cp = [ 14.3767 14.3767 14.3767 14.3767 14.3767 14.3767 14.3767 14.3767 14.3767 14.3767 14.3767 14.3767 14.3767 14.3767 14.3767 40.9943 40.9943 40.9943 40.9943 40.9943 40.9943 40.9943 40.9943 40.9943 40.9943 40.9943 40.9943 40.9943 40.9943 40.9943 37.9349 37.9349 37.9349 37.9349 37.9349 37.9349 37.9349 37.9349 37.9349 37.9349 37.9349 37.9349 40.5301 40.5301 40.5301 40.5301 40.5301 40.5301 40.5301 40.5301 40.5301 40.5301 40.5301 40.5301 40.5301 40.5301 40.5301 40.5301 40.5301 40.5301 ]
D = [ 2136 2432 2983 3303 3809 4420 4717 5129 5918 6329 6609 7165 7664 7133 6491 5561 5092 4305 5035 5600 6210 5429 3994 3070 1885 2337 2664 3404 3574 4104 4518 5181 5533 5885 6504 6792 7307 7019 6343 5637 5363 4771 5332 5649 6205 5524 4289 3316 2406 3132 3558 3905 4146 4858 5278 5594 6266 6538 7110 7680 8116 7394 6539 6094 5230 4560 5405 5868 6600 5847 4595 3519 2811 3002 3526 4092 4256 4671 5383 5804 6185 6401 7040 7239 7930 7210 6274 5800 4898 4549 4931 5795 6624 5221 4210 3050 ]
K = 4
nk = [ 1 1 1 1 1 1 1 1 1 1 1 1 1 1 1 2 2 2 2 2 2 2 2 2 2 2 2 2 2 2 3 3 3 3 3 3 3 3 3 3 3 3 4 4 4 4 4 4 4 4 4 4 4 4 4 4 4 4 4 4 ]
First = [ 1 0 0 0 0 0 0 0 0 0 0 0 0 0 0 1 0 0 0 0 0 0 0 0 0 0 0 0 0 0 1 0 0 0 0 0 0 0 0 0 0 0 1 0 0 0 0 0 0 0 0 0 0 0 0 0 0 0 0 0 ]
Last = [ 0 0 0 0 0 0 0 0 0 0 0 0 0 0 1 0 0 0 0 0 0 0 0 0 0 0 0 0 0 1 0 0 0 0 0 0 0 0 0 0 0 1 0 0 0 0 0 0 0 0 0 0 0 0 0 0 0 0 0 1 ]
nS = 1
S = [ 0 1 2 3 4 5 6 7 8 9 10 11 12 13 14 15 16 17 18 19 20 21 22 23 24 25 26 27 28 29 30 31 32 33 34 35 36 37 38 39 40 41 42 43 44 45 46 47 48 49 50 51 52 53 54 55 56 57 58 59 ]
