n = 60 ; 
T = 96 ; 
Init = [ 1 1 1 1 1 1 1 1 1 1 1 1 1 1 1 1 0 0 0 0 0 0 0 0 0 0 0 0 0 0 0 0 0 0 0 0 0 0 0 0 0 0 0 0 1 1 1 1 1 1 1 1 1 1 1 1 1 1 1 1 ]
L = [ 5 5 5 5 5 5 5 5 5 5 5 5 5 5 5 5 2 2 2 2 2 2 2 2 2 2 2 2 2 2 2 2 3 3 3 3 3 3 3 3 3 3 3 3 7 7 3 3 3 3 3 3 3 3 3 3 3 3 3 3 ]
l = [ 5 5 5 5 5 5 5 5 5 5 5 5 5 5 5 5 2 2 2 2 2 2 2 2 2 2 2 2 2 2 2 2 3 3 3 3 3 3 3 3 3 3 3 3 7 7 3 3 3 3 3 3 3 3 3 3 3 3 3 3 ]
Pmin = [ 55 55 55 55 55 55 55 55 55 55 55 55 55 55 55 55 17 17 17 17 17 17 17 17 17 17 17 17 17 17 17 17 19 19 19 19 19 19 19 19 19 19 19 19 76 76 25 25 25 25 25 25 25 25 25 25 25 25 25 25 ]
Pmax = [ 213 213 213 213 213 213 213 213 213 213 213 213 213 213 213 213 52 52 52 52 52 52 52 52 52 52 52 52 52 52 52 52 67 67 67 67 67 67 67 67 67 67 67 67 313 313 59 59 59 59 59 59 59 59 59 59 59 59 59 59 ]
cf = [ 39.0976 39.0976 39.0976 39.0976 39.0976 39.0976 39.0976 39.0976 39.0976 39.0976 39.0976 39.0976 39.0976 39.0976 39.0976 39.0976 66.7516 66.7516 66.7516 66.7516 66.7516 66.7516 66.7516 66.7516 66.7516 66.7516 66.7516 66.7516 66.7516 66.7516 66.7516 66.7516 21.4872 21.4872 21.4872 21.4872 21.4872 21.4872 21.4872 21.4872 21.4872 21.4872 21.4872 21.4872 23.8867 23.8867 49.3454 49.3454 49.3454 49.3454 49.3454 49.3454 49.3454 49.3454 49.3454 49.3454 49.3454 49.3454 49.3454 49.3454 ]
c0 = [ 162 162 162 162 162 162 162 162 162 162 162 162 162 162 162 162 70 70 70 70 70 70 70 70 70 70 70 70 70 70 70 70 75 75 75 75 75 75 75 75 75 75 75 75 193 193 87 87 87 87 87 87 87 87 87 87 87 87 87 87 ]
cp = [ 24.3975 24.3975 24.3975 24.3975 24.3975 24.3975 24.3975 24.3975 24.3975 24.3975 24.3975 24.3975 24.3975 24.3975 24.3975 24.3975 38.4515 38.4515 38.4515 38.4515 38.4515 38.4515 38.4515 38.4515 38.4515 38.4515 38.4515 38.4515 38.4515 38.4515 38.4515 38.4515 40.3434 40.3434 40.3434 40.3434 40.3434 40.3434 40.3434 40.3434 40.3434 40.3434 40.3434 40.3434 16.6191 16.6191 40.8784 40.8784 40.8784 40.8784 40.8784 40.8784 40.8784 40.8784 40.8784 40.8784 40.8784 40.8784 40.8784 40.8784 ]
D = [ 1463 1763 2060 2381 2653 3062 3443 3550 3875 4271 4684 4784 5080 4974 4575 4080 3633 3443 3965 4456 4980 4256 3321 2501 1447 1916 2057 2480 2675 3084 3466 3758 3977 4414 4718 5021 5298 4670 4496 4051 3648 3084 3832 4359 5052 3995 3011 2348 1241 1758 1883 2426 2778 3022 3454 3651 3972 4391 4763 4956 5375 5022 4465 4209 3838 3252 3985 4444 5242 4108 3124 2226 1332 1777 1885 2247 2746 3064 3187 3598 4017 4265 4665 4912 5200 4781 4434 4080 3754 3542 3684 4158 4569 3690 2964 2297 ]
K = 5
nk = [ 1 1 1 1 1 1 1 1 1 1 1 1 1 1 1 1 2 2 2 2 2 2 2 2 2 2 2 2 2 2 2 2 3 3 3 3 3 3 3 3 3 3 3 3 4 4 5 5 5 5 5 5 5 5 5 5 5 5 5 5 ]
First = [ 1 0 0 0 0 0 0 0 0 0 0 0 0 0 0 0 1 0 0 0 0 0 0 0 0 0 0 0 0 0 0 0 1 0 0 0 0 0 0 0 0 0 0 0 1 0 1 0 0 0 0 0 0 0 0 0 0 0 0 0 ]
Last = [ 0 0 0 0 0 0 0 0 0 0 0 0 0 0 0 1 0 0 0 0 0 0 0 0 0 0 0 0 0 0 0 1 0 0 0 0 0 0 0 0 0 0 0 1 0 1 0 0 0 0 0 0 0 0 0 0 0 0 0 1 ]
nS = 1
S = [ 0 1 2 3 4 5 6 7 8 9 10 11 12 13 14 15 16 17 18 19 20 21 22 23 24 25 26 27 28 29 30 31 32 33 34 35 36 37 38 39 40 41 42 43 44 45 46 47 48 49 50 51 52 53 54 55 56 57 58 59 ]
