n = 60 ; 
T = 96 ; 
Init = [ 0 0 0 0 0 0 0 0 0 0 1 1 1 1 1 1 1 1 1 0 0 0 0 0 0 1 1 1 1 1 1 1 1 1 1 1 1 1 1 1 1 1 1 1 1 1 1 1 1 1 0 0 0 0 0 0 0 1 1 1 ]
L = [ 9 9 9 9 9 9 9 9 9 9 10 10 10 10 10 10 10 10 10 7 7 7 7 7 7 8 8 8 8 8 8 8 8 8 8 8 8 8 8 8 8 8 8 8 8 8 8 8 8 8 2 2 2 2 2 2 2 8 8 8 ]
l = [ 9 9 9 9 9 9 9 9 9 9 10 10 10 10 10 10 10 10 10 7 7 7 7 7 7 8 8 8 8 8 8 8 8 8 8 8 8 8 8 8 8 8 8 8 8 8 8 8 8 8 2 2 2 2 2 2 2 8 8 8 ]
Pmin = [ 93 93 93 93 93 93 93 93 93 93 100 100 100 100 100 100 100 100 100 76 76 76 76 76 76 87 87 87 87 87 87 87 87 87 87 87 87 87 87 87 87 87 87 87 87 87 87 87 87 87 21 21 21 21 21 21 21 85 85 85 ]
Pmax = [ 387 387 387 387 387 387 387 387 387 387 420 420 420 420 420 420 420 420 420 288 288 288 288 288 288 348 348 348 348 348 348 348 348 348 348 348 348 348 348 348 348 348 348 348 348 348 348 348 348 348 60 60 60 60 60 60 60 342 342 342 ]
cf = [ 34.3658 34.3658 34.3658 34.3658 34.3658 34.3658 34.3658 34.3658 34.3658 34.3658 65.3248 65.3248 65.3248 65.3248 65.3248 65.3248 65.3248 65.3248 65.3248 12.066 12.066 12.066 12.066 12.066 12.066 65.7036 65.7036 65.7036 65.7036 65.7036 65.7036 65.7036 65.7036 65.7036 65.7036 65.7036 65.7036 65.7036 65.7036 65.7036 65.7036 65.7036 65.7036 65.7036 65.7036 65.7036 65.7036 65.7036 65.7036 65.7036 17.2199 17.2199 17.2199 17.2199 17.2199 17.2199 17.2199 13.7298 13.7298 13.7298 ]
c0 = [ 240 240 240 240 240 240 240 240 240 240 250 250 250 250 250 250 250 250 250 207 207 207 207 207 207 219 219 219 219 219 219 219 219 219 219 219 219 219 219 219 219 219 219 219 219 219 219 219 219 219 67 67 67 67 67 67 67 229 229 229 ]
cp = [ 16.9185 16.9185 16.9185 16.9185 16.9185 16.9185 16.9185 16.9185 16.9185 16.9185 10.0312 10.0312 10.0312 10.0312 10.0312 10.0312 10.0312 10.0312 10.0312 30.1843 30.1843 30.1843 30.1843 30.1843 30.1843 17.8372 17.8372 17.8372 17.8372 17.8372 17.8372 17.8372 17.8372 17.8372 17.8372 17.8372 17.8372 17.8372 17.8372 17.8372 17.8372 17.8372 17.8372 17.8372 17.8372 17.8372 17.8372 17.8372 17.8372 17.8372 40.5107 40.5107 40.5107 40.5107 40.5107 40.5107 40.5107 19.8135 19.8135 19.8135 ]
D = [ 5506 6768 7754 8218 9477 10545 11328 12211 12886 13989 15391 16325 17192 15624 14274 12853 11423 9926 11456 13525 15644 13251 10348 8422 5691 6917 7855 8304 9589 10844 11626 12271 13382 14899 15292 16578 17789 15724 14486 13140 11981 10016 11823 13751 15239 12391 10496 8074 5430 6845 7087 7912 9272 9754 10872 11716 12769 13541 14503 15301 16256 14660 13606 12677 11316 9608 11806 12765 14823 12343 9748 7112 4138 5340 6423 6932 8301 9353 10367 11363 11896 12898 14090 14540 15649 14588 13721 12255 10575 9995 11350 12925 15132 12232 9870 7010 ]
K = 6
nk = [ 1 1 1 1 1 1 1 1 1 1 2 2 2 2 2 2 2 2 2 3 3 3 3 3 3 4 4 4 4 4 4 4 4 4 4 4 4 4 4 4 4 4 4 4 4 4 4 4 4 4 5 5 5 5 5 5 5 6 6 6 ]
First = [ 1 0 0 0 0 0 0 0 0 0 1 0 0 0 0 0 0 0 0 1 0 0 0 0 0 1 0 0 0 0 0 0 0 0 0 0 0 0 0 0 0 0 0 0 0 0 0 0 0 0 1 0 0 0 0 0 0 1 0 0 ]
Last = [ 0 0 0 0 0 0 0 0 0 1 0 0 0 0 0 0 0 0 1 0 0 0 0 0 1 0 0 0 0 0 0 0 0 0 0 0 0 0 0 0 0 0 0 0 0 0 0 0 0 1 0 0 0 0 0 0 1 0 0 1 ]
nS = 1
S = [ 0 1 2 3 4 5 6 7 8 9 10 11 12 13 14 15 16 17 18 19 20 21 22 23 24 25 26 27 28 29 30 31 32 33 34 35 36 37 38 39 40 41 42 43 44 45 46 47 48 49 50 51 52 53 54 55 56 57 58 59 ]
