n = 60 ; 
T = 96 ; 
Init = [ 1 1 1 1 1 1 1 1 1 1 1 1 1 1 1 1 1 1 1 1 1 1 1 1 1 1 1 1 1 1 1 0 0 0 0 0 0 0 0 0 0 0 0 0 0 0 0 1 1 1 1 1 1 1 1 1 1 1 1 1 ]
L = [ 12 12 12 12 12 12 12 12 12 12 12 12 12 12 12 12 12 12 12 12 12 12 12 12 12 12 12 12 12 12 12 13 13 13 13 13 13 13 13 13 13 13 13 13 13 13 13 12 12 12 12 12 12 12 12 12 12 12 12 12 ]
l = [ 12 12 12 12 12 12 12 12 12 12 12 12 12 12 12 12 12 12 12 12 12 12 12 12 12 12 12 12 12 12 12 13 13 13 13 13 13 13 13 13 13 13 13 13 13 13 13 12 12 12 12 12 12 12 12 12 12 12 12 12 ]
Pmin = [ 62 62 62 62 62 62 62 62 62 62 62 62 62 62 62 62 62 62 62 62 62 62 62 62 62 62 62 62 62 62 62 69 69 69 69 69 69 69 69 69 69 69 69 69 69 69 69 63 63 63 63 63 63 63 63 63 63 63 63 63 ]
Pmax = [ 230 230 230 230 230 230 230 230 230 230 230 230 230 230 230 230 230 230 230 230 230 230 230 230 230 230 230 230 230 230 230 269 269 269 269 269 269 269 269 269 269 269 269 269 269 269 269 239 239 239 239 239 239 239 239 239 239 239 239 239 ]
cf = [ 40.4397 40.4397 40.4397 40.4397 40.4397 40.4397 40.4397 40.4397 40.4397 40.4397 40.4397 40.4397 40.4397 40.4397 40.4397 40.4397 40.4397 40.4397 40.4397 40.4397 40.4397 40.4397 40.4397 40.4397 40.4397 40.4397 40.4397 40.4397 40.4397 40.4397 40.4397 63.6123 63.6123 63.6123 63.6123 63.6123 63.6123 63.6123 63.6123 63.6123 63.6123 63.6123 63.6123 63.6123 63.6123 63.6123 63.6123 55.709 55.709 55.709 55.709 55.709 55.709 55.709 55.709 55.709 55.709 55.709 55.709 55.709 ]
c0 = [ 172 174 177 180 184 189 195 202 210 219 228 238 249 261 274 288 303 318 334 351 369 388 408 428 450 472 495 519 544 570 596 181 182 185 189 193 199 205 212 220 229 239 250 261 274 287 302 166 168 170 174 178 183 188 195 203 211 220 230 241 ]
cp = [ 28.7184 28.7184 28.7184 28.7184 28.7184 28.7184 28.7184 28.7184 28.7184 28.7184 28.7184 28.7184 28.7184 28.7184 28.7184 28.7184 28.7184 28.7184 28.7184 28.7184 28.7184 28.7184 28.7184 28.7184 28.7184 28.7184 28.7184 28.7184 28.7184 28.7184 28.7184 16.5109 16.5109 16.5109 16.5109 16.5109 16.5109 16.5109 16.5109 16.5109 16.5109 16.5109 16.5109 16.5109 16.5109 16.5109 16.5109 28.5582 28.5582 28.5582 28.5582 28.5582 28.5582 28.5582 28.5582 28.5582 28.5582 28.5582 28.5582 28.5582 ]
D = [ 4250 4584 4807 5173 5710 5670 5961 6673 7099 7092 7890 8102 8389 8603 9144 9266 9553 10047 10714 10928 11393 11563 11930 12334 12788 12126 11469 10779 10342 9641 9279 8626 8484 7987 7342 7906 8121 9099 9437 9720 10334 9734 9075 8241 7497 6441 5371 4556 3872 4286 4615 5310 5614 5798 6021 6752 7120 7236 7789 8208 8225 8780 8851 9284 9614 9989 10473 11019 10969 11435 12053 12344 12556 12310 11634 11036 10648 9976 9829 9307 8686 7924 7734 8096 8779 9491 9639 10328 10793 10303 9057 8348 7469 6513 5874 4962 ]
K = 3
nk = [ 1 1 1 1 1 1 1 1 1 1 1 1 1 1 1 1 1 1 1 1 1 1 1 1 1 1 1 1 1 1 1 2 2 2 2 2 2 2 2 2 2 2 2 2 2 2 2 3 3 3 3 3 3 3 3 3 3 3 3 3 ]
First = [ 1 0 0 0 0 0 0 0 0 0 0 0 0 0 0 0 0 0 0 0 0 0 0 0 0 0 0 0 0 0 0 1 0 0 0 0 0 0 0 0 0 0 0 0 0 0 0 1 0 0 0 0 0 0 0 0 0 0 0 0 ]
Last = [ 0 0 0 0 0 0 0 0 0 0 0 0 0 0 0 0 0 0 0 0 0 0 0 0 0 0 0 0 0 0 1 0 0 0 0 0 0 0 0 0 0 0 0 0 0 0 1 0 0 0 0 0 0 0 0 0 0 0 0 1 ]
nS = 1
S = [ 0 1 2 3 4 5 6 7 8 9 10 11 12 13 14 15 16 17 18 19 20 21 22 23 24 25 26 27 28 29 30 31 32 33 34 35 36 37 38 39 40 41 42 43 44 45 46 47 48 49 50 51 52 53 54 55 56 57 58 59 ]
