n = 60 ; 
T = 96 ; 
Init = [ 0 0 0 0 0 0 0 0 0 0 0 0 0 0 0 0 0 0 0 0 0 0 0 0 0 0 0 0 0 0 0 0 0 0 0 0 0 0 0 0 0 0 0 0 0 1 1 1 1 1 1 1 1 1 1 1 1 1 1 1 ]
L = [ 5 5 5 5 5 5 5 5 5 5 5 5 5 5 5 5 5 5 5 5 5 5 5 5 5 5 5 5 5 5 5 5 5 5 5 5 5 5 5 5 5 5 5 5 5 8 8 8 8 8 8 16 16 16 16 16 16 16 16 16 ]
l = [ 5 5 5 5 5 5 5 5 5 5 5 5 5 5 5 5 5 5 5 5 5 5 5 5 5 5 5 5 5 5 5 5 5 5 5 5 5 5 5 5 5 5 5 5 5 8 8 8 8 8 8 16 16 16 16 16 16 16 16 16 ]
Pmin = [ 24 24 24 24 24 24 24 24 24 24 24 24 24 24 24 24 24 24 24 24 24 24 24 24 24 24 24 24 24 24 24 24 24 24 24 24 24 24 24 24 24 24 24 24 24 39 39 39 39 39 39 80 80 80 80 80 80 80 80 80 ]
Pmax = [ 67 67 67 67 67 67 67 67 67 67 67 67 67 67 67 67 67 67 67 67 67 67 67 67 67 67 67 67 67 67 67 67 67 67 67 67 67 67 67 67 67 67 67 67 67 139 139 139 139 139 139 332 332 332 332 332 332 332 332 332 ]
cf = [ 53.7624 53.7624 53.7624 53.7624 53.7624 53.7624 53.7624 53.7624 53.7624 53.7624 53.7624 53.7624 53.7624 53.7624 53.7624 53.7624 53.7624 53.7624 53.7624 53.7624 53.7624 53.7624 53.7624 53.7624 53.7624 53.7624 53.7624 53.7624 53.7624 53.7624 53.7624 53.7624 53.7624 53.7624 53.7624 53.7624 53.7624 53.7624 53.7624 53.7624 53.7624 53.7624 53.7624 53.7624 53.7624 57.2313 57.2313 57.2313 57.2313 57.2313 57.2313 16.9759 16.9759 16.9759 16.9759 16.9759 16.9759 16.9759 16.9759 16.9759 ]
c0 = [ 82 82 84 85 87 90 92 96 99 103 108 113 118 124 130 136 143 150 158 166 175 184 193 203 213 223 234 246 258 270 282 295 309 322 337 351 366 382 398 414 430 447 465 483 501 126 127 129 132 135 139 223 225 228 233 238 245 253 261 271 ]
cp = [ 40.2249 40.2249 40.2249 40.2249 40.2249 40.2249 40.2249 40.2249 40.2249 40.2249 40.2249 40.2249 40.2249 40.2249 40.2249 40.2249 40.2249 40.2249 40.2249 40.2249 40.2249 40.2249 40.2249 40.2249 40.2249 40.2249 40.2249 40.2249 40.2249 40.2249 40.2249 40.2249 40.2249 40.2249 40.2249 40.2249 40.2249 40.2249 40.2249 40.2249 40.2249 40.2249 40.2249 40.2249 40.2249 22.8577 22.8577 22.8577 22.8577 22.8577 22.8577 25.1414 25.1414 25.1414 25.1414 25.1414 25.1414 25.1414 25.1414 25.1414 ]
D = [ 2000 2125 2283 2495 2498 2756 2760 2969 3144 3478 3417 3639 3932 3919 4151 4292 4582 4773 4797 4891 5020 5266 5531 5518 5737 5635 5154 5104 4732 4544 4332 4202 3707 3494 3417 3615 4074 4416 4664 5140 5384 4885 4350 3928 3531 3070 2631 2092 1660 1686 1916 2212 2270 2417 2855 2966 3141 3415 3546 3748 3911 3907 4235 4408 4592 4790 4873 5027 5431 5561 5786 5923 6082 5777 5495 5363 4922 4649 4500 4304 3870 3765 3403 3720 3906 4401 4642 5090 5399 4825 4530 4058 3566 3140 2927 2432 ]
K = 3
nk = [ 1 1 1 1 1 1 1 1 1 1 1 1 1 1 1 1 1 1 1 1 1 1 1 1 1 1 1 1 1 1 1 1 1 1 1 1 1 1 1 1 1 1 1 1 1 2 2 2 2 2 2 3 3 3 3 3 3 3 3 3 ]
First = [ 1 0 0 0 0 0 0 0 0 0 0 0 0 0 0 0 0 0 0 0 0 0 0 0 0 0 0 0 0 0 0 0 0 0 0 0 0 0 0 0 0 0 0 0 0 1 0 0 0 0 0 1 0 0 0 0 0 0 0 0 ]
Last = [ 0 0 0 0 0 0 0 0 0 0 0 0 0 0 0 0 0 0 0 0 0 0 0 0 0 0 0 0 0 0 0 0 0 0 0 0 0 0 0 0 0 0 0 0 1 0 0 0 0 0 1 0 0 0 0 0 0 0 0 1 ]
nS = 1
S = [ 0 1 2 3 4 5 6 7 8 9 10 11 12 13 14 15 16 17 18 19 20 21 22 23 24 25 26 27 28 29 30 31 32 33 34 35 36 37 38 39 40 41 42 43 44 45 46 47 48 49 50 51 52 53 54 55 56 57 58 59 ]
