n = 60 ; 
T = 96 ; 
Init = [ 0 0 0 0 0 0 0 0 0 0 0 0 0 0 1 1 1 1 1 1 1 1 1 1 1 1 1 1 1 1 1 1 1 1 1 1 1 1 1 1 1 1 1 1 1 1 1 1 1 1 1 1 1 0 0 0 0 0 1 1 ]
L = [ 5 5 5 5 5 5 5 5 5 5 5 5 5 5 7 7 7 7 7 7 7 7 7 7 7 7 7 7 3 3 3 3 3 3 3 3 3 3 3 6 6 6 6 6 6 6 6 6 6 6 6 8 8 6 6 4 4 4 7 7 ]
l = [ 5 5 5 5 5 5 5 5 5 5 5 5 5 5 7 7 7 7 7 7 7 7 7 7 7 7 7 7 3 3 3 3 3 3 3 3 3 3 3 6 6 6 6 6 6 6 6 6 6 6 6 8 8 6 6 4 4 4 7 7 ]
Pmin = [ 48 48 48 50 50 50 50 50 50 50 50 50 50 50 85 85 85 85 85 85 85 85 85 85 85 85 85 85 42 42 42 42 42 42 42 22 22 22 22 68 68 68 68 68 68 68 68 68 68 68 68 82 82 58 58 33 33 33 77 77 ]
Pmax = [ 169 169 169 163 163 163 163 163 163 163 163 163 163 163 318 318 318 318 318 318 318 318 318 318 318 318 318 318 132 132 132 132 132 132 132 65 65 65 65 253 253 253 253 253 253 253 253 253 253 253 253 318 318 210 210 106 106 106 303 303 ]
cf = [ 13.7463 13.7463 13.7463 62.5299 62.5299 62.5299 62.5299 62.5299 62.5299 62.5299 62.5299 62.5299 62.5299 62.5299 15.4136 15.4136 15.4136 15.4136 15.4136 15.4136 15.4136 15.4136 15.4136 15.4136 15.4136 15.4136 15.4136 15.4136 35.7784 35.7784 35.7784 35.7784 35.7784 35.7784 35.7784 39.7031 39.7031 39.7031 39.7031 60.3193 60.3193 60.3193 60.3193 60.3193 60.3193 60.3193 60.3193 60.3193 60.3193 60.3193 60.3193 11.5798 11.5798 52.829 52.829 45.1999 45.1999 45.1999 56.6161 56.6161 ]
c0 = [ 144 144 144 134 134 134 134 134 134 134 134 134 134 134 220 220 220 220 220 220 220 220 220 220 220 220 220 220 126 126 126 126 126 126 126 70 70 70 70 187 187 187 187 187 187 187 187 187 187 187 187 207 207 152 152 99 99 99 196 196 ]
cp = [ 29.821 29.821 29.821 26.7529 26.7529 26.7529 26.7529 26.7529 26.7529 26.7529 26.7529 26.7529 26.7529 26.7529 23.4162 23.4162 23.4162 23.4162 23.4162 23.4162 23.4162 23.4162 23.4162 23.4162 23.4162 23.4162 23.4162 23.4162 31.8919 31.8919 31.8919 31.8919 31.8919 31.8919 31.8919 39.9074 39.9074 39.9074 39.9074 19.4201 19.4201 19.4201 19.4201 19.4201 19.4201 19.4201 19.4201 19.4201 19.4201 19.4201 19.4201 22.5335 22.5335 25.9155 25.9155 35.6318 35.6318 35.6318 14.1634 14.1634 ]
D = [ 2700 3419 4255 4830 5290 5974 6850 7347 8440 8864 9737 10122 11243 10029 8931 8346 7060 6348 7301 8694 10340 8625 6528 4649 3156 3456 4324 4762 5728 5964 6692 7654 8077 8614 9461 10138 10860 10011 9208 8296 7842 6910 7821 8728 9495 7945 6125 4548 3099 3572 4504 5351 6056 6791 7449 8272 8581 9564 10174 10902 11579 10482 9548 8387 7763 6674 7540 8984 10189 8170 6588 4916 3196 4071 4868 5388 5957 6881 7385 7968 8830 9437 10126 10733 11748 10776 9672 8430 7550 6830 7359 8304 9120 7928 6393 4440 ]
K = 10
nk = [ 1 1 1 2 2 2 2 2 2 2 2 2 2 2 3 3 3 3 3 3 3 3 3 3 3 3 3 3 4 4 4 4 4 4 4 5 5 5 5 6 6 6 6 6 6 6 6 6 6 6 6 7 7 8 8 9 9 9 10 10 ]
First = [ 1 0 0 1 0 0 0 0 0 0 0 0 0 0 1 0 0 0 0 0 0 0 0 0 0 0 0 0 1 0 0 0 0 0 0 1 0 0 0 1 0 0 0 0 0 0 0 0 0 0 0 1 0 1 0 1 0 0 1 0 ]
Last = [ 0 0 1 0 0 0 0 0 0 0 0 0 0 1 0 0 0 0 0 0 0 0 0 0 0 0 0 1 0 0 0 0 0 0 1 0 0 0 1 0 0 0 0 0 0 0 0 0 0 0 1 0 1 0 1 0 0 1 0 1 ]
nS = 1
S = [ 0 1 2 3 4 5 6 7 8 9 10 11 12 13 14 15 16 17 18 19 20 21 22 23 24 25 26 27 28 29 30 31 32 33 34 35 36 37 38 39 40 41 42 43 44 45 46 47 48 49 50 51 52 53 54 55 56 57 58 59 ]
