n = 60 ; 
T = 96 ; 
Init = [ 0 0 0 0 0 0 0 0 0 0 0 0 0 0 0 0 0 0 0 0 0 1 1 1 1 1 1 1 1 1 1 1 1 1 1 1 1 1 1 1 1 1 1 0 0 0 0 0 0 0 0 1 0 0 0 0 0 0 0 0 ]
L = [ 7 7 7 7 7 7 7 2 2 2 2 2 2 2 2 2 2 2 2 2 2 9 9 9 9 9 9 8 8 8 8 8 8 8 8 8 8 8 8 8 8 8 6 9 9 9 9 9 9 9 9 3 6 6 6 6 9 9 9 9 ]
l = [ 7 7 7 7 7 7 7 2 2 2 2 2 2 2 2 2 2 2 2 2 2 9 9 9 9 9 9 8 8 8 8 8 8 8 8 8 8 8 8 8 8 8 6 9 9 9 9 9 9 9 9 3 6 6 6 6 9 9 9 9 ]
Pmin = [ 86 86 86 86 86 86 86 29 29 29 29 29 29 29 29 29 29 29 29 29 29 94 94 94 94 94 94 90 90 90 90 90 90 90 90 90 90 90 90 90 90 90 66 98 98 98 100 100 100 100 100 25 61 61 61 61 100 100 100 100 ]
Pmax = [ 332 332 332 332 332 332 332 81 81 81 81 81 81 81 81 81 81 81 81 81 81 376 376 376 376 376 376 374 374 374 374 374 374 374 374 374 374 374 374 374 374 374 242 374 374 374 401 401 401 401 401 53 246 246 246 246 407 407 407 407 ]
cf = [ 69.1276 69.1276 69.1276 69.1276 69.1276 69.1276 69.1276 63.3994 63.3994 63.3994 63.3994 63.3994 63.3994 63.3994 63.3994 63.3994 63.3994 63.3994 63.3994 63.3994 63.3994 21.6298 21.6298 21.6298 21.6298 21.6298 21.6298 62.9347 62.9347 62.9347 62.9347 62.9347 62.9347 62.9347 62.9347 62.9347 62.9347 62.9347 62.9347 62.9347 62.9347 62.9347 64.5868 55.6649 55.6649 55.6649 30.5437 30.5437 30.5437 30.5437 30.5437 34.888 64.3364 64.3364 64.3364 64.3364 57.4473 57.4473 57.4473 57.4473 ]
c0 = [ 220 220 220 220 220 220 220 85 85 85 85 85 85 85 85 85 85 85 85 85 85 244 244 244 244 244 244 226 226 226 226 226 226 226 226 226 226 226 226 226 226 226 181 250 250 250 250 250 250 250 250 91 170 170 170 170 250 250 250 250 ]
cp = [ 15.1001 15.1001 15.1001 15.1001 15.1001 15.1001 15.1001 40.8162 40.8162 40.8162 40.8162 40.8162 40.8162 40.8162 40.8162 40.8162 40.8162 40.8162 40.8162 40.8162 40.8162 13.3289 13.3289 13.3289 13.3289 13.3289 13.3289 20.1994 20.1994 20.1994 20.1994 20.1994 20.1994 20.1994 20.1994 20.1994 20.1994 20.1994 20.1994 20.1994 20.1994 20.1994 26.0229 14.1671 14.1671 14.1671 14.7416 14.7416 14.7416 14.7416 14.7416 37.7792 30.5233 30.5233 30.5233 30.5233 10.6474 10.6474 10.6474 10.6474 ]
D = [ 4540 5791 6658 7087 8185 8666 9497 10256 11506 12368 13107 13881 14164 13229 12300 10884 9925 8980 10109 11420 12689 10931 8776 6160 4020 4884 6313 6670 7592 8640 9980 10573 11643 12239 13273 14395 14921 13656 12683 11119 10035 8755 10325 11693 13193 11029 9314 7526 5320 6197 6311 7742 8432 8676 9414 10232 10896 12001 12967 13306 14524 13181 12001 10786 9812 9106 10690 11626 13391 10737 8261 5970 3547 4273 5707 6344 7118 8529 9096 10049 10743 12062 12918 13957 14788 13678 12241 11240 9313 8413 9475 11269 12449 10186 8094 6324 ]
K = 10
nk = [ 1 1 1 1 1 1 1 2 2 2 2 2 2 2 2 2 2 2 2 2 2 3 3 3 3 3 3 4 4 4 4 4 4 4 4 4 4 4 4 4 4 4 5 6 6 6 7 7 7 7 7 8 9 9 9 9 10 10 10 10 ]
First = [ 1 0 0 0 0 0 0 1 0 0 0 0 0 0 0 0 0 0 0 0 0 1 0 0 0 0 0 1 0 0 0 0 0 0 0 0 0 0 0 0 0 0 1 1 0 0 1 0 0 0 0 1 1 0 0 0 1 0 0 0 ]
Last = [ 0 0 0 0 0 0 1 0 0 0 0 0 0 0 0 0 0 0 0 0 1 0 0 0 0 0 1 0 0 0 0 0 0 0 0 0 0 0 0 0 0 1 1 0 0 1 0 0 0 0 1 1 0 0 0 1 0 0 0 1 ]
nS = 1
S = [ 0 1 2 3 4 5 6 7 8 9 10 11 12 13 14 15 16 17 18 19 20 21 22 23 24 25 26 27 28 29 30 31 32 33 34 35 36 37 38 39 40 41 42 43 44 45 46 47 48 49 50 51 52 53 54 55 56 57 58 59 ]
