n = 60 ; 
T = 96 ; 
Init = [ 1 1 1 1 1 1 1 1 1 1 1 1 1 1 1 1 1 1 1 1 1 1 1 1 1 1 1 1 1 1 1 1 1 1 1 1 1 1 1 1 1 1 1 1 1 1 1 1 1 1 1 1 1 0 0 0 0 0 0 0 ]
L = [ 7 7 7 7 7 7 7 7 7 7 7 7 7 7 7 7 7 7 7 7 7 7 7 7 7 7 7 7 7 7 7 7 7 7 7 7 7 7 7 7 7 7 7 7 7 7 7 7 7 7 7 7 7 16 16 16 16 16 16 16 ]
l = [ 7 7 7 7 7 7 7 7 7 7 7 7 7 7 7 7 7 7 7 7 7 7 7 7 7 7 7 7 7 7 7 7 7 7 7 7 7 7 7 7 7 7 7 7 7 7 7 7 7 7 7 7 7 16 16 16 16 16 16 16 ]
Pmin = [ 30 30 30 30 30 30 30 30 30 30 30 30 30 30 30 30 30 30 30 30 30 30 30 30 30 30 30 30 30 30 30 30 30 30 30 30 30 30 30 30 30 30 30 30 30 30 30 30 30 30 30 30 30 78 78 78 78 78 78 78 ]
Pmax = [ 103 103 103 103 103 103 103 103 103 103 103 103 103 103 103 103 103 103 103 103 103 103 103 103 103 103 103 103 103 103 103 103 103 103 103 103 103 103 103 103 103 103 103 103 103 103 103 103 103 103 103 103 103 322 322 322 322 322 322 322 ]
cf = [ 47.003 47.003 47.003 47.003 47.003 47.003 47.003 47.003 47.003 47.003 47.003 47.003 47.003 47.003 47.003 47.003 47.003 47.003 47.003 47.003 47.003 47.003 47.003 47.003 47.003 47.003 47.003 47.003 47.003 47.003 47.003 47.003 47.003 47.003 47.003 47.003 47.003 47.003 47.003 47.003 47.003 47.003 47.003 47.003 47.003 47.003 47.003 47.003 47.003 47.003 47.003 47.003 47.003 15.3189 15.3189 15.3189 15.3189 15.3189 15.3189 15.3189 ]
c0 = [ 86 87 89 90 93 95 98 102 105 110 114 120 125 131 138 145 152 160 168 176 185 195 205 215 226 237 249 261 273 286 300 313 327 342 357 373 389 405 422 439 457 475 493 512 531 551 571 592 613 635 657 679 702 217 219 222 227 232 239 246 ]
cp = [ 30.5701 30.5701 30.5701 30.5701 30.5701 30.5701 30.5701 30.5701 30.5701 30.5701 30.5701 30.5701 30.5701 30.5701 30.5701 30.5701 30.5701 30.5701 30.5701 30.5701 30.5701 30.5701 30.5701 30.5701 30.5701 30.5701 30.5701 30.5701 30.5701 30.5701 30.5701 30.5701 30.5701 30.5701 30.5701 30.5701 30.5701 30.5701 30.5701 30.5701 30.5701 30.5701 30.5701 30.5701 30.5701 30.5701 30.5701 30.5701 30.5701 30.5701 30.5701 30.5701 30.5701 13.3474 13.3474 13.3474 13.3474 13.3474 13.3474 13.3474 ]
D = [ 2354 2501 2632 2909 2999 3137 3143 3522 3724 3719 3844 4129 4211 4474 4680 4823 4837 5025 5114 5246 5505 5773 5861 6017 6311 5978 5728 5555 5409 5064 4848 4643 4283 4036 3948 4399 4704 5035 5396 5740 6214 5650 4922 4428 3965 3281 2769 2466 1819 2004 2101 2334 2492 2946 2947 3290 3442 3769 3974 4101 4254 4557 4944 5076 5078 5457 5710 5991 6178 6163 6517 6864 6873 6623 6322 6065 5709 5385 5185 4650 4297 3979 3770 3960 4482 4658 4976 5126 5415 4944 4535 3981 3598 3054 2726 2130 ]
K = 2
nk = [ 1 1 1 1 1 1 1 1 1 1 1 1 1 1 1 1 1 1 1 1 1 1 1 1 1 1 1 1 1 1 1 1 1 1 1 1 1 1 1 1 1 1 1 1 1 1 1 1 1 1 1 1 1 2 2 2 2 2 2 2 ]
First = [ 1 0 0 0 0 0 0 0 0 0 0 0 0 0 0 0 0 0 0 0 0 0 0 0 0 0 0 0 0 0 0 0 0 0 0 0 0 0 0 0 0 0 0 0 0 0 0 0 0 0 0 0 0 1 0 0 0 0 0 0 ]
Last = [ 0 0 0 0 0 0 0 0 0 0 0 0 0 0 0 0 0 0 0 0 0 0 0 0 0 0 0 0 0 0 0 0 0 0 0 0 0 0 0 0 0 0 0 0 0 0 0 0 0 0 0 0 1 0 0 0 0 0 0 1 ]
nS = 1
S = [ 0 1 2 3 4 5 6 7 8 9 10 11 12 13 14 15 16 17 18 19 20 21 22 23 24 25 26 27 28 29 30 31 32 33 34 35 36 37 38 39 40 41 42 43 44 45 46 47 48 49 50 51 52 53 54 55 56 57 58 59 ]
