n = 60 ; 
T = 96 ; 
Init = [ 0 0 0 0 0 0 0 0 0 0 0 0 0 0 0 0 0 0 0 0 0 0 0 0 0 0 0 0 0 0 0 1 1 1 1 1 1 1 1 1 1 1 0 0 0 0 0 0 0 0 0 0 0 0 0 1 1 1 0 0 ]
L = [ 5 5 5 5 5 5 5 5 5 5 5 5 5 5 7 7 7 7 7 7 7 7 6 6 6 6 6 6 6 6 6 8 8 8 8 8 8 8 8 8 8 8 6 6 6 6 6 6 6 6 6 6 6 6 6 7 7 7 8 8 ]
l = [ 5 5 5 5 5 5 5 5 5 5 5 5 5 5 7 7 7 7 7 7 7 7 6 6 6 6 6 6 6 6 6 8 8 8 8 8 8 8 8 8 8 8 6 6 6 6 6 6 6 6 6 6 6 6 6 7 7 7 8 8 ]
Pmin = [ 46 46 46 46 46 46 46 46 46 46 46 46 46 46 77 77 77 77 77 77 77 77 60 60 60 60 60 60 60 60 60 81 81 81 81 81 81 81 81 81 81 81 58 58 58 58 58 58 58 58 58 58 58 58 58 75 75 75 76 76 ]
Pmax = [ 181 181 181 181 181 181 181 181 181 181 181 181 181 181 299 299 299 299 299 299 299 299 237 237 237 237 237 237 237 237 237 327 327 327 327 327 327 327 327 327 327 327 225 225 225 225 225 225 225 225 225 225 225 225 225 295 295 295 315 315 ]
cf = [ 10.3171 10.3171 10.3171 10.3171 10.3171 10.3171 10.3171 10.3171 10.3171 10.3171 10.3171 10.3171 10.3171 10.3171 64.5474 64.5474 64.5474 64.5474 64.5474 64.5474 64.5474 64.5474 58.2503 58.2503 58.2503 58.2503 58.2503 58.2503 58.2503 58.2503 58.2503 47.0071 47.0071 47.0071 47.0071 47.0071 47.0071 47.0071 47.0071 47.0071 47.0071 47.0071 19.7784 19.7784 19.7784 19.7784 19.7784 19.7784 19.7784 19.7784 19.7784 19.7784 19.7784 19.7784 19.7784 15.7895 15.7895 15.7895 69.2599 69.2599 ]
c0 = [ 129 129 129 129 129 129 129 129 129 129 129 129 129 129 210 210 210 210 210 210 210 210 167 167 167 167 167 167 167 167 167 225 225 225 225 225 225 225 225 225 225 225 165 165 165 165 165 165 165 165 165 165 165 165 165 211 211 211 209 209 ]
cp = [ 32.4701 32.4701 32.4701 32.4701 32.4701 32.4701 32.4701 32.4701 32.4701 32.4701 32.4701 32.4701 32.4701 32.4701 28.8519 28.8519 28.8519 28.8519 28.8519 28.8519 28.8519 28.8519 26.9794 26.9794 26.9794 26.9794 26.9794 26.9794 26.9794 26.9794 26.9794 18.2524 18.2524 18.2524 18.2524 18.2524 18.2524 18.2524 18.2524 18.2524 18.2524 18.2524 18.704 18.704 18.704 18.704 18.704 18.704 18.704 18.704 18.704 18.704 18.704 18.704 18.704 23.7174 23.7174 23.7174 21.5026 21.5026 ]
D = [ 4023 4468 5470 6095 6723 7955 8527 9088 10134 10825 11557 12282 13516 12263 10818 9727 8846 7466 8894 9926 11278 9186 7317 5416 3007 4238 4896 5461 6310 7419 7833 8531 9433 10232 11198 12011 12764 11923 10835 9709 8549 8100 8972 10519 12022 9806 7982 5913 3319 4484 4931 6262 6696 7527 8319 9077 10141 10846 11722 12197 13083 12066 11191 9678 8541 7508 8983 10338 11969 10157 8183 6260 4128 4576 5438 5986 6678 7459 8238 8954 9719 10449 10817 11480 12279 11308 10438 9724 8388 7724 8454 9874 11293 9050 7771 5890 ]
K = 7
nk = [ 1 1 1 1 1 1 1 1 1 1 1 1 1 1 2 2 2 2 2 2 2 2 3 3 3 3 3 3 3 3 3 4 4 4 4 4 4 4 4 4 4 4 5 5 5 5 5 5 5 5 5 5 5 5 5 6 6 6 7 7 ]
First = [ 1 0 0 0 0 0 0 0 0 0 0 0 0 0 1 0 0 0 0 0 0 0 1 0 0 0 0 0 0 0 0 1 0 0 0 0 0 0 0 0 0 0 1 0 0 0 0 0 0 0 0 0 0 0 0 1 0 0 1 0 ]
Last = [ 0 0 0 0 0 0 0 0 0 0 0 0 0 1 0 0 0 0 0 0 0 1 0 0 0 0 0 0 0 0 1 0 0 0 0 0 0 0 0 0 0 1 0 0 0 0 0 0 0 0 0 0 0 0 1 0 0 1 0 1 ]
nS = 1
S = [ 0 1 2 3 4 5 6 7 8 9 10 11 12 13 14 15 16 17 18 19 20 21 22 23 24 25 26 27 28 29 30 31 32 33 34 35 36 37 38 39 40 41 42 43 44 45 46 47 48 49 50 51 52 53 54 55 56 57 58 59 ]
