n = 60 ; 
T = 96 ; 
Init = [ 0 0 0 0 0 0 0 0 0 0 0 0 0 0 0 0 0 0 0 0 0 0 0 0 0 0 0 0 0 0 0 0 0 0 0 0 0 0 0 0 0 0 0 0 0 0 0 0 0 0 0 0 0 0 0 0 0 0 0 0 ]
L = [ 17 17 17 17 17 17 17 17 17 17 17 17 17 17 17 17 17 17 17 17 17 17 17 17 17 17 17 17 17 17 17 17 17 17 17 17 17 17 17 17 17 17 17 17 17 13 13 13 13 13 13 13 13 13 13 13 13 13 13 13 ]
l = [ 17 17 17 17 17 17 17 17 17 17 17 17 17 17 17 17 17 17 17 17 17 17 17 17 17 17 17 17 17 17 17 17 17 17 17 17 17 17 17 17 17 17 17 17 17 13 13 13 13 13 13 13 13 13 13 13 13 13 13 13 ]
Pmin = [ 92 92 92 92 92 92 92 92 92 92 92 92 92 92 92 92 92 92 92 92 92 92 92 92 92 92 92 92 92 92 92 92 92 92 92 92 92 92 92 92 92 92 92 92 92 63 63 63 63 63 63 63 63 63 63 63 63 63 63 63 ]
Pmax = [ 374 374 374 374 374 374 374 374 374 374 374 374 374 374 374 374 374 374 374 374 374 374 374 374 374 374 374 374 374 374 374 374 374 374 374 374 374 374 374 374 374 374 374 374 374 259 259 259 259 259 259 259 259 259 259 259 259 259 259 259 ]
cf = [ 13.6065 13.6065 13.6065 13.6065 13.6065 13.6065 13.6065 13.6065 13.6065 13.6065 13.6065 13.6065 13.6065 13.6065 13.6065 13.6065 13.6065 13.6065 13.6065 13.6065 13.6065 13.6065 13.6065 13.6065 13.6065 13.6065 13.6065 13.6065 13.6065 13.6065 13.6065 13.6065 13.6065 13.6065 13.6065 13.6065 13.6065 13.6065 13.6065 13.6065 13.6065 13.6065 13.6065 13.6065 13.6065 13.4609 13.4609 13.4609 13.4609 13.4609 13.4609 13.4609 13.4609 13.4609 13.4609 13.4609 13.4609 13.4609 13.4609 13.4609 ]
c0 = [ 236 238 242 247 252 259 268 277 288 299 312 326 342 358 376 395 414 436 458 481 506 532 559 587 616 647 679 712 746 781 817 855 894 933 975 1017 1060 1105 1151 1198 1246 1295 1346 1397 1450 167 169 171 174 179 184 189 196 203 212 221 231 242 253 266 ]
cp = [ 12.3698 12.3698 12.3698 12.3698 12.3698 12.3698 12.3698 12.3698 12.3698 12.3698 12.3698 12.3698 12.3698 12.3698 12.3698 12.3698 12.3698 12.3698 12.3698 12.3698 12.3698 12.3698 12.3698 12.3698 12.3698 12.3698 12.3698 12.3698 12.3698 12.3698 12.3698 12.3698 12.3698 12.3698 12.3698 12.3698 12.3698 12.3698 12.3698 12.3698 12.3698 12.3698 12.3698 12.3698 12.3698 27.6592 27.6592 27.6592 27.6592 27.6592 27.6592 27.6592 27.6592 27.6592 27.6592 27.6592 27.6592 27.6592 27.6592 27.6592 ]
D = [ 4587 5300 5315 6289 6464 6714 7215 7929 8715 8923 9926 9912 10927 11543 11414 12187 13097 13486 13677 13972 14909 15242 16144 15884 16648 15754 15144 14653 14169 13154 12359 11785 10969 10505 9562 10959 11954 12721 14319 14758 16049 14947 13325 11929 10931 9495 8358 6928 5714 5619 6045 7228 7216 7845 8408 8902 9430 10111 10483 10411 10843 11584 12305 12476 12957 13916 14350 14232 14902 15270 16316 16881 16616 16400 15575 14847 14316 13686 12651 12193 11813 10722 10135 10950 12522 12874 14530 15318 15870 15149 13944 12179 10888 9922 8675 7382 ]
K = 2
nk = [ 1 1 1 1 1 1 1 1 1 1 1 1 1 1 1 1 1 1 1 1 1 1 1 1 1 1 1 1 1 1 1 1 1 1 1 1 1 1 1 1 1 1 1 1 1 2 2 2 2 2 2 2 2 2 2 2 2 2 2 2 ]
First = [ 1 0 0 0 0 0 0 0 0 0 0 0 0 0 0 0 0 0 0 0 0 0 0 0 0 0 0 0 0 0 0 0 0 0 0 0 0 0 0 0 0 0 0 0 0 1 0 0 0 0 0 0 0 0 0 0 0 0 0 0 ]
Last = [ 0 0 0 0 0 0 0 0 0 0 0 0 0 0 0 0 0 0 0 0 0 0 0 0 0 0 0 0 0 0 0 0 0 0 0 0 0 0 0 0 0 0 0 0 1 0 0 0 0 0 0 0 0 0 0 0 0 0 0 1 ]
nS = 1
S = [ 0 1 2 3 4 5 6 7 8 9 10 11 12 13 14 15 16 17 18 19 20 21 22 23 24 25 26 27 28 29 30 31 32 33 34 35 36 37 38 39 40 41 42 43 44 45 46 47 48 49 50 51 52 53 54 55 56 57 58 59 ]
