n = 60 ; 
T = 96 ; 
Init = [ 1 1 1 1 1 1 1 1 1 1 0 0 0 0 0 0 0 0 0 0 0 0 0 0 0 0 0 0 1 1 1 1 1 1 1 1 1 1 1 1 1 1 1 1 1 1 1 1 1 1 0 0 0 0 0 0 0 0 0 0 ]
L = [ 5 5 5 5 5 5 5 5 5 5 3 3 3 3 3 3 3 3 3 3 3 3 3 3 3 3 3 3 4 4 4 4 8 8 8 8 8 8 8 8 8 8 8 8 8 8 8 8 8 8 7 7 7 7 7 7 7 7 7 7 ]
l = [ 5 5 5 5 5 5 5 5 5 5 3 3 3 3 3 3 3 3 3 3 3 3 3 3 3 3 3 3 4 4 4 4 8 8 8 8 8 8 8 8 8 8 8 8 8 8 8 8 8 8 7 7 7 7 7 7 7 7 7 7 ]
Pmin = [ 57 57 57 57 57 57 57 57 57 57 28 28 28 28 28 28 28 28 28 28 28 28 28 28 28 28 28 28 44 44 44 44 77 77 77 77 77 77 77 77 77 77 77 77 77 77 77 77 77 77 77 77 77 77 77 77 77 77 77 77 ]
Pmax = [ 229 229 229 229 229 229 229 229 229 229 91 91 91 91 91 91 91 91 91 91 91 91 91 91 91 91 91 91 155 155 155 155 315 315 315 315 315 315 315 315 315 315 315 315 315 315 315 315 315 315 286 286 286 286 286 286 286 286 286 286 ]
cf = [ 29.5899 29.5899 29.5899 29.5899 29.5899 29.5899 29.5899 29.5899 29.5899 29.5899 38.4753 38.4753 38.4753 38.4753 38.4753 38.4753 38.4753 38.4753 38.4753 38.4753 38.4753 38.4753 38.4753 38.4753 38.4753 38.4753 38.4753 38.4753 57.924 57.924 57.924 57.924 64.8902 64.8902 64.8902 64.8902 64.8902 64.8902 64.8902 64.8902 64.8902 64.8902 64.8902 64.8902 64.8902 64.8902 64.8902 64.8902 64.8902 64.8902 19.9988 19.9988 19.9988 19.9988 19.9988 19.9988 19.9988 19.9988 19.9988 19.9988 ]
c0 = [ 158 158 158 158 158 158 158 158 158 158 86 86 86 86 86 86 86 86 86 86 86 86 86 86 86 86 86 86 132 132 132 132 210 210 210 210 210 210 210 210 210 210 210 210 210 210 210 210 210 210 211 211 211 211 211 211 211 211 211 211 ]
cp = [ 27.1277 27.1277 27.1277 27.1277 27.1277 27.1277 27.1277 27.1277 27.1277 27.1277 35.8497 35.8497 35.8497 35.8497 35.8497 35.8497 35.8497 35.8497 35.8497 35.8497 35.8497 35.8497 35.8497 35.8497 35.8497 35.8497 35.8497 35.8497 30.9455 30.9455 30.9455 30.9455 27.1933 27.1933 27.1933 27.1933 27.1933 27.1933 27.1933 27.1933 27.1933 27.1933 27.1933 27.1933 27.1933 27.1933 27.1933 27.1933 27.1933 27.1933 26.2094 26.2094 26.2094 26.2094 26.2094 26.2094 26.2094 26.2094 26.2094 26.2094 ]
D = [ 3662 4608 4748 5497 6130 7013 7327 8068 8308 8992 9613 10497 10650 9763 9186 8354 7145 6181 7750 8604 9975 8123 6608 4823 3212 3603 4425 5293 5763 6748 7141 7910 8624 9172 10118 10933 11517 10463 9592 8397 7127 6308 7508 8355 9636 7872 6797 5280 3378 4062 4607 5313 6102 6276 7258 7794 8167 8678 9212 9941 10682 9968 8695 8096 7572 6686 7627 8569 9495 8060 6536 4624 2949 3756 4292 5056 5828 6491 6941 7307 8372 8778 9460 9935 10817 9704 8918 8431 7333 6714 7599 8558 9549 7907 6321 4493 ]
K = 5
nk = [ 1 1 1 1 1 1 1 1 1 1 2 2 2 2 2 2 2 2 2 2 2 2 2 2 2 2 2 2 3 3 3 3 4 4 4 4 4 4 4 4 4 4 4 4 4 4 4 4 4 4 5 5 5 5 5 5 5 5 5 5 ]
First = [ 1 0 0 0 0 0 0 0 0 0 1 0 0 0 0 0 0 0 0 0 0 0 0 0 0 0 0 0 1 0 0 0 1 0 0 0 0 0 0 0 0 0 0 0 0 0 0 0 0 0 1 0 0 0 0 0 0 0 0 0 ]
Last = [ 0 0 0 0 0 0 0 0 0 1 0 0 0 0 0 0 0 0 0 0 0 0 0 0 0 0 0 1 0 0 0 1 0 0 0 0 0 0 0 0 0 0 0 0 0 0 0 0 0 1 0 0 0 0 0 0 0 0 0 1 ]
nS = 1
S = [ 0 1 2 3 4 5 6 7 8 9 10 11 12 13 14 15 16 17 18 19 20 21 22 23 24 25 26 27 28 29 30 31 32 33 34 35 36 37 38 39 40 41 42 43 44 45 46 47 48 49 50 51 52 53 54 55 56 57 58 59 ]
