n = 60 ; 
T = 96 ; 
Init = [ 1 1 1 1 1 1 1 1 1 1 1 1 1 1 1 1 1 1 1 0 0 0 0 0 0 0 0 0 0 0 0 0 0 0 0 1 1 1 1 1 1 1 1 1 1 1 1 1 1 1 1 1 1 1 0 0 0 0 0 0 ]
L = [ 5 5 5 5 5 5 5 5 5 5 5 5 5 5 5 5 5 5 5 8 8 8 8 8 8 8 8 8 8 8 8 8 8 8 8 9 9 9 9 9 9 9 9 9 9 9 9 9 9 9 9 9 9 9 5 5 5 5 5 5 ]
l = [ 5 5 5 5 5 5 5 5 5 5 5 5 5 5 5 5 5 5 5 8 8 8 8 8 8 8 8 8 8 8 8 8 8 8 8 9 9 9 9 9 9 9 9 9 9 9 9 9 9 9 9 9 9 9 5 5 5 5 5 5 ]
Pmin = [ 59 59 59 59 59 59 59 59 59 59 59 59 59 57 57 57 57 57 57 83 83 83 83 83 83 83 83 83 83 83 83 83 83 83 83 100 100 100 100 100 100 100 100 100 100 100 100 100 100 100 100 100 100 100 50 50 50 50 50 50 ]
Pmax = [ 200 200 200 200 200 200 200 200 200 200 200 200 200 203 203 203 203 203 203 335 335 335 335 335 335 335 335 335 335 335 335 335 335 335 335 420 420 420 420 420 420 420 420 420 420 420 420 420 420 420 420 420 420 420 180 180 180 180 180 180 ]
cf = [ 53.4157 53.4157 53.4157 53.4157 53.4157 53.4157 53.4157 53.4157 53.4157 53.4157 53.4157 53.4157 53.4157 14.8708 14.8708 14.8708 14.8708 14.8708 14.8708 64.9132 64.9132 64.9132 64.9132 64.9132 64.9132 64.9132 64.9132 64.9132 64.9132 64.9132 64.9132 64.9132 64.9132 64.9132 64.9132 19.1664 19.1664 19.1664 19.1664 19.1664 19.1664 19.1664 19.1664 19.1664 19.1664 19.1664 19.1664 19.1664 19.1664 19.1664 19.1664 19.1664 19.1664 19.1664 31.8128 31.8128 31.8128 31.8128 31.8128 31.8128 ]
c0 = [ 164 164 164 164 164 164 164 164 164 164 164 164 164 150 150 150 150 150 150 226 226 226 226 226 226 226 226 226 226 226 226 226 226 226 226 250 250 250 250 250 250 250 250 250 250 250 250 250 250 250 250 250 250 250 131 131 131 131 131 131 ]
cp = [ 31.8293 31.8293 31.8293 31.8293 31.8293 31.8293 31.8293 31.8293 31.8293 31.8293 31.8293 31.8293 31.8293 20.9372 20.9372 20.9372 20.9372 20.9372 20.9372 18.1463 18.1463 18.1463 18.1463 18.1463 18.1463 18.1463 18.1463 18.1463 18.1463 18.1463 18.1463 18.1463 18.1463 18.1463 18.1463 10.4134 10.4134 10.4134 10.4134 10.4134 10.4134 10.4134 10.4134 10.4134 10.4134 10.4134 10.4134 10.4134 10.4134 10.4134 10.4134 10.4134 10.4134 10.4134 31.8013 31.8013 31.8013 31.8013 31.8013 31.8013 ]
D = [ 5127 6153 6846 8439 9284 10161 10911 11793 13013 13429 14708 15550 16137 15036 13785 12115 10692 9476 10482 12050 13422 10617 8551 6332 3861 4944 5964 6346 7943 8919 9966 10802 11619 12639 13786 14842 15503 14323 12798 11513 10498 9448 11004 12308 13769 11711 9935 7141 5320 5891 6749 7865 8459 9431 10416 10989 12010 12834 13956 14999 15973 14280 13575 11758 10531 9803 10961 12673 13913 11591 9250 6757 3960 4692 5670 7100 7806 9014 9424 10945 11525 12351 13279 14528 15590 14357 12645 11681 10270 8729 9983 12019 13083 10951 9128 7428 ]
K = 5
nk = [ 1 1 1 1 1 1 1 1 1 1 1 1 1 2 2 2 2 2 2 3 3 3 3 3 3 3 3 3 3 3 3 3 3 3 3 4 4 4 4 4 4 4 4 4 4 4 4 4 4 4 4 4 4 4 5 5 5 5 5 5 ]
First = [ 1 0 0 0 0 0 0 0 0 0 0 0 0 1 0 0 0 0 0 1 0 0 0 0 0 0 0 0 0 0 0 0 0 0 0 1 0 0 0 0 0 0 0 0 0 0 0 0 0 0 0 0 0 0 1 0 0 0 0 0 ]
Last = [ 0 0 0 0 0 0 0 0 0 0 0 0 1 0 0 0 0 0 1 0 0 0 0 0 0 0 0 0 0 0 0 0 0 0 1 0 0 0 0 0 0 0 0 0 0 0 0 0 0 0 0 0 0 1 0 0 0 0 0 1 ]
nS = 1
S = [ 0 1 2 3 4 5 6 7 8 9 10 11 12 13 14 15 16 17 18 19 20 21 22 23 24 25 26 27 28 29 30 31 32 33 34 35 36 37 38 39 40 41 42 43 44 45 46 47 48 49 50 51 52 53 54 55 56 57 58 59 ]
