n = 60 ; 
T = 96 ; 
Init = [ 0 0 0 0 0 0 0 0 0 0 0 0 0 0 0 0 0 0 0 0 1 1 1 1 1 1 1 1 1 1 1 0 0 0 0 0 0 0 1 1 1 1 1 1 1 1 1 1 1 1 1 1 0 0 0 0 0 0 0 0 ]
L = [ 6 6 6 6 6 6 6 6 6 8 8 9 9 9 9 9 9 9 9 9 8 8 8 8 8 8 8 8 8 8 8 4 4 4 4 4 4 4 6 6 6 6 6 6 6 6 6 6 6 6 6 6 7 7 3 3 3 3 3 3 ]
l = [ 6 6 6 6 6 6 6 6 6 8 8 9 9 9 9 9 9 9 9 9 8 8 8 8 8 8 8 8 8 8 8 4 4 4 4 4 4 4 6 6 6 6 6 6 6 6 6 6 6 6 6 6 7 7 3 3 3 3 3 3 ]
Pmin = [ 61 61 61 61 61 61 61 61 61 87 87 97 97 97 97 97 97 97 97 97 87 87 87 87 87 87 87 87 87 87 87 43 43 43 43 43 43 43 58 58 58 58 58 58 58 58 58 58 58 58 58 58 72 72 33 33 33 33 33 33 ]
Pmax = [ 221 221 221 221 221 221 221 221 221 343 343 405 405 405 405 405 405 405 405 405 355 355 355 355 355 355 355 355 355 355 355 151 151 151 151 151 151 151 228 228 228 228 228 228 228 228 228 228 228 228 228 228 293 293 102 102 102 102 102 102 ]
cf = [ 52.593 52.593 52.593 52.593 52.593 52.593 52.593 52.593 52.593 11.502 11.502 60.5069 60.5069 60.5069 60.5069 60.5069 60.5069 60.5069 60.5069 60.5069 17.8577 17.8577 17.8577 17.8577 17.8577 17.8577 17.8577 17.8577 17.8577 17.8577 17.8577 18.7772 18.7772 18.7772 18.7772 18.7772 18.7772 18.7772 65.1043 65.1043 65.1043 65.1043 65.1043 65.1043 65.1043 65.1043 65.1043 65.1043 65.1043 65.1043 65.1043 65.1043 56.9954 56.9954 67.6157 67.6157 67.6157 67.6157 67.6157 67.6157 ]
c0 = [ 172 172 172 172 172 172 172 172 172 236 236 250 250 250 250 250 250 250 250 250 226 226 226 226 226 226 226 226 226 226 226 117 117 117 117 117 117 117 163 163 163 163 163 163 163 163 163 163 163 163 163 163 192 192 108 108 108 108 108 108 ]
cp = [ 29.4955 29.4955 29.4955 29.4955 29.4955 29.4955 29.4955 29.4955 29.4955 18.1433 18.1433 14.8285 14.8285 14.8285 14.8285 14.8285 14.8285 14.8285 14.8285 14.8285 18.3913 18.3913 18.3913 18.3913 18.3913 18.3913 18.3913 18.3913 18.3913 18.3913 18.3913 30.532 30.532 30.532 30.532 30.532 30.532 30.532 25.086 25.086 25.086 25.086 25.086 25.086 25.086 25.086 25.086 25.086 25.086 25.086 25.086 25.086 14.8535 14.8535 35.4036 35.4036 35.4036 35.4036 35.4036 35.4036 ]
D = [ 3709 4536 4996 5813 7140 7714 8685 9898 10565 11348 12085 13385 14237 12628 11870 10193 9029 8253 9287 10733 11742 9913 8182 6285 4438 5058 5896 6547 7368 7513 8606 9117 9975 10770 11691 11820 13094 12036 10992 9440 8801 7885 8998 10786 12316 10712 8718 6784 4586 5653 6192 6748 7930 8396 9050 10279 11115 11557 12294 13201 13840 12631 11483 10129 8921 7893 9461 10269 11890 9595 7537 5455 3655 4017 5189 6083 6840 7796 8474 9552 10391 10900 12044 12553 13654 12264 11225 9655 8952 7766 8713 10081 11672 9358 7650 5039 ]
K = 8
nk = [ 1 1 1 1 1 1 1 1 1 2 2 3 3 3 3 3 3 3 3 3 4 4 4 4 4 4 4 4 4 4 4 5 5 5 5 5 5 5 6 6 6 6 6 6 6 6 6 6 6 6 6 6 7 7 8 8 8 8 8 8 ]
First = [ 1 0 0 0 0 0 0 0 0 1 0 1 0 0 0 0 0 0 0 0 1 0 0 0 0 0 0 0 0 0 0 1 0 0 0 0 0 0 1 0 0 0 0 0 0 0 0 0 0 0 0 0 1 0 1 0 0 0 0 0 ]
Last = [ 0 0 0 0 0 0 0 0 1 0 1 0 0 0 0 0 0 0 0 1 0 0 0 0 0 0 0 0 0 0 1 0 0 0 0 0 0 1 0 0 0 0 0 0 0 0 0 0 0 0 0 1 0 1 0 0 0 0 0 1 ]
nS = 1
S = [ 0 1 2 3 4 5 6 7 8 9 10 11 12 13 14 15 16 17 18 19 20 21 22 23 24 25 26 27 28 29 30 31 32 33 34 35 36 37 38 39 40 41 42 43 44 45 46 47 48 49 50 51 52 53 54 55 56 57 58 59 ]
