n = 80 ; 
T = 48 ; 
Init = [ 0 0 0 0 0 0 0 0 0 0 0 0 0 0 0 0 0 1 1 1 1 1 1 1 1 1 1 1 1 1 1 1 1 1 1 1 1 1 1 1 1 1 1 1 1 1 1 1 1 1 1 1 1 1 1 1 1 1 1 1 1 1 1 1 1 1 1 1 1 1 1 1 1 1 1 1 1 1 1 1 ]
L = [ 8 8 8 8 8 8 8 8 8 8 8 8 8 8 8 8 8 9 9 9 9 9 9 9 9 9 9 9 9 9 9 9 9 9 9 9 9 9 9 9 9 9 9 9 9 9 9 9 9 9 9 9 9 9 9 9 9 9 9 9 9 9 9 9 9 9 9 9 9 5 5 5 5 5 5 5 5 5 5 5 ]
l = [ 8 8 8 8 8 8 8 8 8 8 8 8 8 8 8 8 8 9 9 9 9 9 9 9 9 9 9 9 9 9 9 9 9 9 9 9 9 9 9 9 9 9 9 9 9 9 9 9 9 9 9 9 9 9 9 9 9 9 9 9 9 9 9 9 9 9 9 9 9 5 5 5 5 5 5 5 5 5 5 5 ]
Pmin = [ 98 98 98 98 98 98 98 98 98 98 98 98 98 98 98 98 98 100 100 100 100 100 100 100 100 100 100 100 100 100 100 100 100 100 100 90 90 90 90 90 90 90 90 90 90 90 90 90 90 90 90 90 90 90 90 90 90 90 90 90 90 90 90 90 90 90 90 90 90 56 56 56 56 56 56 56 56 56 56 56 ]
Pmax = [ 372 372 372 372 372 372 372 372 372 372 372 372 372 372 372 372 372 417 417 417 417 417 417 417 417 417 417 417 417 417 417 417 417 417 417 369 369 369 369 369 369 369 369 369 369 369 369 369 369 369 369 369 369 369 369 369 369 369 369 369 369 369 369 369 369 369 369 369 369 196 196 196 196 196 196 196 196 196 196 196 ]
cf = [ 18.0838 18.0838 18.0838 18.0838 18.0838 18.0838 18.0838 18.0838 18.0838 18.0838 18.0838 18.0838 18.0838 18.0838 18.0838 18.0838 18.0838 13.6081 13.6081 13.6081 13.6081 13.6081 13.6081 13.6081 13.6081 13.6081 13.6081 13.6081 13.6081 13.6081 13.6081 13.6081 13.6081 13.6081 13.6081 49.7751 49.7751 49.7751 49.7751 49.7751 49.7751 49.7751 49.7751 49.7751 49.7751 49.7751 49.7751 49.7751 49.7751 49.7751 49.7751 49.7751 49.7751 49.7751 49.7751 49.7751 49.7751 49.7751 49.7751 49.7751 49.7751 49.7751 49.7751 49.7751 49.7751 49.7751 49.7751 49.7751 49.7751 50.441 50.441 50.441 50.441 50.441 50.441 50.441 50.441 50.441 50.441 50.441 ]
c0 = [ 250 250 250 250 250 250 250 250 250 250 250 250 250 250 250 250 250 250 250 250 250 250 250 250 250 250 250 250 250 250 250 250 250 250 250 230 230 230 230 230 230 230 230 230 230 230 230 230 230 230 230 230 230 230 230 230 230 230 230 230 230 230 230 230 230 230 230 230 230 151 151 151 151 151 151 151 151 151 151 151 ]
cp = [ 15.0651 15.0651 15.0651 15.0651 15.0651 15.0651 15.0651 15.0651 15.0651 15.0651 15.0651 15.0651 15.0651 15.0651 15.0651 15.0651 15.0651 10.5881 10.5881 10.5881 10.5881 10.5881 10.5881 10.5881 10.5881 10.5881 10.5881 10.5881 10.5881 10.5881 10.5881 10.5881 10.5881 10.5881 10.5881 13.4547 13.4547 13.4547 13.4547 13.4547 13.4547 13.4547 13.4547 13.4547 13.4547 13.4547 13.4547 13.4547 13.4547 13.4547 13.4547 13.4547 13.4547 13.4547 13.4547 13.4547 13.4547 13.4547 13.4547 13.4547 13.4547 13.4547 13.4547 13.4547 13.4547 13.4547 13.4547 13.4547 13.4547 28.3874 28.3874 28.3874 28.3874 28.3874 28.3874 28.3874 28.3874 28.3874 28.3874 28.3874 ]
D = [ 7145 8514 9307 11019 12408 14282 15880 17028 18973 20709 22006 23025 24503 22565 20240 17987 16369 14029 16036 18786 20581 17156 14209 10405 6964 8096 9646 11396 12940 14681 16299 18195 18872 21257 22435 24469 25488 23313 20168 18553 16209 12967 15720 18162 20784 18311 14571 11590 ]
K = 4
nk = [ 1 1 1 1 1 1 1 1 1 1 1 1 1 1 1 1 1 2 2 2 2 2 2 2 2 2 2 2 2 2 2 2 2 2 2 3 3 3 3 3 3 3 3 3 3 3 3 3 3 3 3 3 3 3 3 3 3 3 3 3 3 3 3 3 3 3 3 3 3 4 4 4 4 4 4 4 4 4 4 4 ]
First = [ 1 0 0 0 0 0 0 0 0 0 0 0 0 0 0 0 0 1 0 0 0 0 0 0 0 0 0 0 0 0 0 0 0 0 0 1 0 0 0 0 0 0 0 0 0 0 0 0 0 0 0 0 0 0 0 0 0 0 0 0 0 0 0 0 0 0 0 0 0 1 0 0 0 0 0 0 0 0 0 0 ]
Last = [ 0 0 0 0 0 0 0 0 0 0 0 0 0 0 0 0 1 0 0 0 0 0 0 0 0 0 0 0 0 0 0 0 0 0 1 0 0 0 0 0 0 0 0 0 0 0 0 0 0 0 0 0 0 0 0 0 0 0 0 0 0 0 0 0 0 0 0 0 1 0 0 0 0 0 0 0 0 0 0 1 ]
nS = 1
S = [ 0 1 2 3 4 5 6 7 8 9 10 11 12 13 14 15 16 17 18 19 20 21 22 23 24 25 26 27 28 29 30 31 32 33 34 35 36 37 38 39 40 41 42 43 44 45 46 47 48 49 50 51 52 53 54 55 56 57 58 59 60 61 62 63 64 65 66 67 68 69 70 71 72 73 74 75 76 77 78 79 ]
