n = 80 ; 
T = 48 ; 
Init = [ 1 1 1 1 1 1 1 1 1 1 1 1 1 1 1 1 1 1 1 1 1 1 1 1 1 1 1 1 1 1 1 1 1 1 1 1 1 1 1 1 1 1 1 1 1 1 1 1 1 1 1 0 0 0 0 0 0 0 0 0 0 0 0 0 1 1 1 1 1 1 1 1 1 1 1 1 1 1 0 0 ]
L = [ 7 7 7 7 7 7 7 7 7 7 7 7 7 7 7 7 8 8 8 8 8 8 8 8 8 8 8 8 8 8 8 8 4 4 4 4 4 4 4 4 4 4 4 6 6 6 6 8 8 8 8 7 7 7 7 7 7 7 7 7 7 7 7 7 9 9 9 9 9 9 9 9 9 9 9 9 9 9 8 8 ]
l = [ 7 7 7 7 7 7 7 7 7 7 7 7 7 7 7 7 8 8 8 8 8 8 8 8 8 8 8 8 8 8 8 8 4 4 4 4 4 4 4 4 4 4 4 6 6 6 6 8 8 8 8 7 7 7 7 7 7 7 7 7 7 7 7 7 9 9 9 9 9 9 9 9 9 9 9 9 9 9 8 8 ]
Pmin = [ 75 75 75 75 75 75 75 75 75 75 75 75 75 75 75 75 84 84 84 84 84 84 84 84 84 84 84 84 84 84 84 84 42 42 42 42 42 42 42 42 42 42 42 64 64 64 64 93 93 93 93 65 65 65 65 65 65 65 65 65 65 65 65 65 97 97 97 97 97 97 97 97 97 97 97 97 97 97 85 85 ]
Pmax = [ 273 273 273 273 273 273 273 273 273 273 273 273 273 273 273 273 339 339 339 339 339 339 339 339 339 339 339 339 339 339 339 339 132 132 132 132 132 132 132 132 132 132 132 237 237 237 237 367 367 367 367 264 264 264 264 264 264 264 264 264 264 264 264 264 379 379 379 379 379 379 379 379 379 379 379 379 379 379 339 339 ]
cf = [ 12.2617 12.2617 12.2617 12.2617 12.2617 12.2617 12.2617 12.2617 12.2617 12.2617 12.2617 12.2617 12.2617 12.2617 12.2617 12.2617 40.0408 40.0408 40.0408 40.0408 40.0408 40.0408 40.0408 40.0408 40.0408 40.0408 40.0408 40.0408 40.0408 40.0408 40.0408 40.0408 65.5366 65.5366 65.5366 65.5366 65.5366 65.5366 65.5366 65.5366 65.5366 65.5366 65.5366 53.8734 53.8734 53.8734 53.8734 20.9314 20.9314 20.9314 20.9314 14.355 14.355 14.355 14.355 14.355 14.355 14.355 14.355 14.355 14.355 14.355 14.355 14.355 15.5739 15.5739 15.5739 15.5739 15.5739 15.5739 15.5739 15.5739 15.5739 15.5739 15.5739 15.5739 15.5739 15.5739 33.8225 33.8225 ]
c0 = [ 210 210 210 210 210 210 210 210 210 210 210 210 210 210 210 210 217 217 217 217 217 217 217 217 217 217 217 217 217 217 217 217 132 132 132 132 132 132 132 132 132 132 132 178 178 178 178 243 243 243 243 186 186 186 186 186 186 186 186 186 186 186 186 186 250 250 250 250 250 250 250 250 250 250 250 250 250 250 229 229 ]
cp = [ 22.9027 22.9027 22.9027 22.9027 22.9027 22.9027 22.9027 22.9027 22.9027 22.9027 22.9027 22.9027 22.9027 22.9027 22.9027 22.9027 21.2852 21.2852 21.2852 21.2852 21.2852 21.2852 21.2852 21.2852 21.2852 21.2852 21.2852 21.2852 21.2852 21.2852 21.2852 21.2852 37.2563 37.2563 37.2563 37.2563 37.2563 37.2563 37.2563 37.2563 37.2563 37.2563 37.2563 20.2954 20.2954 20.2954 20.2954 12.3802 12.3802 12.3802 12.3802 21.8171 21.8171 21.8171 21.8171 21.8171 21.8171 21.8171 21.8171 21.8171 21.8171 21.8171 21.8171 21.8171 18.5947 18.5947 18.5947 18.5947 18.5947 18.5947 18.5947 18.5947 18.5947 18.5947 18.5947 18.5947 18.5947 18.5947 17.3567 17.3567 ]
D = [ 5210 6352 7228 8697 9551 10768 11681 13589 14076 15568 16555 17838 19640 17611 16597 14992 13030 11422 13046 15235 17327 14509 11992 9105 7002 7705 9004 9918 11202 11831 12381 13665 14913 16154 16709 18232 19243 17512 16345 14550 13380 12183 14249 16371 18336 14779 12105 8680 ]
K = 8
nk = [ 1 1 1 1 1 1 1 1 1 1 1 1 1 1 1 1 2 2 2 2 2 2 2 2 2 2 2 2 2 2 2 2 3 3 3 3 3 3 3 3 3 3 3 4 4 4 4 5 5 5 5 6 6 6 6 6 6 6 6 6 6 6 6 6 7 7 7 7 7 7 7 7 7 7 7 7 7 7 8 8 ]
First = [ 1 0 0 0 0 0 0 0 0 0 0 0 0 0 0 0 1 0 0 0 0 0 0 0 0 0 0 0 0 0 0 0 1 0 0 0 0 0 0 0 0 0 0 1 0 0 0 1 0 0 0 1 0 0 0 0 0 0 0 0 0 0 0 0 1 0 0 0 0 0 0 0 0 0 0 0 0 0 1 0 ]
Last = [ 0 0 0 0 0 0 0 0 0 0 0 0 0 0 0 1 0 0 0 0 0 0 0 0 0 0 0 0 0 0 0 1 0 0 0 0 0 0 0 0 0 0 1 0 0 0 1 0 0 0 1 0 0 0 0 0 0 0 0 0 0 0 0 1 0 0 0 0 0 0 0 0 0 0 0 0 0 1 0 1 ]
nS = 1
S = [ 0 1 2 3 4 5 6 7 8 9 10 11 12 13 14 15 16 17 18 19 20 21 22 23 24 25 26 27 28 29 30 31 32 33 34 35 36 37 38 39 40 41 42 43 44 45 46 47 48 49 50 51 52 53 54 55 56 57 58 59 60 61 62 63 64 65 66 67 68 69 70 71 72 73 74 75 76 77 78 79 ]
