n = 80 ; 
T = 48 ; 
Init = [ 0 0 0 0 0 0 0 0 0 0 0 0 0 1 1 0 0 0 0 0 0 0 0 0 0 0 0 0 0 0 0 0 0 0 0 0 0 0 0 0 0 0 0 0 0 0 0 0 0 0 0 0 0 0 0 0 0 0 0 0 0 0 0 0 0 0 0 0 0 1 1 1 1 1 1 1 1 1 1 1 ]
L = [ 7 7 7 7 7 7 7 7 7 7 7 7 7 3 3 5 5 5 5 5 5 5 5 5 5 5 5 5 5 5 5 6 6 6 6 6 6 6 6 6 6 6 6 6 6 6 6 6 6 6 6 6 10 10 10 10 10 10 10 10 10 10 10 10 10 8 8 8 8 3 3 3 3 3 3 3 3 3 3 3 ]
l = [ 7 7 7 7 7 7 7 7 7 7 7 7 7 3 3 5 5 5 5 5 5 5 5 5 5 5 5 5 5 5 5 6 6 6 6 6 6 6 6 6 6 6 6 6 6 6 6 6 6 6 6 6 10 10 10 10 10 10 10 10 10 10 10 10 10 8 8 8 8 3 3 3 3 3 3 3 3 3 3 3 ]
Pmin = [ 71 71 71 71 71 71 71 71 71 71 71 71 71 30 30 46 46 46 46 46 46 46 46 46 46 46 46 46 46 46 46 54 54 63 63 63 63 63 63 63 63 63 63 63 63 63 63 69 69 69 69 69 100 100 100 100 100 100 100 100 100 100 100 100 100 84 84 84 84 25 25 25 25 25 25 25 25 25 25 25 ]
Pmax = [ 282 282 282 282 282 282 282 282 282 282 282 282 282 112 112 185 185 185 185 185 185 185 185 185 185 185 185 185 185 185 185 220 220 242 242 242 242 242 242 242 242 242 242 242 242 242 242 269 269 269 269 269 420 420 420 420 420 420 420 420 420 420 420 420 420 311 311 311 311 95 95 95 95 95 95 95 95 95 95 95 ]
cf = [ 30.0807 30.0807 30.0807 30.0807 30.0807 30.0807 30.0807 30.0807 30.0807 30.0807 30.0807 30.0807 30.0807 20.294 20.294 23.2661 23.2661 23.2661 23.2661 23.2661 23.2661 23.2661 23.2661 23.2661 23.2661 23.2661 23.2661 23.2661 23.2661 23.2661 23.2661 14.5904 14.5904 30.3584 30.3584 30.3584 30.3584 30.3584 30.3584 30.3584 30.3584 30.3584 30.3584 30.3584 30.3584 30.3584 30.3584 36.6314 36.6314 36.6314 36.6314 36.6314 21.3278 21.3278 21.3278 21.3278 21.3278 21.3278 21.3278 21.3278 21.3278 21.3278 21.3278 21.3278 21.3278 11.4748 11.4748 11.4748 11.4748 54.7011 54.7011 54.7011 54.7011 54.7011 54.7011 54.7011 54.7011 54.7011 54.7011 54.7011 ]
c0 = [ 194 194 194 194 194 194 194 194 194 194 194 194 194 105 105 137 137 137 137 137 137 137 137 137 137 137 137 137 137 137 137 153 153 171 171 171 171 171 171 171 171 171 171 171 171 171 171 190 190 190 190 190 250 250 250 250 250 250 250 250 250 250 250 250 250 220 220 220 220 76 76 76 76 76 76 76 76 76 76 76 ]
cp = [ 11.8597 11.8597 11.8597 11.8597 11.8597 11.8597 11.8597 11.8597 11.8597 11.8597 11.8597 11.8597 11.8597 36.6746 36.6746 36.128 36.128 36.128 36.128 36.128 36.128 36.128 36.128 36.128 36.128 36.128 36.128 36.128 36.128 36.128 36.128 32.6637 32.6637 24.2794 24.2794 24.2794 24.2794 24.2794 24.2794 24.2794 24.2794 24.2794 24.2794 24.2794 24.2794 24.2794 24.2794 29.0928 29.0928 29.0928 29.0928 29.0928 8.13405 8.13405 8.13405 8.13405 8.13405 8.13405 8.13405 8.13405 8.13405 8.13405 8.13405 8.13405 8.13405 15.43 15.43 15.43 15.43 36.696 36.696 36.696 36.696 36.696 36.696 36.696 36.696 36.696 36.696 36.696 ]
D = [ 5728 6976 7438 8889 9858 10351 11970 12840 13702 14348 15335 16794 17107 16091 14188 13060 11712 10007 11422 13025 14068 11688 9322 6965 4347 5257 6408 7368 8564 10199 11163 11885 13382 14249 15658 16835 17722 16232 14154 12873 11717 9961 12136 13291 15739 12882 10028 7269 ]
K = 9
nk = [ 1 1 1 1 1 1 1 1 1 1 1 1 1 2 2 3 3 3 3 3 3 3 3 3 3 3 3 3 3 3 3 4 4 5 5 5 5 5 5 5 5 5 5 5 5 5 5 6 6 6 6 6 7 7 7 7 7 7 7 7 7 7 7 7 7 8 8 8 8 9 9 9 9 9 9 9 9 9 9 9 ]
First = [ 1 0 0 0 0 0 0 0 0 0 0 0 0 1 0 1 0 0 0 0 0 0 0 0 0 0 0 0 0 0 0 1 0 1 0 0 0 0 0 0 0 0 0 0 0 0 0 1 0 0 0 0 1 0 0 0 0 0 0 0 0 0 0 0 0 1 0 0 0 1 0 0 0 0 0 0 0 0 0 0 ]
Last = [ 0 0 0 0 0 0 0 0 0 0 0 0 1 0 1 0 0 0 0 0 0 0 0 0 0 0 0 0 0 0 1 0 1 0 0 0 0 0 0 0 0 0 0 0 0 0 1 0 0 0 0 1 0 0 0 0 0 0 0 0 0 0 0 0 1 0 0 0 1 0 0 0 0 0 0 0 0 0 0 1 ]
nS = 1
S = [ 0 1 2 3 4 5 6 7 8 9 10 11 12 13 14 15 16 17 18 19 20 21 22 23 24 25 26 27 28 29 30 31 32 33 34 35 36 37 38 39 40 41 42 43 44 45 46 47 48 49 50 51 52 53 54 55 56 57 58 59 60 61 62 63 64 65 66 67 68 69 70 71 72 73 74 75 76 77 78 79 ]
