n = 80 ; 
T = 48 ; 
Init = [ 0 0 0 0 0 0 0 0 0 0 1 1 1 1 1 1 1 1 1 1 1 1 1 1 1 1 1 1 1 1 1 0 0 0 0 0 0 0 0 0 0 0 0 0 0 0 1 1 1 1 1 1 1 1 1 1 1 0 0 0 0 0 0 0 0 0 0 0 1 1 1 1 1 1 1 1 1 1 1 1 ]
L = [ 3 3 3 3 4 4 4 4 4 7 2 2 2 2 2 2 2 2 2 2 2 2 2 2 2 2 5 5 5 5 5 8 8 8 8 8 8 8 8 8 8 8 8 8 8 8 10 10 10 10 10 10 10 10 10 10 10 9 9 9 9 9 9 9 9 9 9 9 7 7 7 7 7 7 7 7 7 7 7 7 ]
l = [ 3 3 3 3 4 4 4 4 4 7 2 2 2 2 2 2 2 2 2 2 2 2 2 2 2 2 5 5 5 5 5 8 8 8 8 8 8 8 8 8 8 8 8 8 8 8 10 10 10 10 10 10 10 10 10 10 10 9 9 9 9 9 9 9 9 9 9 9 7 7 7 7 7 7 7 7 7 7 7 7 ]
Pmin = [ 25 25 25 25 39 39 39 39 39 74 29 29 29 29 29 29 29 29 29 29 29 29 29 29 29 29 49 49 49 49 49 87 87 87 87 87 87 87 87 87 87 87 87 87 87 87 100 100 100 100 100 100 100 100 100 100 100 100 100 100 100 100 100 100 100 100 100 100 82 82 82 82 82 82 82 82 82 82 82 82 ]
Pmax = [ 78 78 78 78 132 132 132 132 132 301 78 78 78 78 78 78 78 78 78 78 78 78 78 78 78 78 173 173 173 173 173 325 325 325 325 325 325 325 325 325 325 325 325 325 325 325 420 420 420 420 420 420 420 420 420 420 420 409 409 409 409 409 409 409 409 409 409 409 311 311 311 311 311 311 311 311 311 311 311 311 ]
cf = [ 48.7147 48.7147 48.7147 48.7147 63.8711 63.8711 63.8711 63.8711 63.8711 42.6456 25.0016 25.0016 25.0016 25.0016 25.0016 25.0016 25.0016 25.0016 25.0016 25.0016 25.0016 25.0016 25.0016 25.0016 25.0016 25.0016 56.6324 56.6324 56.6324 56.6324 56.6324 26.4054 26.4054 26.4054 26.4054 26.4054 26.4054 26.4054 26.4054 26.4054 26.4054 26.4054 26.4054 26.4054 26.4054 26.4054 55.0961 55.0961 55.0961 55.0961 55.0961 55.0961 55.0961 55.0961 55.0961 55.0961 55.0961 56.5057 56.5057 56.5057 56.5057 56.5057 56.5057 56.5057 56.5057 56.5057 56.5057 56.5057 25.3439 25.3439 25.3439 25.3439 25.3439 25.3439 25.3439 25.3439 25.3439 25.3439 25.3439 25.3439 ]
c0 = [ 91 91 91 91 106 106 106 106 106 201 96 96 96 96 96 96 96 96 96 96 96 96 96 96 96 96 136 136 136 136 136 229 229 229 229 229 229 229 229 229 229 229 229 229 229 229 250 250 250 250 250 250 250 250 250 250 250 250 250 250 250 250 250 250 250 250 250 250 228 228 228 228 228 228 228 228 228 228 228 228 ]
cp = [ 37.1878 37.1878 37.1878 37.1878 32.7369 32.7369 32.7369 32.7369 32.7369 15.9966 40.4691 40.4691 40.4691 40.4691 40.4691 40.4691 40.4691 40.4691 40.4691 40.4691 40.4691 40.4691 40.4691 40.4691 40.4691 40.4691 30.7531 30.7531 30.7531 30.7531 30.7531 16.8914 16.8914 16.8914 16.8914 16.8914 16.8914 16.8914 16.8914 16.8914 16.8914 16.8914 16.8914 16.8914 16.8914 16.8914 15.4365 15.4365 15.4365 15.4365 15.4365 15.4365 15.4365 15.4365 15.4365 15.4365 15.4365 12.6896 12.6896 12.6896 12.6896 12.6896 12.6896 12.6896 12.6896 12.6896 12.6896 12.6896 19.5044 19.5044 19.5044 19.5044 19.5044 19.5044 19.5044 19.5044 19.5044 19.5044 19.5044 19.5044 ]
D = [ 6169 6818 7923 8922 10357 11419 12446 13224 14083 15815 16742 17846 18849 16772 15400 13240 11696 9953 11603 12969 14922 12649 10067 7263 4356 6148 7094 8014 9033 10787 11264 13155 14058 15123 15995 17596 18554 17637 15659 14356 12898 11280 12080 13371 14595 12250 10135 7966 ]
K = 9
nk = [ 1 1 1 1 2 2 2 2 2 3 4 4 4 4 4 4 4 4 4 4 4 4 4 4 4 4 5 5 5 5 5 6 6 6 6 6 6 6 6 6 6 6 6 6 6 6 7 7 7 7 7 7 7 7 7 7 7 8 8 8 8 8 8 8 8 8 8 8 9 9 9 9 9 9 9 9 9 9 9 9 ]
First = [ 1 0 0 0 1 0 0 0 0 1 1 0 0 0 0 0 0 0 0 0 0 0 0 0 0 0 1 0 0 0 0 1 0 0 0 0 0 0 0 0 0 0 0 0 0 0 1 0 0 0 0 0 0 0 0 0 0 1 0 0 0 0 0 0 0 0 0 0 1 0 0 0 0 0 0 0 0 0 0 0 ]
Last = [ 0 0 0 1 0 0 0 0 1 1 0 0 0 0 0 0 0 0 0 0 0 0 0 0 0 1 0 0 0 0 1 0 0 0 0 0 0 0 0 0 0 0 0 0 0 1 0 0 0 0 0 0 0 0 0 0 1 0 0 0 0 0 0 0 0 0 0 1 0 0 0 0 0 0 0 0 0 0 0 1 ]
nS = 1
S = [ 0 1 2 3 4 5 6 7 8 9 10 11 12 13 14 15 16 17 18 19 20 21 22 23 24 25 26 27 28 29 30 31 32 33 34 35 36 37 38 39 40 41 42 43 44 45 46 47 48 49 50 51 52 53 54 55 56 57 58 59 60 61 62 63 64 65 66 67 68 69 70 71 72 73 74 75 76 77 78 79 ]
