n = 80 ; 
T = 48 ; 
Init = [ 0 0 0 0 0 0 0 0 0 0 0 0 0 0 0 0 0 0 0 0 0 1 1 1 1 1 1 1 1 0 0 0 1 1 1 1 1 1 1 1 1 1 1 1 1 1 1 1 1 1 1 1 1 1 1 1 1 1 1 1 1 1 1 1 1 1 1 1 1 1 1 1 1 1 1 1 1 1 1 0 ]
L = [ 10 4 4 4 4 4 3 3 3 3 3 3 8 8 8 8 8 8 8 8 8 2 2 2 2 2 2 2 2 5 5 5 5 5 5 5 5 5 5 5 4 4 4 4 4 2 2 2 2 2 2 2 2 2 2 2 2 2 2 2 2 2 2 2 2 2 2 2 2 2 2 2 2 2 2 2 2 2 2 2 ]
l = [ 10 4 4 4 4 4 3 3 3 3 3 3 8 8 8 8 8 8 8 8 8 2 2 2 2 2 2 2 2 5 5 5 5 5 5 5 5 5 5 5 4 4 4 4 4 2 2 2 2 2 2 2 2 2 2 2 2 2 2 2 2 2 2 2 2 2 2 2 2 2 2 2 2 2 2 2 2 2 2 2 ]
Pmin = [ 100 36 36 36 36 36 31 31 31 31 31 31 86 86 86 86 86 86 86 86 86 23 23 23 23 23 23 23 23 56 56 56 44 44 44 44 44 44 44 44 41 41 41 41 41 26 26 26 26 26 26 26 26 26 26 26 26 26 15 15 15 15 15 15 15 15 15 19 19 19 19 19 19 19 19 19 19 19 19 22 ]
Pmax = [ 406 130 130 130 130 130 91 91 91 91 91 91 345 345 345 345 345 345 345 345 345 74 74 74 74 74 74 74 74 189 189 189 168 168 168 168 168 168 168 168 156 156 156 156 156 63 63 63 63 63 63 63 63 63 63 63 63 63 40 40 40 40 40 40 40 40 40 54 54 54 54 54 54 54 54 54 54 54 54 63 ]
cf = [ 45.3965 69.1447 69.1447 69.1447 69.1447 69.1447 30.4155 30.4155 30.4155 30.4155 30.4155 30.4155 24.2193 24.2193 24.2193 24.2193 24.2193 24.2193 24.2193 24.2193 24.2193 10.4317 10.4317 10.4317 10.4317 10.4317 10.4317 10.4317 10.4317 59.9838 59.9838 59.9838 45.36 45.36 45.36 45.36 45.36 45.36 45.36 45.36 17.9041 17.9041 17.9041 17.9041 17.9041 40.5864 40.5864 40.5864 40.5864 40.5864 40.5864 40.5864 40.5864 40.5864 40.5864 40.5864 40.5864 40.5864 11.2964 11.2964 11.2964 11.2964 11.2964 11.2964 11.2964 11.2964 11.2964 65.0371 65.0371 65.0371 65.0371 65.0371 65.0371 65.0371 65.0371 65.0371 65.0371 65.0371 65.0371 40.8023 ]
c0 = [ 250 108 108 108 108 108 90 90 90 90 90 90 227 227 227 227 227 227 227 227 227 73 73 73 73 73 73 73 73 165 165 165 127 127 127 127 127 127 127 127 121 121 121 121 121 93 93 93 93 93 93 93 93 93 93 93 93 93 54 54 54 54 54 54 54 54 54 63 63 63 63 63 63 63 63 63 63 63 63 83 ]
cp = [ 11.4409 26.0505 26.0505 26.0505 26.0505 26.0505 39.2809 39.2809 39.2809 39.2809 39.2809 39.2809 22.5711 22.5711 22.5711 22.5711 22.5711 22.5711 22.5711 22.5711 22.5711 38.989 38.989 38.989 38.989 38.989 38.989 38.989 38.989 26.3835 26.3835 26.3835 24.7241 24.7241 24.7241 24.7241 24.7241 24.7241 24.7241 24.7241 32.3158 32.3158 32.3158 32.3158 32.3158 38.3806 38.3806 38.3806 38.3806 38.3806 38.3806 38.3806 38.3806 38.3806 38.3806 38.3806 38.3806 38.3806 38.4751 38.4751 38.4751 38.4751 38.4751 38.4751 38.4751 38.4751 38.4751 39.8435 39.8435 39.8435 39.8435 39.8435 39.8435 39.8435 39.8435 39.8435 39.8435 39.8435 39.8435 41.7102 ]
D = [ 2265 2695 3169 3827 4473 4878 5151 6002 6181 7022 7430 7975 8275 7912 6965 6246 5696 5144 5743 6370 6875 5848 4863 3673 2493 3097 3442 3999 4564 5055 5350 5808 6454 6692 7212 7791 8320 7416 7117 6490 5696 5341 5810 6901 7476 6285 5199 3816 ]
K = 12
nk = [ 1 2 2 2 2 2 3 3 3 3 3 3 4 4 4 4 4 4 4 4 4 5 5 5 5 5 5 5 5 6 6 6 7 7 7 7 7 7 7 7 8 8 8 8 8 9 9 9 9 9 9 9 9 9 9 9 9 9 10 10 10 10 10 10 10 10 10 11 11 11 11 11 11 11 11 11 11 11 11 12 ]
First = [ 1 1 0 0 0 0 1 0 0 0 0 0 1 0 0 0 0 0 0 0 0 1 0 0 0 0 0 0 0 1 0 0 1 0 0 0 0 0 0 0 1 0 0 0 0 1 0 0 0 0 0 0 0 0 0 0 0 0 1 0 0 0 0 0 0 0 0 1 0 0 0 0 0 0 0 0 0 0 0 1 ]
Last = [ 1 0 0 0 0 1 0 0 0 0 0 1 0 0 0 0 0 0 0 0 1 0 0 0 0 0 0 0 1 0 0 1 0 0 0 0 0 0 0 1 0 0 0 0 1 0 0 0 0 0 0 0 0 0 0 0 0 1 0 0 0 0 0 0 0 0 1 0 0 0 0 0 0 0 0 0 0 0 1 1 ]
nS = 1
S = [ 0 1 2 3 4 5 6 7 8 9 10 11 12 13 14 15 16 17 18 19 20 21 22 23 24 25 26 27 28 29 30 31 32 33 34 35 36 37 38 39 40 41 42 43 44 45 46 47 48 49 50 51 52 53 54 55 56 57 58 59 60 61 62 63 64 65 66 67 68 69 70 71 72 73 74 75 76 77 78 79 ]
