n = 80 ; 
T = 48 ; 
Init = [ 1 1 1 1 1 1 1 1 1 1 1 1 1 1 1 1 1 1 1 1 1 1 1 1 1 1 1 1 1 1 1 1 1 1 1 1 0 0 0 0 0 0 0 0 0 0 0 0 0 0 0 0 0 0 0 0 0 0 0 0 0 0 0 0 0 0 0 0 0 0 0 0 0 0 0 0 0 0 0 0 ]
L = [ 9 9 9 9 9 9 9 9 9 9 9 9 9 9 9 9 9 9 9 9 9 9 9 9 9 9 9 9 9 9 9 9 9 9 9 9 3 3 3 3 3 3 3 3 3 3 3 3 3 3 3 3 3 3 3 3 8 8 8 7 7 7 7 7 7 7 7 7 7 7 7 7 7 7 7 7 7 7 7 7 ]
l = [ 9 9 9 9 9 9 9 9 9 9 9 9 9 9 9 9 9 9 9 9 9 9 9 9 9 9 9 9 9 9 9 9 9 9 9 9 3 3 3 3 3 3 3 3 3 3 3 3 3 3 3 3 3 3 3 3 8 8 8 7 7 7 7 7 7 7 7 7 7 7 7 7 7 7 7 7 7 7 7 7 ]
Pmin = [ 99 99 99 99 99 99 99 99 99 99 99 99 99 99 99 99 99 99 99 99 99 99 99 99 99 99 99 99 99 99 99 99 99 99 99 99 26 26 26 26 26 26 26 26 26 26 26 26 26 26 26 26 26 26 26 26 83 83 83 72 72 72 72 72 72 72 72 72 72 72 72 72 72 72 72 72 72 72 72 72 ]
Pmax = [ 403 403 403 403 403 403 403 403 403 403 403 403 403 403 403 403 403 403 403 403 403 403 403 403 403 403 403 403 403 403 403 403 403 403 403 403 86 86 86 86 86 86 86 86 86 86 86 86 86 86 86 86 86 86 86 86 337 337 337 288 288 288 288 288 288 288 288 288 288 288 288 288 288 288 288 288 288 288 288 288 ]
cf = [ 29.2525 29.2525 29.2525 29.2525 29.2525 29.2525 29.2525 29.2525 29.2525 29.2525 29.2525 29.2525 29.2525 29.2525 29.2525 29.2525 29.2525 29.2525 29.2525 29.2525 29.2525 29.2525 29.2525 29.2525 29.2525 29.2525 29.2525 29.2525 29.2525 29.2525 29.2525 29.2525 29.2525 29.2525 29.2525 29.2525 47.5263 47.5263 47.5263 47.5263 47.5263 47.5263 47.5263 47.5263 47.5263 47.5263 47.5263 47.5263 47.5263 47.5263 47.5263 47.5263 47.5263 47.5263 47.5263 47.5263 40.6685 40.6685 40.6685 24.5193 24.5193 24.5193 24.5193 24.5193 24.5193 24.5193 24.5193 24.5193 24.5193 24.5193 24.5193 24.5193 24.5193 24.5193 24.5193 24.5193 24.5193 24.5193 24.5193 24.5193 ]
c0 = [ 250 250 250 250 250 250 250 250 250 250 250 250 250 250 250 250 250 250 250 250 250 250 250 250 250 250 250 250 250 250 250 250 250 250 250 250 91 91 91 91 91 91 91 91 91 91 91 91 91 91 91 91 91 91 91 91 217 217 217 200 200 200 200 200 200 200 200 200 200 200 200 200 200 200 200 200 200 200 200 200 ]
cp = [ 12.1543 12.1543 12.1543 12.1543 12.1543 12.1543 12.1543 12.1543 12.1543 12.1543 12.1543 12.1543 12.1543 12.1543 12.1543 12.1543 12.1543 12.1543 12.1543 12.1543 12.1543 12.1543 12.1543 12.1543 12.1543 12.1543 12.1543 12.1543 12.1543 12.1543 12.1543 12.1543 12.1543 12.1543 12.1543 12.1543 33.5057 33.5057 33.5057 33.5057 33.5057 33.5057 33.5057 33.5057 33.5057 33.5057 33.5057 33.5057 33.5057 33.5057 33.5057 33.5057 33.5057 33.5057 33.5057 33.5057 18.6128 18.6128 18.6128 12.4515 12.4515 12.4515 12.4515 12.4515 12.4515 12.4515 12.4515 12.4515 12.4515 12.4515 12.4515 12.4515 12.4515 12.4515 12.4515 12.4515 12.4515 12.4515 12.4515 12.4515 ]
D = [ 5466 6385 7477 8739 10004 11649 12416 14013 14482 16163 17048 18097 19699 18201 16734 15106 13583 12260 13616 15261 16291 13401 10318 7851 4668 5817 7174 8795 9819 11222 11959 13413 14365 15483 17120 18537 19324 18066 16211 15235 13111 12090 13709 16242 17742 14824 12204 9887 ]
K = 4
nk = [ 1 1 1 1 1 1 1 1 1 1 1 1 1 1 1 1 1 1 1 1 1 1 1 1 1 1 1 1 1 1 1 1 1 1 1 1 2 2 2 2 2 2 2 2 2 2 2 2 2 2 2 2 2 2 2 2 3 3 3 4 4 4 4 4 4 4 4 4 4 4 4 4 4 4 4 4 4 4 4 4 ]
First = [ 1 0 0 0 0 0 0 0 0 0 0 0 0 0 0 0 0 0 0 0 0 0 0 0 0 0 0 0 0 0 0 0 0 0 0 0 1 0 0 0 0 0 0 0 0 0 0 0 0 0 0 0 0 0 0 0 1 0 0 1 0 0 0 0 0 0 0 0 0 0 0 0 0 0 0 0 0 0 0 0 ]
Last = [ 0 0 0 0 0 0 0 0 0 0 0 0 0 0 0 0 0 0 0 0 0 0 0 0 0 0 0 0 0 0 0 0 0 0 0 1 0 0 0 0 0 0 0 0 0 0 0 0 0 0 0 0 0 0 0 1 0 0 1 0 0 0 0 0 0 0 0 0 0 0 0 0 0 0 0 0 0 0 0 1 ]
nS = 1
S = [ 0 1 2 3 4 5 6 7 8 9 10 11 12 13 14 15 16 17 18 19 20 21 22 23 24 25 26 27 28 29 30 31 32 33 34 35 36 37 38 39 40 41 42 43 44 45 46 47 48 49 50 51 52 53 54 55 56 57 58 59 60 61 62 63 64 65 66 67 68 69 70 71 72 73 74 75 76 77 78 79 ]
