n = 80 ; 
T = 48 ; 
Init = [ 0 0 0 0 0 0 0 0 0 0 0 0 0 0 0 0 0 0 0 0 0 0 0 0 0 0 0 0 0 0 0 0 0 0 0 0 0 0 0 0 0 0 0 0 0 0 0 0 0 0 0 0 0 0 0 0 0 0 0 0 0 0 0 0 0 0 0 0 0 0 0 0 0 0 0 0 0 0 0 0 ]
L = [ 3 3 3 3 3 3 3 3 3 3 3 3 3 3 3 3 3 3 3 3 3 3 3 3 3 3 3 3 3 3 3 3 3 9 9 9 9 9 9 9 9 9 9 9 9 9 9 9 9 9 9 9 9 9 9 9 9 9 9 9 9 9 9 9 9 9 9 9 9 9 8 8 8 3 3 3 3 3 3 3 ]
l = [ 3 3 3 3 3 3 3 3 3 3 3 3 3 3 3 3 3 3 3 3 3 3 3 3 3 3 3 3 3 3 3 3 3 9 9 9 9 9 9 9 9 9 9 9 9 9 9 9 9 9 9 9 9 9 9 9 9 9 9 9 9 9 9 9 9 9 9 9 9 9 8 8 8 3 3 3 3 3 3 3 ]
Pmin = [ 19 19 19 19 19 19 19 19 19 19 19 19 19 19 19 19 19 19 19 19 19 19 19 19 19 19 19 19 19 19 19 19 19 94 94 94 94 94 94 94 94 94 94 94 93 93 93 93 93 93 93 93 93 93 93 93 93 93 93 93 93 93 93 93 93 93 93 93 93 93 77 77 77 32 32 32 32 32 32 32 ]
Pmax = [ 67 67 67 67 67 67 67 67 67 67 67 67 67 67 67 67 67 67 67 67 67 67 67 67 67 67 67 67 67 67 67 67 67 368 368 368 368 368 368 368 368 368 368 368 357 357 357 357 357 357 357 357 357 357 357 357 357 357 357 357 357 357 357 357 357 357 357 357 357 357 318 318 318 97 97 97 97 97 97 97 ]
cf = [ 21.9956 21.9956 21.9956 21.9956 21.9956 21.9956 21.9956 21.9956 21.9956 21.9956 21.9956 21.9956 21.9956 21.9956 21.9956 21.9956 21.9956 21.9956 21.9956 21.9956 21.9956 21.9956 21.9956 21.9956 21.9956 21.9956 21.9956 21.9956 21.9956 21.9956 21.9956 21.9956 21.9956 29.9669 29.9669 29.9669 29.9669 29.9669 29.9669 29.9669 29.9669 29.9669 29.9669 29.9669 45.0928 45.0928 45.0928 45.0928 45.0928 45.0928 45.0928 45.0928 45.0928 45.0928 45.0928 45.0928 45.0928 45.0928 45.0928 45.0928 45.0928 45.0928 45.0928 45.0928 45.0928 45.0928 45.0928 45.0928 45.0928 45.0928 62.0824 62.0824 62.0824 53.15 53.15 53.15 53.15 53.15 53.15 53.15 ]
c0 = [ 60 60 60 60 60 60 60 60 60 60 60 60 60 60 60 60 60 60 60 60 60 60 60 60 60 60 60 60 60 60 60 60 60 249 249 249 249 249 249 249 249 249 249 249 244 244 244 244 244 244 244 244 244 244 244 244 244 244 244 244 244 244 244 244 244 244 244 244 244 244 210 210 210 93 93 93 93 93 93 93 ]
cp = [ 39.013 39.013 39.013 39.013 39.013 39.013 39.013 39.013 39.013 39.013 39.013 39.013 39.013 39.013 39.013 39.013 39.013 39.013 39.013 39.013 39.013 39.013 39.013 39.013 39.013 39.013 39.013 39.013 39.013 39.013 39.013 39.013 39.013 12.3818 12.3818 12.3818 12.3818 12.3818 12.3818 12.3818 12.3818 12.3818 12.3818 12.3818 24.8103 24.8103 24.8103 24.8103 24.8103 24.8103 24.8103 24.8103 24.8103 24.8103 24.8103 24.8103 24.8103 24.8103 24.8103 24.8103 24.8103 24.8103 24.8103 24.8103 24.8103 24.8103 24.8103 24.8103 24.8103 24.8103 11.6914 11.6914 11.6914 16.577 16.577 16.577 16.577 16.577 16.577 16.577 ]
D = [ 3772 5079 5853 6828 7732 8854 9520 10690 11225 12096 12995 14256 15060 13723 12614 11317 9720 8409 9951 10858 12205 9929 8120 6295 4402 5417 5900 6957 7809 9018 9354 10391 11329 12586 13220 14092 15310 14084 12638 10964 9947 8520 9681 11097 11748 10369 8312 6437 ]
K = 5
nk = [ 1 1 1 1 1 1 1 1 1 1 1 1 1 1 1 1 1 1 1 1 1 1 1 1 1 1 1 1 1 1 1 1 1 2 2 2 2 2 2 2 2 2 2 2 3 3 3 3 3 3 3 3 3 3 3 3 3 3 3 3 3 3 3 3 3 3 3 3 3 3 4 4 4 5 5 5 5 5 5 5 ]
First = [ 1 0 0 0 0 0 0 0 0 0 0 0 0 0 0 0 0 0 0 0 0 0 0 0 0 0 0 0 0 0 0 0 0 1 0 0 0 0 0 0 0 0 0 0 1 0 0 0 0 0 0 0 0 0 0 0 0 0 0 0 0 0 0 0 0 0 0 0 0 0 1 0 0 1 0 0 0 0 0 0 ]
Last = [ 0 0 0 0 0 0 0 0 0 0 0 0 0 0 0 0 0 0 0 0 0 0 0 0 0 0 0 0 0 0 0 0 1 0 0 0 0 0 0 0 0 0 0 1 0 0 0 0 0 0 0 0 0 0 0 0 0 0 0 0 0 0 0 0 0 0 0 0 0 1 0 0 1 0 0 0 0 0 0 1 ]
nS = 1
S = [ 0 1 2 3 4 5 6 7 8 9 10 11 12 13 14 15 16 17 18 19 20 21 22 23 24 25 26 27 28 29 30 31 32 33 34 35 36 37 38 39 40 41 42 43 44 45 46 47 48 49 50 51 52 53 54 55 56 57 58 59 60 61 62 63 64 65 66 67 68 69 70 71 72 73 74 75 76 77 78 79 ]
