n = 80 ; 
T = 48 ; 
Init = [ 1 1 1 0 0 0 0 0 0 0 0 0 0 0 0 0 0 0 0 0 0 0 0 0 0 0 0 0 0 0 0 0 0 0 0 0 0 0 0 0 0 0 0 0 0 0 0 0 0 0 0 0 0 0 0 0 0 0 0 0 0 0 0 0 0 0 0 0 0 0 0 0 0 0 0 0 0 0 0 0 ]
L = [ 7 7 7 10 10 10 10 10 10 10 10 10 10 10 10 10 10 10 4 4 4 4 4 4 4 4 4 4 4 4 4 4 4 4 4 4 4 4 4 4 4 4 4 8 8 8 8 8 2 2 2 2 2 2 2 2 2 2 2 2 2 2 9 9 9 9 9 9 9 9 9 9 9 9 9 8 8 8 8 8 ]
l = [ 7 7 7 10 10 10 10 10 10 10 10 10 10 10 10 10 10 10 4 4 4 4 4 4 4 4 4 4 4 4 4 4 4 4 4 4 4 4 4 4 4 4 4 8 8 8 8 8 2 2 2 2 2 2 2 2 2 2 2 2 2 2 9 9 9 9 9 9 9 9 9 9 9 9 9 8 8 8 8 8 ]
Pmin = [ 84 84 84 100 100 100 100 100 100 100 100 100 100 100 100 100 100 100 51 51 51 51 51 51 51 51 51 51 51 51 51 51 35 35 35 35 35 35 35 35 35 35 35 92 92 92 92 92 22 22 22 22 22 22 22 22 22 22 22 22 22 22 97 97 97 97 97 97 97 97 97 97 97 97 97 90 90 90 90 90 ]
Pmax = [ 314 314 314 420 420 420 420 420 420 420 420 420 420 420 420 420 420 420 173 173 173 173 173 173 173 173 173 173 173 173 173 173 125 125 125 125 125 125 125 125 125 125 125 362 362 362 362 362 61 61 61 61 61 61 61 61 61 61 61 61 61 61 369 369 369 369 369 369 369 369 369 369 369 369 369 344 344 344 344 344 ]
cf = [ 69.0759 69.0759 69.0759 35.5345 35.5345 35.5345 35.5345 35.5345 35.5345 35.5345 35.5345 35.5345 35.5345 35.5345 35.5345 35.5345 35.5345 35.5345 38.6383 38.6383 38.6383 38.6383 38.6383 38.6383 38.6383 38.6383 38.6383 38.6383 38.6383 38.6383 38.6383 38.6383 58.4409 58.4409 58.4409 58.4409 58.4409 58.4409 58.4409 58.4409 58.4409 58.4409 58.4409 20.5821 20.5821 20.5821 20.5821 20.5821 54.7522 54.7522 54.7522 54.7522 54.7522 54.7522 54.7522 54.7522 54.7522 54.7522 54.7522 54.7522 54.7522 54.7522 58.8064 58.8064 58.8064 58.8064 58.8064 58.8064 58.8064 58.8064 58.8064 58.8064 58.8064 58.8064 58.8064 69.5208 69.5208 69.5208 69.5208 69.5208 ]
c0 = [ 221 221 221 250 250 250 250 250 250 250 250 250 250 250 250 250 250 250 152 152 152 152 152 152 152 152 152 152 152 152 152 152 109 109 109 109 109 109 109 109 109 109 109 241 241 241 241 241 71 71 71 71 71 71 71 71 71 71 71 71 71 71 248 248 248 248 248 248 248 248 248 248 248 248 248 247 247 247 247 247 ]
cp = [ 20.473 20.473 20.473 11.5657 11.5657 11.5657 11.5657 11.5657 11.5657 11.5657 11.5657 11.5657 11.5657 11.5657 11.5657 11.5657 11.5657 11.5657 30.0132 30.0132 30.0132 30.0132 30.0132 30.0132 30.0132 30.0132 30.0132 30.0132 30.0132 30.0132 30.0132 30.0132 36.1478 36.1478 36.1478 36.1478 36.1478 36.1478 36.1478 36.1478 36.1478 36.1478 36.1478 13.7822 13.7822 13.7822 13.7822 13.7822 41.9025 41.9025 41.9025 41.9025 41.9025 41.9025 41.9025 41.9025 41.9025 41.9025 41.9025 41.9025 41.9025 41.9025 10.6661 10.6661 10.6661 10.6661 10.6661 10.6661 10.6661 10.6661 10.6661 10.6661 10.6661 10.6661 10.6661 18.5511 18.5511 18.5511 18.5511 18.5511 ]
D = [ 6179 6411 7889 8596 9572 11197 11667 12705 13598 14949 15405 16563 17808 16611 14978 13591 12159 10743 12069 13363 14735 12085 9366 6819 4947 5682 6498 7980 8384 9715 10364 11392 13001 13687 14607 15758 16708 15536 14681 12861 11539 10782 11603 12938 14756 12836 10699 7974 ]
K = 8
nk = [ 1 1 1 2 2 2 2 2 2 2 2 2 2 2 2 2 2 2 3 3 3 3 3 3 3 3 3 3 3 3 3 3 4 4 4 4 4 4 4 4 4 4 4 5 5 5 5 5 6 6 6 6 6 6 6 6 6 6 6 6 6 6 7 7 7 7 7 7 7 7 7 7 7 7 7 8 8 8 8 8 ]
First = [ 1 0 0 1 0 0 0 0 0 0 0 0 0 0 0 0 0 0 1 0 0 0 0 0 0 0 0 0 0 0 0 0 1 0 0 0 0 0 0 0 0 0 0 1 0 0 0 0 1 0 0 0 0 0 0 0 0 0 0 0 0 0 1 0 0 0 0 0 0 0 0 0 0 0 0 1 0 0 0 0 ]
Last = [ 0 0 1 0 0 0 0 0 0 0 0 0 0 0 0 0 0 1 0 0 0 0 0 0 0 0 0 0 0 0 0 1 0 0 0 0 0 0 0 0 0 0 1 0 0 0 0 1 0 0 0 0 0 0 0 0 0 0 0 0 0 1 0 0 0 0 0 0 0 0 0 0 0 0 1 0 0 0 0 1 ]
nS = 1
S = [ 0 1 2 3 4 5 6 7 8 9 10 11 12 13 14 15 16 17 18 19 20 21 22 23 24 25 26 27 28 29 30 31 32 33 34 35 36 37 38 39 40 41 42 43 44 45 46 47 48 49 50 51 52 53 54 55 56 57 58 59 60 61 62 63 64 65 66 67 68 69 70 71 72 73 74 75 76 77 78 79 ]
