n = 80 ; 
T = 48 ; 
Init = [ 0 0 0 0 0 0 0 0 0 1 1 1 1 1 1 1 1 1 1 1 1 1 1 1 1 1 1 1 1 1 1 1 1 1 1 1 1 1 1 1 1 1 1 1 0 0 0 0 0 0 0 0 0 0 0 0 1 1 1 1 1 1 1 1 1 1 1 1 1 1 1 1 1 1 1 1 1 1 1 1 ]
L = [ 9 9 9 9 9 9 9 9 9 5 5 5 5 5 5 5 5 5 5 5 5 5 5 5 5 5 5 8 8 8 8 8 8 8 8 8 8 8 8 8 8 8 8 8 2 2 2 2 2 2 2 2 2 2 2 2 3 3 3 3 3 3 3 4 4 4 4 4 4 4 4 4 4 4 4 4 4 4 4 4 ]
l = [ 9 9 9 9 9 9 9 9 9 5 5 5 5 5 5 5 5 5 5 5 5 5 5 5 5 5 5 8 8 8 8 8 8 8 8 8 8 8 8 8 8 8 8 8 2 2 2 2 2 2 2 2 2 2 2 2 3 3 3 3 3 3 3 4 4 4 4 4 4 4 4 4 4 4 4 4 4 4 4 4 ]
Pmin = [ 94 94 94 94 94 94 94 94 94 51 51 51 51 51 51 51 51 51 51 51 51 51 51 51 51 51 51 87 87 87 87 87 87 87 87 87 87 87 87 87 87 87 87 87 12 12 12 12 12 12 12 12 12 14 14 14 29 29 29 29 29 29 29 31 31 31 31 31 31 31 31 31 31 31 31 31 31 31 31 31 ]
Pmax = [ 387 387 387 387 387 387 387 387 387 176 176 176 176 176 176 176 176 176 176 176 176 176 176 176 176 176 176 335 335 335 335 335 335 335 335 335 335 335 335 335 335 335 335 335 32 32 32 32 32 32 32 32 32 36 36 36 84 84 84 84 84 84 84 121 121 121 121 121 121 121 121 121 121 121 121 121 121 121 121 121 ]
cf = [ 56.8719 56.8719 56.8719 56.8719 56.8719 56.8719 56.8719 56.8719 56.8719 34.2748 34.2748 34.2748 34.2748 34.2748 34.2748 34.2748 34.2748 34.2748 34.2748 34.2748 34.2748 34.2748 34.2748 34.2748 34.2748 34.2748 34.2748 39.8763 39.8763 39.8763 39.8763 39.8763 39.8763 39.8763 39.8763 39.8763 39.8763 39.8763 39.8763 39.8763 39.8763 39.8763 39.8763 39.8763 28.6573 28.6573 28.6573 28.6573 28.6573 28.6573 28.6573 28.6573 28.6573 28.902 28.902 28.902 12.6478 12.6478 12.6478 12.6478 12.6478 12.6478 12.6478 20.6066 20.6066 20.6066 20.6066 20.6066 20.6066 20.6066 20.6066 20.6066 20.6066 20.6066 20.6066 20.6066 20.6066 20.6066 20.6066 20.6066 ]
c0 = [ 238 238 238 238 238 238 238 238 238 143 143 143 143 143 143 143 143 143 143 143 143 143 143 143 143 143 143 228 228 228 228 228 228 228 228 228 228 228 228 228 228 228 228 228 57 57 57 57 57 57 57 57 57 52 52 52 84 84 84 84 84 84 84 88 88 88 88 88 88 88 88 88 88 88 88 88 88 88 88 88 ]
cp = [ 17.7764 17.7764 17.7764 17.7764 17.7764 17.7764 17.7764 17.7764 17.7764 24.6809 24.6809 24.6809 24.6809 24.6809 24.6809 24.6809 24.6809 24.6809 24.6809 24.6809 24.6809 24.6809 24.6809 24.6809 24.6809 24.6809 24.6809 13.1662 13.1662 13.1662 13.1662 13.1662 13.1662 13.1662 13.1662 13.1662 13.1662 13.1662 13.1662 13.1662 13.1662 13.1662 13.1662 13.1662 41.1689 41.1689 41.1689 41.1689 41.1689 41.1689 41.1689 41.1689 41.1689 41.4712 41.4712 41.4712 38.4476 38.4476 38.4476 38.4476 38.4476 38.4476 38.4476 29.098 29.098 29.098 29.098 29.098 29.098 29.098 29.098 29.098 29.098 29.098 29.098 29.098 29.098 29.098 29.098 29.098 ]
D = [ 3891 4733 5537 6644 7433 8121 8731 9777 10593 11034 12084 12549 13766 12463 11457 9911 9163 7817 8984 10154 11100 9501 7382 5708 4328 4790 5455 6552 7020 7379 8467 8826 9612 10333 10710 11754 12113 11272 10620 9941 9245 8196 9436 10677 11890 9971 7829 5796 ]
K = 7
nk = [ 1 1 1 1 1 1 1 1 1 2 2 2 2 2 2 2 2 2 2 2 2 2 2 2 2 2 2 3 3 3 3 3 3 3 3 3 3 3 3 3 3 3 3 3 4 4 4 4 4 4 4 4 4 5 5 5 6 6 6 6 6 6 6 7 7 7 7 7 7 7 7 7 7 7 7 7 7 7 7 7 ]
First = [ 1 0 0 0 0 0 0 0 0 1 0 0 0 0 0 0 0 0 0 0 0 0 0 0 0 0 0 1 0 0 0 0 0 0 0 0 0 0 0 0 0 0 0 0 1 0 0 0 0 0 0 0 0 1 0 0 1 0 0 0 0 0 0 1 0 0 0 0 0 0 0 0 0 0 0 0 0 0 0 0 ]
Last = [ 0 0 0 0 0 0 0 0 1 0 0 0 0 0 0 0 0 0 0 0 0 0 0 0 0 0 1 0 0 0 0 0 0 0 0 0 0 0 0 0 0 0 0 1 0 0 0 0 0 0 0 0 1 0 0 1 0 0 0 0 0 0 1 0 0 0 0 0 0 0 0 0 0 0 0 0 0 0 0 1 ]
nS = 1
S = [ 0 1 2 3 4 5 6 7 8 9 10 11 12 13 14 15 16 17 18 19 20 21 22 23 24 25 26 27 28 29 30 31 32 33 34 35 36 37 38 39 40 41 42 43 44 45 46 47 48 49 50 51 52 53 54 55 56 57 58 59 60 61 62 63 64 65 66 67 68 69 70 71 72 73 74 75 76 77 78 79 ]
