n = 80 ; 
T = 48 ; 
Init = [ 1 1 1 1 1 1 1 1 1 1 1 1 1 1 1 1 1 1 1 1 1 1 1 1 1 1 1 1 1 1 1 1 1 1 1 1 1 1 1 1 1 1 1 1 1 1 1 0 0 0 0 0 0 0 0 1 1 1 1 1 1 1 1 1 1 1 1 1 1 1 1 0 0 0 0 0 0 0 0 0 ]
L = [ 7 7 7 7 7 7 7 7 7 7 7 7 7 7 7 7 7 7 7 7 7 7 7 3 3 3 3 3 3 3 3 3 7 7 7 7 7 7 7 7 7 7 7 7 7 7 7 3 3 3 3 3 3 3 3 10 10 10 10 10 10 10 10 10 10 10 10 10 10 10 10 4 4 4 4 4 4 4 4 4 ]
l = [ 7 7 7 7 7 7 7 7 7 7 7 7 7 7 7 7 7 7 7 7 7 7 7 3 3 3 3 3 3 3 3 3 7 7 7 7 7 7 7 7 7 7 7 7 7 7 7 3 3 3 3 3 3 3 3 10 10 10 10 10 10 10 10 10 10 10 10 10 10 10 10 4 4 4 4 4 4 4 4 4 ]
Pmin = [ 76 76 76 76 76 76 76 76 76 76 76 76 76 76 76 76 76 76 76 76 76 76 76 29 29 29 29 29 29 29 29 29 67 67 67 67 67 67 67 67 67 67 67 67 67 67 67 27 27 27 27 27 27 27 27 100 100 100 100 100 100 100 100 100 100 100 100 100 100 100 100 38 38 38 38 38 38 38 38 38 ]
Pmax = [ 284 284 284 284 284 284 284 284 284 284 284 284 284 284 284 284 284 284 284 284 284 284 284 81 81 81 81 81 81 81 81 81 269 269 269 269 269 269 269 269 269 269 269 269 269 269 269 102 102 102 102 102 102 102 102 420 420 420 420 420 420 420 420 420 420 420 420 420 420 420 420 120 120 120 120 120 120 120 120 120 ]
cf = [ 27.4626 27.4626 27.4626 27.4626 27.4626 27.4626 27.4626 27.4626 27.4626 27.4626 27.4626 27.4626 27.4626 27.4626 27.4626 27.4626 27.4626 27.4626 27.4626 27.4626 27.4626 27.4626 27.4626 46.8566 46.8566 46.8566 46.8566 46.8566 46.8566 46.8566 46.8566 46.8566 51.7694 51.7694 51.7694 51.7694 51.7694 51.7694 51.7694 51.7694 51.7694 51.7694 51.7694 51.7694 51.7694 51.7694 51.7694 11.4886 11.4886 11.4886 11.4886 11.4886 11.4886 11.4886 11.4886 29.4969 29.4969 29.4969 29.4969 29.4969 29.4969 29.4969 29.4969 29.4969 29.4969 29.4969 29.4969 29.4969 29.4969 29.4969 29.4969 45.0226 45.0226 45.0226 45.0226 45.0226 45.0226 45.0226 45.0226 45.0226 ]
c0 = [ 196 196 196 196 196 196 196 196 196 196 196 196 196 196 196 196 196 196 196 196 196 196 196 82 82 82 82 82 82 82 82 82 186 186 186 186 186 186 186 186 186 186 186 186 186 186 186 78 78 78 78 78 78 78 78 250 250 250 250 250 250 250 250 250 250 250 250 250 250 250 250 109 109 109 109 109 109 109 109 109 ]
cp = [ 21.5127 21.5127 21.5127 21.5127 21.5127 21.5127 21.5127 21.5127 21.5127 21.5127 21.5127 21.5127 21.5127 21.5127 21.5127 21.5127 21.5127 21.5127 21.5127 21.5127 21.5127 21.5127 21.5127 38.3614 38.3614 38.3614 38.3614 38.3614 38.3614 38.3614 38.3614 38.3614 21.4027 21.4027 21.4027 21.4027 21.4027 21.4027 21.4027 21.4027 21.4027 21.4027 21.4027 21.4027 21.4027 21.4027 21.4027 35.2076 35.2076 35.2076 35.2076 35.2076 35.2076 35.2076 35.2076 8.24438 8.24438 8.24438 8.24438 8.24438 8.24438 8.24438 8.24438 8.24438 8.24438 8.24438 8.24438 8.24438 8.24438 8.24438 8.24438 28.1991 28.1991 28.1991 28.1991 28.1991 28.1991 28.1991 28.1991 28.1991 ]
D = [ 5062 6231 7168 8189 9015 9484 10951 11472 12467 13055 14170 15377 16378 14658 13707 12292 10941 9492 11507 12893 14741 11882 9838 6680 3781 5434 6278 7347 8248 9221 10223 11498 12249 13677 15054 15501 17152 15610 13729 12465 11214 9956 11631 13221 15352 12362 9750 6567 ]
K = 6
nk = [ 1 1 1 1 1 1 1 1 1 1 1 1 1 1 1 1 1 1 1 1 1 1 1 2 2 2 2 2 2 2 2 2 3 3 3 3 3 3 3 3 3 3 3 3 3 3 3 4 4 4 4 4 4 4 4 5 5 5 5 5 5 5 5 5 5 5 5 5 5 5 5 6 6 6 6 6 6 6 6 6 ]
First = [ 1 0 0 0 0 0 0 0 0 0 0 0 0 0 0 0 0 0 0 0 0 0 0 1 0 0 0 0 0 0 0 0 1 0 0 0 0 0 0 0 0 0 0 0 0 0 0 1 0 0 0 0 0 0 0 1 0 0 0 0 0 0 0 0 0 0 0 0 0 0 0 1 0 0 0 0 0 0 0 0 ]
Last = [ 0 0 0 0 0 0 0 0 0 0 0 0 0 0 0 0 0 0 0 0 0 0 1 0 0 0 0 0 0 0 0 1 0 0 0 0 0 0 0 0 0 0 0 0 0 0 1 0 0 0 0 0 0 0 1 0 0 0 0 0 0 0 0 0 0 0 0 0 0 0 1 0 0 0 0 0 0 0 0 1 ]
nS = 1
S = [ 0 1 2 3 4 5 6 7 8 9 10 11 12 13 14 15 16 17 18 19 20 21 22 23 24 25 26 27 28 29 30 31 32 33 34 35 36 37 38 39 40 41 42 43 44 45 46 47 48 49 50 51 52 53 54 55 56 57 58 59 60 61 62 63 64 65 66 67 68 69 70 71 72 73 74 75 76 77 78 79 ]
