n = 80 ; 
T = 48 ; 
Init = [ 1 1 1 1 1 1 1 1 1 1 1 1 1 1 1 0 0 0 0 0 0 0 0 0 0 1 1 1 1 1 1 1 0 0 0 0 0 0 0 0 0 0 0 0 0 0 0 0 0 0 0 0 0 0 0 0 0 0 0 0 0 0 0 0 0 0 0 0 0 0 0 0 0 1 1 1 1 1 1 1 ]
L = [ 3 3 3 3 3 3 8 8 8 8 8 8 8 8 8 7 7 7 7 7 7 7 7 7 7 8 8 8 8 8 8 8 8 8 8 8 8 8 7 7 7 7 7 7 7 8 8 8 8 8 8 8 8 8 8 8 7 7 7 7 7 3 3 3 3 3 3 3 3 3 3 3 3 2 2 2 2 2 2 2 ]
l = [ 3 3 3 3 3 3 8 8 8 8 8 8 8 8 8 7 7 7 7 7 7 7 7 7 7 8 8 8 8 8 8 8 8 8 8 8 8 8 7 7 7 7 7 7 7 8 8 8 8 8 8 8 8 8 8 8 7 7 7 7 7 3 3 3 3 3 3 3 3 3 3 3 3 2 2 2 2 2 2 2 ]
Pmin = [ 20 20 20 20 20 20 91 91 91 91 91 91 91 91 91 76 76 76 76 76 76 76 76 76 76 89 89 89 89 89 89 89 95 95 95 95 95 95 72 72 72 72 72 72 72 97 97 97 97 97 97 97 97 97 97 97 78 78 78 78 78 36 36 36 36 36 36 36 36 36 36 36 36 19 19 19 19 19 19 19 ]
Pmax = [ 67 67 67 67 67 67 359 359 359 359 359 359 359 359 359 282 282 282 282 282 282 282 282 282 282 346 346 346 346 346 346 346 361 361 361 361 361 361 266 266 266 266 266 266 266 368 368 368 368 368 368 368 368 368 368 368 305 305 305 305 305 122 122 122 122 122 122 122 122 122 122 122 122 40 40 40 40 40 40 40 ]
cf = [ 25.5111 25.5111 25.5111 25.5111 25.5111 25.5111 29.3105 29.3105 29.3105 29.3105 29.3105 29.3105 29.3105 29.3105 29.3105 31.0689 31.0689 31.0689 31.0689 31.0689 31.0689 31.0689 31.0689 31.0689 31.0689 61.3977 61.3977 61.3977 61.3977 61.3977 61.3977 61.3977 16.5166 16.5166 16.5166 16.5166 16.5166 16.5166 41.791 41.791 41.791 41.791 41.791 41.791 41.791 11.7947 11.7947 11.7947 11.7947 11.7947 11.7947 11.7947 11.7947 11.7947 11.7947 11.7947 58.9504 58.9504 58.9504 58.9504 58.9504 56.3247 56.3247 56.3247 56.3247 56.3247 56.3247 56.3247 56.3247 56.3247 56.3247 56.3247 56.3247 41.0997 41.0997 41.0997 41.0997 41.0997 41.0997 41.0997 ]
c0 = [ 66 66 66 66 66 66 232 232 232 232 232 232 232 232 232 204 204 204 204 204 204 204 204 204 204 237 237 237 237 237 237 237 250 250 250 250 250 250 201 201 201 201 201 201 201 250 250 250 250 250 250 250 250 250 250 250 213 213 213 213 213 113 113 113 113 113 113 113 113 113 113 113 113 75 75 75 75 75 75 75 ]
cp = [ 39.8573 39.8573 39.8573 39.8573 39.8573 39.8573 13.8221 13.8221 13.8221 13.8221 13.8221 13.8221 13.8221 13.8221 13.8221 18.129 18.129 18.129 18.129 18.129 18.129 18.129 18.129 18.129 18.129 21.4968 21.4968 21.4968 21.4968 21.4968 21.4968 21.4968 21.2493 21.2493 21.2493 21.2493 21.2493 21.2493 21.9283 21.9283 21.9283 21.9283 21.9283 21.9283 21.9283 12.7916 12.7916 12.7916 12.7916 12.7916 12.7916 12.7916 12.7916 12.7916 12.7916 12.7916 18.691 18.691 18.691 18.691 18.691 31.9138 31.9138 31.9138 31.9138 31.9138 31.9138 31.9138 31.9138 31.9138 31.9138 31.9138 31.9138 39.458 39.458 39.458 39.458 39.458 39.458 39.458 ]
D = [ 4810 5829 6740 8022 8759 10601 10899 12729 13663 14535 15622 16625 18244 16151 15275 13452 12409 10975 12159 13639 15123 12543 10407 7820 5655 6517 7613 8039 9522 9992 10865 12282 12758 13555 14806 15864 16648 15550 14065 12752 11411 10353 11448 12932 14503 12017 9923 7532 ]
K = 10
nk = [ 1 1 1 1 1 1 2 2 2 2 2 2 2 2 2 3 3 3 3 3 3 3 3 3 3 4 4 4 4 4 4 4 5 5 5 5 5 5 6 6 6 6 6 6 6 7 7 7 7 7 7 7 7 7 7 7 8 8 8 8 8 9 9 9 9 9 9 9 9 9 9 9 9 10 10 10 10 10 10 10 ]
First = [ 1 0 0 0 0 0 1 0 0 0 0 0 0 0 0 1 0 0 0 0 0 0 0 0 0 1 0 0 0 0 0 0 1 0 0 0 0 0 1 0 0 0 0 0 0 1 0 0 0 0 0 0 0 0 0 0 1 0 0 0 0 1 0 0 0 0 0 0 0 0 0 0 0 1 0 0 0 0 0 0 ]
Last = [ 0 0 0 0 0 1 0 0 0 0 0 0 0 0 1 0 0 0 0 0 0 0 0 0 1 0 0 0 0 0 0 1 0 0 0 0 0 1 0 0 0 0 0 0 1 0 0 0 0 0 0 0 0 0 0 1 0 0 0 0 1 0 0 0 0 0 0 0 0 0 0 0 1 0 0 0 0 0 0 1 ]
nS = 1
S = [ 0 1 2 3 4 5 6 7 8 9 10 11 12 13 14 15 16 17 18 19 20 21 22 23 24 25 26 27 28 29 30 31 32 33 34 35 36 37 38 39 40 41 42 43 44 45 46 47 48 49 50 51 52 53 54 55 56 57 58 59 60 61 62 63 64 65 66 67 68 69 70 71 72 73 74 75 76 77 78 79 ]
