n = 80 ; 
T = 48 ; 
Init = [ 1 1 1 1 1 1 1 1 0 0 0 0 0 0 0 0 0 0 0 0 0 0 0 0 0 0 0 0 0 1 1 1 1 1 1 1 1 1 1 1 1 1 1 1 1 1 1 1 1 1 0 0 0 0 0 0 0 0 0 0 0 0 0 0 1 1 1 1 1 1 1 1 1 1 1 1 1 1 1 1 ]
L = [ 6 6 6 6 6 6 6 6 7 7 7 7 7 7 7 7 7 7 7 7 7 7 7 7 7 7 7 7 7 9 9 9 9 9 9 9 9 9 9 3 3 3 3 3 3 3 3 3 3 3 2 2 2 2 2 2 2 2 2 2 2 2 2 2 7 7 7 7 7 7 7 7 7 7 7 5 5 5 5 5 ]
l = [ 6 6 6 6 6 6 6 6 7 7 7 7 7 7 7 7 7 7 7 7 7 7 7 7 7 7 7 7 7 9 9 9 9 9 9 9 9 9 9 3 3 3 3 3 3 3 3 3 3 3 2 2 2 2 2 2 2 2 2 2 2 2 2 2 7 7 7 7 7 7 7 7 7 7 7 5 5 5 5 5 ]
Pmin = [ 58 58 58 58 58 58 58 58 69 69 69 69 69 69 69 69 69 69 69 69 69 69 69 73 73 73 73 73 73 100 100 100 100 100 100 100 100 100 100 26 26 26 26 26 26 26 26 26 26 26 19 19 19 19 19 19 19 19 19 19 19 19 19 19 74 74 74 74 74 74 74 74 74 74 74 60 60 60 60 60 ]
Pmax = [ 221 221 221 221 221 221 221 221 271 271 271 271 271 271 271 271 271 271 271 271 271 271 271 279 279 279 279 279 279 396 396 396 396 396 396 396 396 396 396 90 90 90 90 90 90 90 90 90 90 90 35 35 35 35 35 35 35 35 35 35 35 35 35 35 265 265 265 265 265 265 265 265 265 265 265 205 205 205 205 205 ]
cf = [ 46.686 46.686 46.686 46.686 46.686 46.686 46.686 46.686 16.2155 16.2155 16.2155 16.2155 16.2155 16.2155 16.2155 16.2155 16.2155 16.2155 16.2155 16.2155 16.2155 16.2155 16.2155 33.4525 33.4525 33.4525 33.4525 33.4525 33.4525 69.6884 69.6884 69.6884 69.6884 69.6884 69.6884 69.6884 69.6884 69.6884 69.6884 43.096 43.096 43.096 43.096 43.096 43.096 43.096 43.096 43.096 43.096 43.096 61.7226 61.7226 61.7226 61.7226 61.7226 61.7226 61.7226 61.7226 61.7226 61.7226 61.7226 61.7226 61.7226 61.7226 23.7736 23.7736 23.7736 23.7736 23.7736 23.7736 23.7736 23.7736 23.7736 23.7736 23.7736 32.5092 32.5092 32.5092 32.5092 32.5092 ]
c0 = [ 150 150 150 150 150 150 150 150 189 189 189 189 189 189 189 189 189 189 189 189 189 189 189 188 188 188 188 188 188 250 250 250 250 250 250 250 250 250 250 78 78 78 78 78 78 78 78 78 78 78 65 65 65 65 65 65 65 65 65 65 65 65 65 65 194 194 194 194 194 194 194 194 194 194 194 155 155 155 155 155 ]
cp = [ 24.2989 24.2989 24.2989 24.2989 24.2989 24.2989 24.2989 24.2989 27.3836 27.3836 27.3836 27.3836 27.3836 27.3836 27.3836 27.3836 27.3836 27.3836 27.3836 27.3836 27.3836 27.3836 27.3836 18.3432 18.3432 18.3432 18.3432 18.3432 18.3432 15.0329 15.0329 15.0329 15.0329 15.0329 15.0329 15.0329 15.0329 15.0329 15.0329 30.2115 30.2115 30.2115 30.2115 30.2115 30.2115 30.2115 30.2115 30.2115 30.2115 30.2115 40.2912 40.2912 40.2912 40.2912 40.2912 40.2912 40.2912 40.2912 40.2912 40.2912 40.2912 40.2912 40.2912 40.2912 24.2252 24.2252 24.2252 24.2252 24.2252 24.2252 24.2252 24.2252 24.2252 24.2252 24.2252 31.5375 31.5375 31.5375 31.5375 31.5375 ]
D = [ 3838 4834 5875 6442 7384 8144 9205 10515 11294 12226 13159 13971 14540 13815 12179 11508 10200 8623 10058 10944 12101 9940 8544 6216 4441 5542 6119 7240 7797 8708 9863 10270 11334 12214 12492 13578 14483 13255 11917 10516 9506 8001 9487 11770 13020 11013 8721 6275 ]
K = 8
nk = [ 1 1 1 1 1 1 1 1 2 2 2 2 2 2 2 2 2 2 2 2 2 2 2 3 3 3 3 3 3 4 4 4 4 4 4 4 4 4 4 5 5 5 5 5 5 5 5 5 5 5 6 6 6 6 6 6 6 6 6 6 6 6 6 6 7 7 7 7 7 7 7 7 7 7 7 8 8 8 8 8 ]
First = [ 1 0 0 0 0 0 0 0 1 0 0 0 0 0 0 0 0 0 0 0 0 0 0 1 0 0 0 0 0 1 0 0 0 0 0 0 0 0 0 1 0 0 0 0 0 0 0 0 0 0 1 0 0 0 0 0 0 0 0 0 0 0 0 0 1 0 0 0 0 0 0 0 0 0 0 1 0 0 0 0 ]
Last = [ 0 0 0 0 0 0 0 1 0 0 0 0 0 0 0 0 0 0 0 0 0 0 1 0 0 0 0 0 1 0 0 0 0 0 0 0 0 0 1 0 0 0 0 0 0 0 0 0 0 1 0 0 0 0 0 0 0 0 0 0 0 0 0 1 0 0 0 0 0 0 0 0 0 0 1 0 0 0 0 1 ]
nS = 1
S = [ 0 1 2 3 4 5 6 7 8 9 10 11 12 13 14 15 16 17 18 19 20 21 22 23 24 25 26 27 28 29 30 31 32 33 34 35 36 37 38 39 40 41 42 43 44 45 46 47 48 49 50 51 52 53 54 55 56 57 58 59 60 61 62 63 64 65 66 67 68 69 70 71 72 73 74 75 76 77 78 79 ]
