n = 80 ; 
T = 48 ; 
Init = [ 1 1 1 1 1 1 1 1 0 0 0 0 0 0 0 0 0 0 0 0 0 0 0 0 0 0 0 0 0 0 0 0 0 0 0 0 0 0 0 0 0 1 1 1 1 0 0 0 0 0 0 0 0 0 0 0 0 0 0 1 1 1 1 1 1 0 0 0 0 0 0 0 0 0 0 0 0 0 0 1 ]
L = [ 8 8 8 8 8 8 8 8 7 7 7 7 7 7 7 7 7 7 8 8 8 8 8 8 8 8 8 8 8 8 8 8 8 8 8 8 8 8 8 8 8 9 9 9 9 2 2 2 2 2 2 2 2 2 2 2 2 2 2 9 9 9 9 9 9 10 10 10 10 10 10 10 10 10 10 10 10 3 3 8 ]
l = [ 8 8 8 8 8 8 8 8 7 7 7 7 7 7 7 7 7 7 8 8 8 8 8 8 8 8 8 8 8 8 8 8 8 8 8 8 8 8 8 8 8 9 9 9 9 2 2 2 2 2 2 2 2 2 2 2 2 2 2 9 9 9 9 9 9 10 10 10 10 10 10 10 10 10 10 10 10 3 3 8 ]
Pmin = [ 88 88 88 88 88 88 88 88 80 80 80 80 80 80 80 80 80 80 79 79 79 79 79 79 79 79 79 79 89 89 89 89 89 89 89 89 89 89 89 89 89 97 97 97 97 24 24 24 24 24 24 24 24 24 24 24 24 24 24 96 96 96 96 96 96 99 99 99 99 99 99 99 99 99 99 99 99 27 27 84 ]
Pmax = [ 335 335 335 335 335 335 335 335 318 318 318 318 318 318 318 318 318 318 314 314 314 314 314 314 314 314 314 314 337 337 337 337 337 337 337 337 337 337 337 337 337 370 370 370 370 53 53 53 53 53 53 53 53 53 53 53 53 53 53 370 370 370 370 370 370 412 412 412 412 412 412 412 412 412 412 412 412 72 72 349 ]
cf = [ 61.8619 61.8619 61.8619 61.8619 61.8619 61.8619 61.8619 61.8619 40.1122 40.1122 40.1122 40.1122 40.1122 40.1122 40.1122 40.1122 40.1122 40.1122 65.0851 65.0851 65.0851 65.0851 65.0851 65.0851 65.0851 65.0851 65.0851 65.0851 55.3777 55.3777 55.3777 55.3777 55.3777 55.3777 55.3777 55.3777 55.3777 55.3777 55.3777 55.3777 55.3777 58.0793 58.0793 58.0793 58.0793 67.1183 67.1183 67.1183 67.1183 67.1183 67.1183 67.1183 67.1183 67.1183 67.1183 67.1183 67.1183 67.1183 67.1183 56.7001 56.7001 56.7001 56.7001 56.7001 56.7001 14.6334 14.6334 14.6334 14.6334 14.6334 14.6334 14.6334 14.6334 14.6334 14.6334 14.6334 14.6334 22.8195 22.8195 36.8544 ]
c0 = [ 229 229 229 229 229 229 229 229 208 208 208 208 208 208 208 208 208 208 208 208 208 208 208 208 208 208 208 208 224 224 224 224 224 224 224 224 224 224 224 224 224 249 249 249 249 90 90 90 90 90 90 90 90 90 90 90 90 90 90 250 250 250 250 250 250 250 250 250 250 250 250 250 250 250 250 250 250 88 88 217 ]
cp = [ 18.5744 18.5744 18.5744 18.5744 18.5744 18.5744 18.5744 18.5744 23.9379 23.9379 23.9379 23.9379 23.9379 23.9379 23.9379 23.9379 23.9379 23.9379 18.2793 18.2793 18.2793 18.2793 18.2793 18.2793 18.2793 18.2793 18.2793 18.2793 15.0092 15.0092 15.0092 15.0092 15.0092 15.0092 15.0092 15.0092 15.0092 15.0092 15.0092 15.0092 15.0092 10.7637 10.7637 10.7637 10.7637 41.1154 41.1154 41.1154 41.1154 41.1154 41.1154 41.1154 41.1154 41.1154 41.1154 41.1154 41.1154 41.1154 41.1154 13.5186 13.5186 13.5186 13.5186 13.5186 13.5186 12.1817 12.1817 12.1817 12.1817 12.1817 12.1817 12.1817 12.1817 12.1817 12.1817 12.1817 12.1817 36.6833 36.6833 15.4507 ]
D = [ 5910 6994 8200 8871 10547 12081 13055 14312 15036 17088 18218 19640 20795 18334 16990 15416 13797 11414 13887 15458 17336 14325 11954 9122 6502 7116 8796 9554 11071 12190 13390 14277 15137 16361 17671 18419 19540 18165 15963 14406 12481 11360 13125 15618 18262 15285 12413 9532 ]
K = 10
nk = [ 1 1 1 1 1 1 1 1 2 2 2 2 2 2 2 2 2 2 3 3 3 3 3 3 3 3 3 3 4 4 4 4 4 4 4 4 4 4 4 4 4 5 5 5 5 6 6 6 6 6 6 6 6 6 6 6 6 6 6 7 7 7 7 7 7 8 8 8 8 8 8 8 8 8 8 8 8 9 9 10 ]
First = [ 1 0 0 0 0 0 0 0 1 0 0 0 0 0 0 0 0 0 1 0 0 0 0 0 0 0 0 0 1 0 0 0 0 0 0 0 0 0 0 0 0 1 0 0 0 1 0 0 0 0 0 0 0 0 0 0 0 0 0 1 0 0 0 0 0 1 0 0 0 0 0 0 0 0 0 0 0 1 0 1 ]
Last = [ 0 0 0 0 0 0 0 1 0 0 0 0 0 0 0 0 0 1 0 0 0 0 0 0 0 0 0 1 0 0 0 0 0 0 0 0 0 0 0 0 1 0 0 0 1 0 0 0 0 0 0 0 0 0 0 0 0 0 1 0 0 0 0 0 1 0 0 0 0 0 0 0 0 0 0 0 1 0 1 1 ]
nS = 1
S = [ 0 1 2 3 4 5 6 7 8 9 10 11 12 13 14 15 16 17 18 19 20 21 22 23 24 25 26 27 28 29 30 31 32 33 34 35 36 37 38 39 40 41 42 43 44 45 46 47 48 49 50 51 52 53 54 55 56 57 58 59 60 61 62 63 64 65 66 67 68 69 70 71 72 73 74 75 76 77 78 79 ]
