n = 80 ; 
T = 48 ; 
Init = [ 1 1 1 1 1 1 1 1 1 1 1 1 1 1 1 1 0 0 0 0 0 0 0 0 0 0 0 0 1 1 1 1 1 0 0 0 0 0 0 0 0 0 0 0 0 0 0 0 0 0 0 0 0 0 0 0 0 0 0 0 0 0 0 0 0 0 0 0 0 1 1 1 1 1 1 1 1 1 1 1 ]
L = [ 6 6 6 6 6 6 6 6 6 6 6 6 6 6 6 6 4 4 4 4 4 4 4 4 4 4 4 4 3 3 3 3 8 3 3 3 3 3 3 3 3 3 3 3 3 3 3 3 3 3 3 3 3 5 5 5 5 5 5 5 5 5 5 5 5 5 5 5 5 9 9 9 9 9 9 9 9 9 9 9 ]
l = [ 6 6 6 6 6 6 6 6 6 6 6 6 6 6 6 6 4 4 4 4 4 4 4 4 4 4 4 4 3 3 3 3 8 3 3 3 3 3 3 3 3 3 3 3 3 3 3 3 3 3 3 3 3 5 5 5 5 5 5 5 5 5 5 5 5 5 5 5 5 9 9 9 9 9 9 9 9 9 9 9 ]
Pmin = [ 71 71 71 71 71 71 71 71 71 71 71 71 71 71 71 71 35 35 35 35 35 35 35 35 35 35 35 35 27 27 27 27 89 30 30 30 30 30 30 30 30 30 30 30 30 30 30 30 30 30 30 30 30 48 48 48 48 48 48 48 48 48 48 48 48 48 48 48 48 99 99 99 99 99 99 99 99 99 99 99 ]
Pmax = [ 267 267 267 267 267 267 267 267 267 267 267 267 267 267 267 267 133 133 133 133 133 133 133 133 133 133 133 133 92 92 92 92 350 86 86 86 86 86 86 86 86 86 86 86 86 86 86 86 86 86 86 86 86 167 167 167 167 167 167 167 167 167 167 167 167 167 167 167 167 410 410 410 410 410 410 410 410 410 410 410 ]
cf = [ 39.3399 39.3399 39.3399 39.3399 39.3399 39.3399 39.3399 39.3399 39.3399 39.3399 39.3399 39.3399 39.3399 39.3399 39.3399 39.3399 59.4658 59.4658 59.4658 59.4658 59.4658 59.4658 59.4658 59.4658 59.4658 59.4658 59.4658 59.4658 23.592 23.592 23.592 23.592 60.0638 57.0091 57.0091 57.0091 57.0091 57.0091 57.0091 57.0091 57.0091 57.0091 57.0091 57.0091 57.0091 57.0091 57.0091 57.0091 57.0091 57.0091 57.0091 57.0091 57.0091 61.4256 61.4256 61.4256 61.4256 61.4256 61.4256 61.4256 61.4256 61.4256 61.4256 61.4256 61.4256 61.4256 61.4256 61.4256 61.4256 67.783 67.783 67.783 67.783 67.783 67.783 67.783 67.783 67.783 67.783 67.783 ]
c0 = [ 182 182 182 182 182 182 182 182 182 182 182 182 182 182 182 182 96 96 96 96 96 96 96 96 96 96 96 96 83 83 83 83 242 90 90 90 90 90 90 90 90 90 90 90 90 90 90 90 90 90 90 90 90 140 140 140 140 140 140 140 140 140 140 140 140 140 140 140 140 250 250 250 250 250 250 250 250 250 250 250 ]
cp = [ 16.6475 16.6475 16.6475 16.6475 16.6475 16.6475 16.6475 16.6475 16.6475 16.6475 16.6475 16.6475 16.6475 16.6475 16.6475 16.6475 35.8702 35.8702 35.8702 35.8702 35.8702 35.8702 35.8702 35.8702 35.8702 35.8702 35.8702 35.8702 28.7628 28.7628 28.7628 28.7628 15.8746 34.6977 34.6977 34.6977 34.6977 34.6977 34.6977 34.6977 34.6977 34.6977 34.6977 34.6977 34.6977 34.6977 34.6977 34.6977 34.6977 34.6977 34.6977 34.6977 34.6977 33.8439 33.8439 33.8439 33.8439 33.8439 33.8439 33.8439 33.8439 33.8439 33.8439 33.8439 33.8439 33.8439 33.8439 33.8439 33.8439 10.8849 10.8849 10.8849 10.8849 10.8849 10.8849 10.8849 10.8849 10.8849 10.8849 10.8849 ]
D = [ 4246 5501 6326 6610 7568 8412 9170 9739 10697 11204 12178 13085 13824 12225 11021 10268 8695 7745 8798 9796 11144 9300 7624 5858 3980 4847 5611 6158 7086 7990 8731 9120 10019 10565 11769 12411 13168 12133 10989 10197 9153 7829 9457 10216 11664 9487 8029 5641 ]
K = 7
nk = [ 1 1 1 1 1 1 1 1 1 1 1 1 1 1 1 1 2 2 2 2 2 2 2 2 2 2 2 2 3 3 3 3 4 5 5 5 5 5 5 5 5 5 5 5 5 5 5 5 5 5 5 5 5 6 6 6 6 6 6 6 6 6 6 6 6 6 6 6 6 7 7 7 7 7 7 7 7 7 7 7 ]
First = [ 1 0 0 0 0 0 0 0 0 0 0 0 0 0 0 0 1 0 0 0 0 0 0 0 0 0 0 0 1 0 0 0 1 1 0 0 0 0 0 0 0 0 0 0 0 0 0 0 0 0 0 0 0 1 0 0 0 0 0 0 0 0 0 0 0 0 0 0 0 1 0 0 0 0 0 0 0 0 0 0 ]
Last = [ 0 0 0 0 0 0 0 0 0 0 0 0 0 0 0 1 0 0 0 0 0 0 0 0 0 0 0 1 0 0 0 1 1 0 0 0 0 0 0 0 0 0 0 0 0 0 0 0 0 0 0 0 1 0 0 0 0 0 0 0 0 0 0 0 0 0 0 0 1 0 0 0 0 0 0 0 0 0 0 1 ]
nS = 1
S = [ 0 1 2 3 4 5 6 7 8 9 10 11 12 13 14 15 16 17 18 19 20 21 22 23 24 25 26 27 28 29 30 31 32 33 34 35 36 37 38 39 40 41 42 43 44 45 46 47 48 49 50 51 52 53 54 55 56 57 58 59 60 61 62 63 64 65 66 67 68 69 70 71 72 73 74 75 76 77 78 79 ]
