n = 80 ; 
T = 48 ; 
Init = [ 0 0 0 0 0 0 1 1 1 1 1 1 1 1 1 1 1 1 1 1 1 1 1 1 1 1 1 1 1 1 1 1 1 1 1 1 1 1 1 1 1 1 1 1 1 1 1 1 1 1 1 1 1 1 1 1 1 1 1 1 1 1 1 1 1 1 1 1 1 1 1 1 1 1 1 1 1 1 1 1 ]
L = [ 2 2 2 2 2 2 7 7 7 7 7 7 7 7 7 7 7 7 7 7 7 7 7 7 7 7 7 7 7 7 7 7 7 7 7 7 7 7 7 9 9 9 9 9 9 9 9 9 9 9 9 7 7 7 7 7 7 7 7 7 7 7 7 7 7 7 7 7 7 7 7 9 9 9 9 9 9 9 9 9 ]
l = [ 2 2 2 2 2 2 7 7 7 7 7 7 7 7 7 7 7 7 7 7 7 7 7 7 7 7 7 7 7 7 7 7 7 7 7 7 7 7 7 9 9 9 9 9 9 9 9 9 9 9 9 7 7 7 7 7 7 7 7 7 7 7 7 7 7 7 7 7 7 7 7 9 9 9 9 9 9 9 9 9 ]
Pmin = [ 18 18 18 18 18 18 78 78 78 78 78 78 78 78 78 78 78 78 78 78 78 78 78 78 78 78 78 78 78 78 78 78 78 78 78 78 78 78 78 95 95 95 95 95 95 95 95 95 95 95 95 77 77 77 77 77 77 77 77 77 77 77 77 77 77 77 77 77 77 77 77 100 100 100 100 100 100 100 100 100 ]
Pmax = [ 41 41 41 41 41 41 294 294 294 294 294 294 294 294 294 294 294 294 294 294 294 294 294 294 294 294 294 294 294 294 294 294 294 294 294 294 294 294 294 393 393 393 393 393 393 393 393 393 393 393 393 303 303 303 303 303 303 303 303 303 303 303 303 303 303 303 303 303 303 303 303 395 395 395 395 395 395 395 395 395 ]
cf = [ 42.5466 42.5466 42.5466 42.5466 42.5466 42.5466 56.8094 56.8094 56.8094 56.8094 56.8094 56.8094 56.8094 56.8094 56.8094 56.8094 56.8094 56.8094 56.8094 56.8094 56.8094 56.8094 56.8094 56.8094 56.8094 56.8094 56.8094 56.8094 56.8094 56.8094 56.8094 56.8094 56.8094 56.8094 56.8094 56.8094 56.8094 56.8094 56.8094 32.213 32.213 32.213 32.213 32.213 32.213 32.213 32.213 32.213 32.213 32.213 32.213 65.64 65.64 65.64 65.64 65.64 65.64 65.64 65.64 65.64 65.64 65.64 65.64 65.64 65.64 65.64 65.64 65.64 65.64 65.64 65.64 69.1739 69.1739 69.1739 69.1739 69.1739 69.1739 69.1739 69.1739 69.1739 ]
c0 = [ 57 57 57 57 57 57 214 214 214 214 214 214 214 214 214 214 214 214 214 214 214 214 214 214 214 214 214 214 214 214 214 214 214 214 214 214 214 214 214 250 250 250 250 250 250 250 250 250 250 250 250 212 212 212 212 212 212 212 212 212 212 212 212 212 212 212 212 212 212 212 212 250 250 250 250 250 250 250 250 250 ]
cp = [ 41.6644 41.6644 41.6644 41.6644 41.6644 41.6644 14.0302 14.0302 14.0302 14.0302 14.0302 14.0302 14.0302 14.0302 14.0302 14.0302 14.0302 14.0302 14.0302 14.0302 14.0302 14.0302 14.0302 14.0302 14.0302 14.0302 14.0302 14.0302 14.0302 14.0302 14.0302 14.0302 14.0302 14.0302 14.0302 14.0302 14.0302 14.0302 14.0302 12.0998 12.0998 12.0998 12.0998 12.0998 12.0998 12.0998 12.0998 12.0998 12.0998 12.0998 12.0998 20.3094 20.3094 20.3094 20.3094 20.3094 20.3094 20.3094 20.3094 20.3094 20.3094 20.3094 20.3094 20.3094 20.3094 20.3094 20.3094 20.3094 20.3094 20.3094 20.3094 12.7988 12.7988 12.7988 12.7988 12.7988 12.7988 12.7988 12.7988 12.7988 ]
D = [ 6180 7290 8715 10008 11398 12229 14048 14656 16095 17127 18423 20245 21172 19171 17750 15412 13664 11694 13920 16046 18033 15177 12691 9612 7265 7783 9102 9624 11301 11703 13348 14618 15602 16616 17115 18864 19937 18481 16408 14779 13742 12141 13971 16170 18266 15273 11539 8469 ]
K = 5
nk = [ 1 1 1 1 1 1 2 2 2 2 2 2 2 2 2 2 2 2 2 2 2 2 2 2 2 2 2 2 2 2 2 2 2 2 2 2 2 2 2 3 3 3 3 3 3 3 3 3 3 3 3 4 4 4 4 4 4 4 4 4 4 4 4 4 4 4 4 4 4 4 4 5 5 5 5 5 5 5 5 5 ]
First = [ 1 0 0 0 0 0 1 0 0 0 0 0 0 0 0 0 0 0 0 0 0 0 0 0 0 0 0 0 0 0 0 0 0 0 0 0 0 0 0 1 0 0 0 0 0 0 0 0 0 0 0 1 0 0 0 0 0 0 0 0 0 0 0 0 0 0 0 0 0 0 0 1 0 0 0 0 0 0 0 0 ]
Last = [ 0 0 0 0 0 1 0 0 0 0 0 0 0 0 0 0 0 0 0 0 0 0 0 0 0 0 0 0 0 0 0 0 0 0 0 0 0 0 1 0 0 0 0 0 0 0 0 0 0 0 1 0 0 0 0 0 0 0 0 0 0 0 0 0 0 0 0 0 0 0 1 0 0 0 0 0 0 0 0 1 ]
nS = 1
S = [ 0 1 2 3 4 5 6 7 8 9 10 11 12 13 14 15 16 17 18 19 20 21 22 23 24 25 26 27 28 29 30 31 32 33 34 35 36 37 38 39 40 41 42 43 44 45 46 47 48 49 50 51 52 53 54 55 56 57 58 59 60 61 62 63 64 65 66 67 68 69 70 71 72 73 74 75 76 77 78 79 ]
