n = 80 ; 
T = 48 ; 
Init = [ 0 0 0 0 0 0 0 0 0 0 0 0 0 0 0 0 0 0 0 0 0 0 0 0 0 0 0 0 1 1 1 1 1 1 1 1 1 1 1 1 1 1 1 1 1 1 1 1 1 1 1 1 1 1 1 1 1 1 1 1 1 1 1 1 1 1 1 1 1 1 1 1 1 1 1 1 1 1 1 1 ]
L = [ 7 7 7 7 7 7 7 3 3 3 3 3 3 3 3 3 3 3 3 3 3 3 3 3 3 3 3 3 5 5 5 5 5 5 5 5 5 5 5 5 5 5 5 5 5 5 5 5 5 5 9 9 9 9 9 9 9 9 9 9 9 9 9 9 9 9 9 9 9 9 9 9 9 9 9 9 9 9 9 9 ]
l = [ 7 7 7 7 7 7 7 3 3 3 3 3 3 3 3 3 3 3 3 3 3 3 3 3 3 3 3 3 5 5 5 5 5 5 5 5 5 5 5 5 5 5 5 5 5 5 5 5 5 5 9 9 9 9 9 9 9 9 9 9 9 9 9 9 9 9 9 9 9 9 9 9 9 9 9 9 9 9 9 9 ]
Pmin = [ 84 84 84 84 84 84 84 29 29 29 29 29 29 29 29 29 29 29 29 29 29 29 29 29 29 29 29 29 57 57 57 57 57 57 57 57 57 57 57 57 57 57 57 57 57 57 57 57 57 57 100 100 100 100 100 100 100 100 100 100 100 100 100 100 100 100 100 100 100 100 100 100 100 100 100 100 100 100 100 100 ]
Pmax = [ 326 326 326 326 326 326 326 80 80 80 80 80 80 80 80 80 80 80 80 80 80 80 80 80 80 80 80 80 209 209 209 209 209 209 209 209 209 209 209 209 209 209 209 209 209 209 209 209 209 209 391 391 391 391 391 391 391 391 391 391 391 391 391 391 391 391 391 391 391 391 391 391 391 391 391 391 391 391 391 391 ]
cf = [ 60.2727 60.2727 60.2727 60.2727 60.2727 60.2727 60.2727 16.9708 16.9708 16.9708 16.9708 16.9708 16.9708 16.9708 16.9708 16.9708 16.9708 16.9708 16.9708 16.9708 16.9708 16.9708 16.9708 16.9708 16.9708 16.9708 16.9708 16.9708 40.6148 40.6148 40.6148 40.6148 40.6148 40.6148 40.6148 40.6148 40.6148 40.6148 40.6148 40.6148 40.6148 40.6148 40.6148 40.6148 40.6148 40.6148 40.6148 40.6148 40.6148 40.6148 13.6149 13.6149 13.6149 13.6149 13.6149 13.6149 13.6149 13.6149 13.6149 13.6149 13.6149 13.6149 13.6149 13.6149 13.6149 13.6149 13.6149 13.6149 13.6149 13.6149 13.6149 13.6149 13.6149 13.6149 13.6149 13.6149 13.6149 13.6149 13.6149 13.6149 ]
c0 = [ 227 227 227 227 227 227 227 102 102 102 102 102 102 102 102 102 102 102 102 102 102 102 102 102 102 102 102 102 167 167 167 167 167 167 167 167 167 167 167 167 167 167 167 167 167 167 167 167 167 167 250 250 250 250 250 250 250 250 250 250 250 250 250 250 250 250 250 250 250 250 250 250 250 250 250 250 250 250 250 250 ]
cp = [ 14.2429 14.2429 14.2429 14.2429 14.2429 14.2429 14.2429 35.8062 35.8062 35.8062 35.8062 35.8062 35.8062 35.8062 35.8062 35.8062 35.8062 35.8062 35.8062 35.8062 35.8062 35.8062 35.8062 35.8062 35.8062 35.8062 35.8062 35.8062 25.4114 25.4114 25.4114 25.4114 25.4114 25.4114 25.4114 25.4114 25.4114 25.4114 25.4114 25.4114 25.4114 25.4114 25.4114 25.4114 25.4114 25.4114 25.4114 25.4114 25.4114 25.4114 19.1786 19.1786 19.1786 19.1786 19.1786 19.1786 19.1786 19.1786 19.1786 19.1786 19.1786 19.1786 19.1786 19.1786 19.1786 19.1786 19.1786 19.1786 19.1786 19.1786 19.1786 19.1786 19.1786 19.1786 19.1786 19.1786 19.1786 19.1786 19.1786 19.1786 ]
D = [ 5538 6938 7655 8353 9357 10306 11642 12828 13230 13910 15351 16512 17353 15637 13715 12909 11416 9315 11149 12489 14340 12288 9896 7626 5800 6613 7561 8227 9635 10348 11085 12510 12814 13804 14697 15561 17059 15107 14429 12630 11059 10254 11396 12969 14590 12568 10677 8570 ]
K = 4
nk = [ 1 1 1 1 1 1 1 2 2 2 2 2 2 2 2 2 2 2 2 2 2 2 2 2 2 2 2 2 3 3 3 3 3 3 3 3 3 3 3 3 3 3 3 3 3 3 3 3 3 3 4 4 4 4 4 4 4 4 4 4 4 4 4 4 4 4 4 4 4 4 4 4 4 4 4 4 4 4 4 4 ]
First = [ 1 0 0 0 0 0 0 1 0 0 0 0 0 0 0 0 0 0 0 0 0 0 0 0 0 0 0 0 1 0 0 0 0 0 0 0 0 0 0 0 0 0 0 0 0 0 0 0 0 0 1 0 0 0 0 0 0 0 0 0 0 0 0 0 0 0 0 0 0 0 0 0 0 0 0 0 0 0 0 0 ]
Last = [ 0 0 0 0 0 0 1 0 0 0 0 0 0 0 0 0 0 0 0 0 0 0 0 0 0 0 0 1 0 0 0 0 0 0 0 0 0 0 0 0 0 0 0 0 0 0 0 0 0 1 0 0 0 0 0 0 0 0 0 0 0 0 0 0 0 0 0 0 0 0 0 0 0 0 0 0 0 0 0 1 ]
nS = 1
S = [ 0 1 2 3 4 5 6 7 8 9 10 11 12 13 14 15 16 17 18 19 20 21 22 23 24 25 26 27 28 29 30 31 32 33 34 35 36 37 38 39 40 41 42 43 44 45 46 47 48 49 50 51 52 53 54 55 56 57 58 59 60 61 62 63 64 65 66 67 68 69 70 71 72 73 74 75 76 77 78 79 ]
