n = 80 ; 
T = 48 ; 
Init = [ 1 1 1 1 1 1 1 1 1 1 1 0 0 0 0 0 0 0 0 0 0 0 0 0 0 0 0 1 1 1 1 1 1 1 1 1 1 1 1 1 1 1 1 1 1 1 1 1 1 1 1 1 1 1 1 1 1 1 1 1 1 1 1 1 1 1 1 1 1 1 1 1 1 1 1 1 1 1 1 1 ]
L = [ 2 2 2 2 2 2 2 2 2 5 5 5 5 5 5 5 5 5 5 5 5 5 5 5 5 5 5 8 8 8 8 8 8 8 8 8 8 7 7 7 7 7 7 9 9 9 9 9 9 9 9 9 9 9 9 9 9 9 9 6 6 6 6 6 6 6 6 6 6 6 6 6 6 6 6 6 6 6 6 6 ]
l = [ 2 2 2 2 2 2 2 2 2 5 5 5 5 5 5 5 5 5 5 5 5 5 5 5 5 5 5 8 8 8 8 8 8 8 8 8 8 7 7 7 7 7 7 9 9 9 9 9 9 9 9 9 9 9 9 9 9 9 9 6 6 6 6 6 6 6 6 6 6 6 6 6 6 6 6 6 6 6 6 6 ]
Pmin = [ 23 23 23 23 23 23 23 23 23 60 60 58 58 58 58 58 58 58 58 58 58 58 58 58 58 58 58 93 93 93 93 93 93 93 93 93 93 73 73 73 73 73 73 91 91 91 91 91 91 91 91 91 91 91 91 91 91 91 91 66 66 66 66 66 66 66 66 66 66 66 66 66 66 66 66 66 66 66 66 66 ]
Pmax = [ 65 65 65 65 65 65 65 65 65 228 228 214 214 214 214 214 214 214 214 214 214 214 214 214 214 214 214 357 357 357 357 357 357 357 357 357 357 280 280 280 280 280 280 354 354 354 354 354 354 354 354 354 354 354 354 354 354 354 354 262 262 262 262 262 262 262 262 262 262 262 262 262 262 262 262 262 262 262 262 262 ]
cf = [ 23.9164 23.9164 23.9164 23.9164 23.9164 23.9164 23.9164 23.9164 23.9164 62.6808 62.6808 45.7104 45.7104 45.7104 45.7104 45.7104 45.7104 45.7104 45.7104 45.7104 45.7104 45.7104 45.7104 45.7104 45.7104 45.7104 45.7104 49.9898 49.9898 49.9898 49.9898 49.9898 49.9898 49.9898 49.9898 49.9898 49.9898 39.5556 39.5556 39.5556 39.5556 39.5556 39.5556 35.1691 35.1691 35.1691 35.1691 35.1691 35.1691 35.1691 35.1691 35.1691 35.1691 35.1691 35.1691 35.1691 35.1691 35.1691 35.1691 57.1295 57.1295 57.1295 57.1295 57.1295 57.1295 57.1295 57.1295 57.1295 57.1295 57.1295 57.1295 57.1295 57.1295 57.1295 57.1295 57.1295 57.1295 57.1295 57.1295 57.1295 ]
c0 = [ 77 77 77 77 77 77 77 77 77 156 156 169 169 169 169 169 169 169 169 169 169 169 169 169 169 169 169 247 247 247 247 247 247 247 247 247 247 190 190 190 190 190 190 240 240 240 240 240 240 240 240 240 240 240 240 240 240 240 240 170 170 170 170 170 170 170 170 170 170 170 170 170 170 170 170 170 170 170 170 170 ]
cp = [ 41.344 41.344 41.344 41.344 41.344 41.344 41.344 41.344 41.344 20.9969 20.9969 27.8783 27.8783 27.8783 27.8783 27.8783 27.8783 27.8783 27.8783 27.8783 27.8783 27.8783 27.8783 27.8783 27.8783 27.8783 27.8783 21.6742 21.6742 21.6742 21.6742 21.6742 21.6742 21.6742 21.6742 21.6742 21.6742 15.4752 15.4752 15.4752 15.4752 15.4752 15.4752 13.6984 13.6984 13.6984 13.6984 13.6984 13.6984 13.6984 13.6984 13.6984 13.6984 13.6984 13.6984 13.6984 13.6984 13.6984 13.6984 17.9926 17.9926 17.9926 17.9926 17.9926 17.9926 17.9926 17.9926 17.9926 17.9926 17.9926 17.9926 17.9926 17.9926 17.9926 17.9926 17.9926 17.9926 17.9926 17.9926 17.9926 ]
D = [ 4172 5523 6155 7993 8759 10144 11406 12127 13768 14311 16139 16763 17978 16734 15097 12939 11289 9689 11914 14603 16511 13827 11201 8325 5409 6284 7390 8935 9280 10228 11377 12781 13829 14537 15586 16016 17391 16266 14277 12706 11548 9842 11827 14277 16350 13308 10785 7989 ]
K = 7
nk = [ 1 1 1 1 1 1 1 1 1 2 2 3 3 3 3 3 3 3 3 3 3 3 3 3 3 3 3 4 4 4 4 4 4 4 4 4 4 5 5 5 5 5 5 6 6 6 6 6 6 6 6 6 6 6 6 6 6 6 6 7 7 7 7 7 7 7 7 7 7 7 7 7 7 7 7 7 7 7 7 7 ]
First = [ 1 0 0 0 0 0 0 0 0 1 0 1 0 0 0 0 0 0 0 0 0 0 0 0 0 0 0 1 0 0 0 0 0 0 0 0 0 1 0 0 0 0 0 1 0 0 0 0 0 0 0 0 0 0 0 0 0 0 0 1 0 0 0 0 0 0 0 0 0 0 0 0 0 0 0 0 0 0 0 0 ]
Last = [ 0 0 0 0 0 0 0 0 1 0 1 0 0 0 0 0 0 0 0 0 0 0 0 0 0 0 1 0 0 0 0 0 0 0 0 0 1 0 0 0 0 0 1 0 0 0 0 0 0 0 0 0 0 0 0 0 0 0 1 0 0 0 0 0 0 0 0 0 0 0 0 0 0 0 0 0 0 0 0 1 ]
nS = 1
S = [ 0 1 2 3 4 5 6 7 8 9 10 11 12 13 14 15 16 17 18 19 20 21 22 23 24 25 26 27 28 29 30 31 32 33 34 35 36 37 38 39 40 41 42 43 44 45 46 47 48 49 50 51 52 53 54 55 56 57 58 59 60 61 62 63 64 65 66 67 68 69 70 71 72 73 74 75 76 77 78 79 ]
