n = 80 ; 
T = 48 ; 
Init = [ 0 0 0 0 0 1 1 1 1 1 1 1 0 0 0 0 0 0 0 1 1 1 1 1 1 1 1 1 1 1 1 1 0 0 0 0 0 0 0 0 0 0 0 0 0 0 1 1 1 1 1 1 1 1 1 1 1 1 1 1 1 1 1 1 1 1 1 1 1 1 1 1 1 1 1 1 1 1 1 1 ]
L = [ 4 4 4 4 4 6 6 6 6 6 6 6 8 8 8 8 8 8 8 7 7 7 7 7 7 7 7 7 7 7 7 7 2 2 2 2 2 2 2 2 2 2 2 2 8 8 5 5 5 5 5 9 9 9 9 9 9 9 9 9 9 9 9 9 9 9 9 9 9 9 9 9 9 9 9 9 6 6 6 6 ]
l = [ 4 4 4 4 4 6 6 6 6 6 6 6 8 8 8 8 8 8 8 7 7 7 7 7 7 7 7 7 7 7 7 7 2 2 2 2 2 2 2 2 2 2 2 2 8 8 5 5 5 5 5 9 9 9 9 9 9 9 9 9 9 9 9 9 9 9 9 9 9 9 9 9 9 9 9 9 6 6 6 6 ]
Pmin = [ 40 40 40 40 40 62 62 62 62 62 62 62 89 89 89 89 89 89 89 73 73 73 73 73 73 73 73 73 73 73 73 73 18 18 18 18 18 18 18 18 18 18 18 18 83 83 59 59 59 59 59 100 100 100 100 100 100 100 100 100 100 100 100 99 99 99 99 99 99 99 99 99 99 99 99 92 65 65 65 65 ]
Pmax = [ 145 145 145 145 145 252 252 252 252 252 252 252 335 335 335 335 335 335 335 268 268 268 268 268 268 268 268 268 268 268 268 268 49 49 49 49 49 49 49 49 49 49 49 49 313 313 224 224 224 224 224 412 412 412 412 412 412 412 412 412 412 412 412 392 392 392 392 392 392 392 392 392 392 392 392 347 238 238 238 238 ]
cf = [ 30.0035 30.0035 30.0035 30.0035 30.0035 36.4586 36.4586 36.4586 36.4586 36.4586 36.4586 36.4586 38.9551 38.9551 38.9551 38.9551 38.9551 38.9551 38.9551 10.7698 10.7698 10.7698 10.7698 10.7698 10.7698 10.7698 10.7698 10.7698 10.7698 10.7698 10.7698 10.7698 50.9309 50.9309 50.9309 50.9309 50.9309 50.9309 50.9309 50.9309 50.9309 50.9309 50.9309 50.9309 19.2443 19.2443 54.4464 54.4464 54.4464 54.4464 54.4464 39.2263 39.2263 39.2263 39.2263 39.2263 39.2263 39.2263 39.2263 39.2263 39.2263 39.2263 39.2263 37.6281 37.6281 37.6281 37.6281 37.6281 37.6281 37.6281 37.6281 37.6281 37.6281 37.6281 37.6281 26.8599 28.9919 28.9919 28.9919 28.9919 ]
c0 = [ 108 108 108 108 108 163 163 163 163 163 163 163 228 228 228 228 228 228 228 193 193 193 193 193 193 193 193 193 193 193 193 193 71 71 71 71 71 71 71 71 71 71 71 71 229 229 160 160 160 160 160 250 250 250 250 250 250 250 250 250 250 250 250 250 250 250 250 250 250 250 250 250 250 250 250 246 173 173 173 173 ]
cp = [ 37.7604 37.7604 37.7604 37.7604 37.7604 26.4241 26.4241 26.4241 26.4241 26.4241 26.4241 26.4241 19.0693 19.0693 19.0693 19.0693 19.0693 19.0693 19.0693 14.4742 14.4742 14.4742 14.4742 14.4742 14.4742 14.4742 14.4742 14.4742 14.4742 14.4742 14.4742 14.4742 39.1778 39.1778 39.1778 39.1778 39.1778 39.1778 39.1778 39.1778 39.1778 39.1778 39.1778 39.1778 16.6855 16.6855 19.5842 19.5842 19.5842 19.5842 19.5842 9.65921 9.65921 9.65921 9.65921 9.65921 9.65921 9.65921 9.65921 9.65921 9.65921 9.65921 9.65921 23.8314 23.8314 23.8314 23.8314 23.8314 23.8314 23.8314 23.8314 23.8314 23.8314 23.8314 23.8314 15.709 18.3442 18.3442 18.3442 18.3442 ]
D = [ 6760 7636 8173 9947 10271 12008 12620 14051 14791 16046 16822 17438 19102 16925 15220 14159 12093 10234 12368 14613 16444 13429 10483 7197 4802 5792 6548 7757 9112 9742 11103 12294 13364 14256 15151 16439 17071 15988 14618 13168 12033 10391 12577 14421 16105 12926 10718 7652 ]
K = 11
nk = [ 1 1 1 1 1 2 2 2 2 2 2 2 3 3 3 3 3 3 3 4 4 4 4 4 4 4 4 4 4 4 4 4 5 5 5 5 5 5 5 5 5 5 5 5 6 6 7 7 7 7 7 8 8 8 8 8 8 8 8 8 8 8 8 9 9 9 9 9 9 9 9 9 9 9 9 10 11 11 11 11 ]
First = [ 1 0 0 0 0 1 0 0 0 0 0 0 1 0 0 0 0 0 0 1 0 0 0 0 0 0 0 0 0 0 0 0 1 0 0 0 0 0 0 0 0 0 0 0 1 0 1 0 0 0 0 1 0 0 0 0 0 0 0 0 0 0 0 1 0 0 0 0 0 0 0 0 0 0 0 1 1 0 0 0 ]
Last = [ 0 0 0 0 1 0 0 0 0 0 0 1 0 0 0 0 0 0 1 0 0 0 0 0 0 0 0 0 0 0 0 1 0 0 0 0 0 0 0 0 0 0 0 1 0 1 0 0 0 0 1 0 0 0 0 0 0 0 0 0 0 0 1 0 0 0 0 0 0 0 0 0 0 0 1 1 0 0 0 1 ]
nS = 1
S = [ 0 1 2 3 4 5 6 7 8 9 10 11 12 13 14 15 16 17 18 19 20 21 22 23 24 25 26 27 28 29 30 31 32 33 34 35 36 37 38 39 40 41 42 43 44 45 46 47 48 49 50 51 52 53 54 55 56 57 58 59 60 61 62 63 64 65 66 67 68 69 70 71 72 73 74 75 76 77 78 79 ]
