n = 80 ; 
T = 48 ; 
Init = [ 0 1 1 1 1 1 1 1 1 1 1 1 1 1 1 1 1 1 1 1 1 1 1 1 1 1 1 1 1 1 0 0 0 0 0 0 0 0 0 0 0 0 0 0 0 0 0 0 0 0 0 0 1 1 1 1 1 1 1 1 1 1 1 1 1 1 1 1 1 1 1 1 1 1 1 1 1 1 1 1 ]
L = [ 10 6 6 6 6 6 6 6 6 6 6 6 6 6 6 6 6 6 6 6 6 6 6 6 6 6 5 5 5 5 9 9 9 9 9 2 2 2 2 2 2 2 2 2 2 2 2 2 2 2 2 2 4 4 4 4 4 4 4 4 4 4 4 4 4 4 4 4 4 4 7 7 7 7 7 7 7 7 7 7 ]
l = [ 10 6 6 6 6 6 6 6 6 6 6 6 6 6 6 6 6 6 6 6 6 6 6 6 6 6 5 5 5 5 9 9 9 9 9 2 2 2 2 2 2 2 2 2 2 2 2 2 2 2 2 2 4 4 4 4 4 4 4 4 4 4 4 4 4 4 4 4 4 4 7 7 7 7 7 7 7 7 7 7 ]
Pmin = [ 100 74 74 74 74 74 74 74 74 74 74 74 74 74 74 74 74 74 74 74 74 74 74 74 74 74 59 59 59 59 89 89 89 89 89 17 17 17 17 17 17 17 17 17 17 17 17 17 17 17 17 17 43 43 43 43 43 43 43 43 43 43 43 43 43 43 43 43 43 43 67 67 67 67 67 67 67 67 67 67 ]
Pmax = [ 410 269 269 269 269 269 269 269 269 269 269 269 269 269 269 269 269 269 269 269 269 269 269 269 269 269 222 222 222 222 367 367 367 367 367 57 57 57 57 57 57 57 57 57 57 57 57 57 57 57 57 57 136 136 136 136 136 136 136 136 136 136 136 136 136 136 136 136 136 136 271 271 271 271 271 271 271 271 271 271 ]
cf = [ 20.5526 41.5044 41.5044 41.5044 41.5044 41.5044 41.5044 41.5044 41.5044 41.5044 41.5044 41.5044 41.5044 41.5044 41.5044 41.5044 41.5044 41.5044 41.5044 41.5044 41.5044 41.5044 41.5044 41.5044 41.5044 41.5044 47.1407 47.1407 47.1407 47.1407 57.8808 57.8808 57.8808 57.8808 57.8808 15.1544 15.1544 15.1544 15.1544 15.1544 15.1544 15.1544 15.1544 15.1544 15.1544 15.1544 15.1544 15.1544 15.1544 15.1544 15.1544 15.1544 39.1573 39.1573 39.1573 39.1573 39.1573 39.1573 39.1573 39.1573 39.1573 39.1573 39.1573 39.1573 39.1573 39.1573 39.1573 39.1573 39.1573 39.1573 27.8623 27.8623 27.8623 27.8623 27.8623 27.8623 27.8623 27.8623 27.8623 27.8623 ]
c0 = [ 250 188 188 188 188 188 188 188 188 188 188 188 188 188 188 188 188 188 188 188 188 188 188 188 188 188 170 170 170 170 243 243 243 243 243 69 69 69 69 69 69 69 69 69 69 69 69 69 69 69 69 69 121 121 121 121 121 121 121 121 121 121 121 121 121 121 121 121 121 121 186 186 186 186 186 186 186 186 186 186 ]
cp = [ 9.09538 22.1401 22.1401 22.1401 22.1401 22.1401 22.1401 22.1401 22.1401 22.1401 22.1401 22.1401 22.1401 22.1401 22.1401 22.1401 22.1401 22.1401 22.1401 22.1401 22.1401 22.1401 22.1401 22.1401 22.1401 22.1401 24.1265 24.1265 24.1265 24.1265 16.7659 16.7659 16.7659 16.7659 16.7659 41.1902 41.1902 41.1902 41.1902 41.1902 41.1902 41.1902 41.1902 41.1902 41.1902 41.1902 41.1902 41.1902 41.1902 41.1902 41.1902 41.1902 33.6026 33.6026 33.6026 33.6026 33.6026 33.6026 33.6026 33.6026 33.6026 33.6026 33.6026 33.6026 33.6026 33.6026 33.6026 33.6026 33.6026 33.6026 19.0244 19.0244 19.0244 19.0244 19.0244 19.0244 19.0244 19.0244 19.0244 19.0244 ]
D = [ 4627 5274 6002 6519 7778 8257 8868 9686 10589 11384 12044 12875 13510 12012 10909 9958 9142 7535 9008 10602 11818 9870 7954 6080 4407 5069 5963 6318 6969 8281 8516 9546 10090 11043 11597 12837 13071 12550 11240 9961 8848 8377 9009 10294 11559 9352 7420 5462 ]
K = 7
nk = [ 1 2 2 2 2 2 2 2 2 2 2 2 2 2 2 2 2 2 2 2 2 2 2 2 2 2 3 3 3 3 4 4 4 4 4 5 5 5 5 5 5 5 5 5 5 5 5 5 5 5 5 5 6 6 6 6 6 6 6 6 6 6 6 6 6 6 6 6 6 6 7 7 7 7 7 7 7 7 7 7 ]
First = [ 1 1 0 0 0 0 0 0 0 0 0 0 0 0 0 0 0 0 0 0 0 0 0 0 0 0 1 0 0 0 1 0 0 0 0 1 0 0 0 0 0 0 0 0 0 0 0 0 0 0 0 0 1 0 0 0 0 0 0 0 0 0 0 0 0 0 0 0 0 0 1 0 0 0 0 0 0 0 0 0 ]
Last = [ 1 0 0 0 0 0 0 0 0 0 0 0 0 0 0 0 0 0 0 0 0 0 0 0 0 1 0 0 0 1 0 0 0 0 1 0 0 0 0 0 0 0 0 0 0 0 0 0 0 0 0 1 0 0 0 0 0 0 0 0 0 0 0 0 0 0 0 0 0 1 0 0 0 0 0 0 0 0 0 1 ]
nS = 1
S = [ 0 1 2 3 4 5 6 7 8 9 10 11 12 13 14 15 16 17 18 19 20 21 22 23 24 25 26 27 28 29 30 31 32 33 34 35 36 37 38 39 40 41 42 43 44 45 46 47 48 49 50 51 52 53 54 55 56 57 58 59 60 61 62 63 64 65 66 67 68 69 70 71 72 73 74 75 76 77 78 79 ]
