n = 80 ; 
T = 48 ; 
Init = [ 1 1 1 1 1 1 1 1 1 1 1 1 1 1 1 1 1 1 1 1 1 1 1 1 1 1 1 1 1 1 1 1 1 1 1 1 1 1 1 1 1 1 1 1 1 1 1 1 0 0 0 0 0 0 0 0 0 0 0 0 0 1 1 1 1 1 1 1 1 1 1 1 1 1 1 1 1 1 1 1 ]
L = [ 3 3 3 3 3 3 3 3 3 3 3 3 7 7 7 7 7 7 7 7 7 7 4 4 4 4 4 4 4 4 4 4 4 4 4 4 4 4 4 4 4 4 4 4 4 4 4 4 5 5 5 2 2 2 2 2 2 2 2 2 2 4 4 4 4 4 4 4 4 4 4 4 4 4 4 4 4 4 4 4 ]
l = [ 3 3 3 3 3 3 3 3 3 3 3 3 7 7 7 7 7 7 7 7 7 7 4 4 4 4 4 4 4 4 4 4 4 4 4 4 4 4 4 4 4 4 4 4 4 4 4 4 5 5 5 2 2 2 2 2 2 2 2 2 2 4 4 4 4 4 4 4 4 4 4 4 4 4 4 4 4 4 4 4 ]
Pmin = [ 33 33 33 33 33 33 33 33 33 33 33 33 79 79 79 79 79 79 79 79 79 79 28 28 28 28 28 28 28 28 28 28 28 28 28 28 28 28 28 28 28 28 28 28 28 28 28 28 49 49 49 25 25 25 25 25 25 25 25 25 25 42 42 42 42 42 42 42 42 42 42 42 42 42 42 42 42 42 42 42 ]
Pmax = [ 105 105 105 105 105 105 105 105 105 105 105 105 314 314 314 314 314 314 314 314 314 314 101 101 101 101 101 101 101 101 101 101 101 101 101 101 101 101 101 101 101 101 101 101 101 101 101 101 158 158 158 80 80 80 80 80 80 80 80 80 80 138 138 138 138 138 138 138 138 138 138 138 138 138 138 138 138 138 138 138 ]
cf = [ 18.4813 18.4813 18.4813 18.4813 18.4813 18.4813 18.4813 18.4813 18.4813 18.4813 18.4813 18.4813 60.2177 60.2177 60.2177 60.2177 60.2177 60.2177 60.2177 60.2177 60.2177 60.2177 47.5496 47.5496 47.5496 47.5496 47.5496 47.5496 47.5496 47.5496 47.5496 47.5496 47.5496 47.5496 47.5496 47.5496 47.5496 47.5496 47.5496 47.5496 47.5496 47.5496 47.5496 47.5496 47.5496 47.5496 47.5496 47.5496 38.0824 38.0824 38.0824 61.8457 61.8457 61.8457 61.8457 61.8457 61.8457 61.8457 61.8457 61.8457 61.8457 61.453 61.453 61.453 61.453 61.453 61.453 61.453 61.453 61.453 61.453 61.453 61.453 61.453 61.453 61.453 61.453 61.453 61.453 61.453 ]
c0 = [ 100 100 100 100 100 100 100 100 100 100 100 100 212 212 212 212 212 212 212 212 212 212 93 93 93 93 93 93 93 93 93 93 93 93 93 93 93 93 93 93 93 93 93 93 93 93 93 93 133 133 133 88 88 88 88 88 88 88 88 88 88 112 112 112 112 112 112 112 112 112 112 112 112 112 112 112 112 112 112 112 ]
cp = [ 35.2532 35.2532 35.2532 35.2532 35.2532 35.2532 35.2532 35.2532 35.2532 35.2532 35.2532 35.2532 28.317 28.317 28.317 28.317 28.317 28.317 28.317 28.317 28.317 28.317 39.3599 39.3599 39.3599 39.3599 39.3599 39.3599 39.3599 39.3599 39.3599 39.3599 39.3599 39.3599 39.3599 39.3599 39.3599 39.3599 39.3599 39.3599 39.3599 39.3599 39.3599 39.3599 39.3599 39.3599 39.3599 39.3599 26.7962 26.7962 26.7962 40.3263 40.3263 40.3263 40.3263 40.3263 40.3263 40.3263 40.3263 40.3263 40.3263 34.468 34.468 34.468 34.468 34.468 34.468 34.468 34.468 34.468 34.468 34.468 34.468 34.468 34.468 34.468 34.468 34.468 34.468 34.468 ]
D = [ 2633 3187 3396 3975 4561 5407 5981 6199 6817 7270 7943 8716 9098 8466 7814 7105 6385 5647 6368 7595 8340 7201 5724 4152 2540 3323 3924 4264 5137 5760 6129 6853 7493 7960 8745 9281 9865 8960 7854 7050 6206 5541 6653 7271 8731 7276 5718 4656 ]
K = 6
nk = [ 1 1 1 1 1 1 1 1 1 1 1 1 2 2 2 2 2 2 2 2 2 2 3 3 3 3 3 3 3 3 3 3 3 3 3 3 3 3 3 3 3 3 3 3 3 3 3 3 4 4 4 5 5 5 5 5 5 5 5 5 5 6 6 6 6 6 6 6 6 6 6 6 6 6 6 6 6 6 6 6 ]
First = [ 1 0 0 0 0 0 0 0 0 0 0 0 1 0 0 0 0 0 0 0 0 0 1 0 0 0 0 0 0 0 0 0 0 0 0 0 0 0 0 0 0 0 0 0 0 0 0 0 1 0 0 1 0 0 0 0 0 0 0 0 0 1 0 0 0 0 0 0 0 0 0 0 0 0 0 0 0 0 0 0 ]
Last = [ 0 0 0 0 0 0 0 0 0 0 0 1 0 0 0 0 0 0 0 0 0 1 0 0 0 0 0 0 0 0 0 0 0 0 0 0 0 0 0 0 0 0 0 0 0 0 0 1 0 0 1 0 0 0 0 0 0 0 0 0 1 0 0 0 0 0 0 0 0 0 0 0 0 0 0 0 0 0 0 1 ]
nS = 1
S = [ 0 1 2 3 4 5 6 7 8 9 10 11 12 13 14 15 16 17 18 19 20 21 22 23 24 25 26 27 28 29 30 31 32 33 34 35 36 37 38 39 40 41 42 43 44 45 46 47 48 49 50 51 52 53 54 55 56 57 58 59 60 61 62 63 64 65 66 67 68 69 70 71 72 73 74 75 76 77 78 79 ]
