n = 80 ; 
T = 48 ; 
Init = [ 0 0 0 0 0 0 0 0 0 0 0 0 1 1 1 0 0 0 0 0 0 0 0 0 0 0 0 0 0 0 0 0 0 0 0 0 0 0 0 0 0 0 0 0 0 0 0 0 0 1 1 1 1 1 1 1 1 1 1 1 1 1 1 1 1 1 1 1 1 1 1 1 1 1 1 1 1 1 1 1 ]
L = [ 8 8 8 8 8 8 8 8 8 8 8 8 4 4 4 3 3 3 3 3 2 2 2 2 2 2 2 2 2 4 4 4 4 4 4 4 4 4 4 4 3 3 3 3 3 3 4 4 5 8 8 8 10 10 10 10 10 10 10 10 10 10 10 10 10 4 4 4 4 4 4 4 4 4 4 7 7 7 7 7 ]
l = [ 8 8 8 8 8 8 8 8 8 8 8 8 4 4 4 3 3 3 3 3 2 2 2 2 2 2 2 2 2 4 4 4 4 4 4 4 4 4 4 4 3 3 3 3 3 3 4 4 5 8 8 8 10 10 10 10 10 10 10 10 10 10 10 10 10 4 4 4 4 4 4 4 4 4 4 7 7 7 7 7 ]
Pmin = [ 84 84 84 84 84 84 84 84 84 84 84 84 46 46 46 32 32 32 32 32 28 28 28 28 28 28 28 28 28 42 42 42 42 42 42 42 42 42 42 42 21 21 21 21 21 21 42 42 45 82 82 82 100 100 100 100 100 100 100 100 100 100 100 100 100 30 30 30 30 30 30 30 30 30 30 82 82 82 82 82 ]
Pmax = [ 323 323 323 323 323 323 323 323 323 323 323 323 162 162 162 89 89 89 89 89 69 69 69 69 69 69 69 69 69 158 158 158 158 158 158 158 158 158 158 158 76 76 76 76 76 76 143 143 168 337 337 337 420 420 420 420 420 420 420 420 420 420 420 420 420 105 105 105 105 105 105 105 105 105 105 312 312 312 312 312 ]
cf = [ 38.8769 38.8769 38.8769 38.8769 38.8769 38.8769 38.8769 38.8769 38.8769 38.8769 38.8769 38.8769 68.0382 68.0382 68.0382 65.6222 65.6222 65.6222 65.6222 65.6222 43.3748 43.3748 43.3748 43.3748 43.3748 43.3748 43.3748 43.3748 43.3748 31.186 31.186 31.186 31.186 31.186 31.186 31.186 31.186 31.186 31.186 31.186 30.0402 30.0402 30.0402 30.0402 30.0402 30.0402 15.7556 15.7556 23.4905 26.6694 26.6694 26.6694 15.4489 15.4489 15.4489 15.4489 15.4489 15.4489 15.4489 15.4489 15.4489 15.4489 15.4489 15.4489 15.4489 51.8968 51.8968 51.8968 51.8968 51.8968 51.8968 51.8968 51.8968 51.8968 51.8968 31.5917 31.5917 31.5917 31.5917 31.5917 ]
c0 = [ 226 226 226 226 226 226 226 226 226 226 226 226 124 124 124 98 98 98 98 98 82 82 82 82 82 82 82 82 82 115 115 115 115 115 115 115 115 115 115 115 79 79 79 79 79 79 118 118 123 209 209 209 250 250 250 250 250 250 250 250 250 250 250 250 250 89 89 89 89 89 89 89 89 89 89 222 222 222 222 222 ]
cp = [ 12.0207 12.0207 12.0207 12.0207 12.0207 12.0207 12.0207 12.0207 12.0207 12.0207 12.0207 12.0207 29.6609 29.6609 29.6609 40.0501 40.0501 40.0501 40.0501 40.0501 38.2512 38.2512 38.2512 38.2512 38.2512 38.2512 38.2512 38.2512 38.2512 37.0251 37.0251 37.0251 37.0251 37.0251 37.0251 37.0251 37.0251 37.0251 37.0251 37.0251 32.5099 32.5099 32.5099 32.5099 32.5099 32.5099 31.2773 31.2773 25.2124 12.7876 12.7876 12.7876 8.13688 8.13688 8.13688 8.13688 8.13688 8.13688 8.13688 8.13688 8.13688 8.13688 8.13688 8.13688 8.13688 35.725 35.725 35.725 35.725 35.725 35.725 35.725 35.725 35.725 35.725 28.327 28.327 28.327 28.327 28.327 ]
D = [ 3739 4623 5288 6348 7142 7960 9260 9890 10616 11766 12133 12965 14131 12990 12154 11080 10171 8719 10008 11171 12474 9945 8264 5591 3659 4554 5119 6505 7230 8019 8678 10072 10638 11778 12376 13257 13928 13259 11834 11083 9874 9043 10304 11938 13179 11237 9122 6154 ]
K = 12
nk = [ 1 1 1 1 1 1 1 1 1 1 1 1 2 2 2 3 3 3 3 3 4 4 4 4 4 4 4 4 4 5 5 5 5 5 5 5 5 5 5 5 6 6 6 6 6 6 7 7 8 9 9 9 10 10 10 10 10 10 10 10 10 10 10 10 10 11 11 11 11 11 11 11 11 11 11 12 12 12 12 12 ]
First = [ 1 0 0 0 0 0 0 0 0 0 0 0 1 0 0 1 0 0 0 0 1 0 0 0 0 0 0 0 0 1 0 0 0 0 0 0 0 0 0 0 1 0 0 0 0 0 1 0 1 1 0 0 1 0 0 0 0 0 0 0 0 0 0 0 0 1 0 0 0 0 0 0 0 0 0 1 0 0 0 0 ]
Last = [ 0 0 0 0 0 0 0 0 0 0 0 1 0 0 1 0 0 0 0 1 0 0 0 0 0 0 0 0 1 0 0 0 0 0 0 0 0 0 0 1 0 0 0 0 0 1 0 1 1 0 0 1 0 0 0 0 0 0 0 0 0 0 0 0 1 0 0 0 0 0 0 0 0 0 1 0 0 0 0 1 ]
nS = 1
S = [ 0 1 2 3 4 5 6 7 8 9 10 11 12 13 14 15 16 17 18 19 20 21 22 23 24 25 26 27 28 29 30 31 32 33 34 35 36 37 38 39 40 41 42 43 44 45 46 47 48 49 50 51 52 53 54 55 56 57 58 59 60 61 62 63 64 65 66 67 68 69 70 71 72 73 74 75 76 77 78 79 ]
