n = 15 ; 
T = 288 ; 
Init = [ 1 1 1 1 1 0 0 1 0 0 0 0 0 0 1 ]
L = [ 14 14 16 16 16 17 17 15 18 12 12 12 15 12 16 ]
l = [ 14 14 16 16 16 17 17 15 18 12 12 12 15 12 16 ]
Pmin = [ 73 73 90 90 90 85 85 87 96 61 61 61 74 65 86 ]
Pmax = [ 275 275 356 356 356 336 336 332 394 218 218 218 300 255 328 ]
cf = [ 19.7882 19.7882 69.1308 69.1308 69.1308 55.5068 55.5068 49.2495 57.0284 69.0945 69.0945 69.0945 40.5479 67.0921 28.9249 ]
c0 = [ 203 203 227 227 227 232 232 239 250 167 167 167 190 185 222 ]
cp = [ 26.2847 26.2847 25.0015 25.0015 25.0015 12.0355 12.0355 23.0061 10.3163 21.3335 21.3335 21.3335 11.8123 28.8335 21.1257 ]
D = [ 1248 1282 1453 1542 1664 1814 1931 2120 2135 2324 2321 2501 2651 2609 2771 2944 2936 3198 3265 3329 3395 3545 3636 3832 3969 3788 3568 3349 3221 2989 2889 2796 2489 2450 2154 2383 2544 2781 2907 3155 3289 3048 2747 2484 2272 2024 1642 1495 1166 1305 1505 1474 1742 1708 1898 1918 2133 2215 2277 2437 2572 2687 2832 2846 3093 3129 3283 3368 3545 3698 3650 3840 4054 3840 3551 3503 3357 3188 3017 2738 2594 2507 2264 2400 2657 2799 2841 3014 3123 2864 2652 2351 2092 1728 1508 1199 987 1081 1254 1283 1436 1542 1590 1737 1837 1952 2119 2296 2333 2490 2594 2627 2862 2993 2988 3248 3269 3428 3530 3653 3694 3676 3364 3231 3157 2929 2753 2642 2391 2271 2072 2443 2718 2855 3074 3332 3649 3374 2965 2657 2423 2183 1791 1493 1304 1386 1418 1604 1714 1770 1859 1899 2121 2074 2205 2284 2378 2633 2740 2724 2771 2889 3126 3196 3201 3428 3380 3625 3576 3468 3362 3220 3073 2943 2809 2607 2459 2439 2322 2488 2547 2723 2829 3010 3221 2916 2634 2397 2066 1790 1620 1236 927 1125 1292 1349 1400 1566 1798 1860 2034 2023 2260 2373 2386 2627 2635 2844 3028 3055 3130 3289 3495 3614 3721 3930 3977 3877 3643 3471 3418 3112 2949 2795 2745 2443 2403 2633 2727 2966 3134 3277 3563 3144 2942 2601 2299 1980 1541 1299 927 1124 1185 1284 1407 1637 1660 1819 2046 2074 2160 2427 2392 2514 2681 2874 2969 3085 3188 3369 3423 3689 3708 3764 3914 3709 3548 3411 3320 3146 2838 2661 2559 2369 2165 2466 2603 2885 3036 3275 3641 3242 2928 2624 2402 2130 1893 1641 ]
K = 9
nk = [ 1 1 2 2 2 3 3 4 5 6 6 6 7 8 9 ]
First = [ 1 0 1 0 0 1 0 1 1 1 0 0 1 1 1 ]
Last = [ 0 1 0 0 1 0 1 1 1 0 0 1 1 1 1 ]
nS = 1
S = [ 0 1 2 3 4 5 6 7 8 9 10 11 12 13 14 ]
