n = 15 ; 
T = 288 ; 
Init = [ 0 0 0 0 1 1 0 0 0 0 0 0 0 0 0 ]
L = [ 9 9 9 9 13 13 17 17 17 16 16 16 16 16 16 ]
l = [ 9 9 9 9 13 13 17 17 17 16 16 16 16 16 16 ]
Pmin = [ 39 39 39 39 58 58 88 88 88 85 85 85 85 85 85 ]
Pmax = [ 145 145 145 145 237 237 369 369 369 338 338 338 338 338 338 ]
cf = [ 14.9659 14.9659 14.9659 14.9659 43.1547 43.1547 21.2626 21.2626 21.2626 16.1271 16.1271 16.1271 16.1271 16.1271 16.1271 ]
c0 = [ 116 116 116 116 154 154 224 224 224 218 218 218 218 218 218 ]
cp = [ 30.5815 30.5815 30.5815 30.5815 17.3421 17.3421 23.8561 23.8561 23.8561 13.3638 13.3638 13.3638 13.3638 13.3638 13.3638 ]
D = [ 968 1044 1166 1365 1489 1522 1593 1789 1846 1967 2143 2186 2213 2331 2528 2530 2762 2834 2873 3003 3099 3272 3372 3482 3524 3325 3176 3083 2956 2790 2674 2547 2351 2082 2049 2202 2360 2456 2700 2808 3086 2806 2592 2364 2095 1804 1640 1330 1110 1131 1256 1439 1465 1651 1694 1876 1932 2002 2143 2252 2276 2393 2482 2591 2774 2794 3003 2988 3211 3273 3407 3420 3568 3385 3235 3144 2923 2855 2683 2418 2268 2117 2100 2247 2384 2679 2906 3163 3426 3040 2821 2522 2318 2084 1791 1500 1257 1321 1487 1595 1662 1723 1763 1914 1955 2051 2205 2248 2312 2393 2519 2659 2746 2741 2923 2886 3091 3068 3257 3323 3435 3212 3175 2979 2943 2804 2640 2487 2323 2237 2103 2200 2368 2635 2794 2914 3022 2851 2531 2387 2041 1759 1666 1318 1095 1154 1240 1446 1595 1611 1740 1876 1856 1958 2057 2245 2340 2380 2581 2621 2665 2832 2992 2937 3191 3280 3287 3499 3566 3401 3245 3153 2922 2915 2784 2589 2541 2395 2138 2405 2443 2649 2785 2870 3078 2833 2460 2285 1980 1708 1473 1279 1089 1164 1293 1335 1554 1556 1668 1845 1848 2064 2157 2148 2239 2465 2526 2688 2747 2926 2995 3053 3103 3241 3405 3427 3574 3354 3316 3097 2940 2759 2598 2410 2366 2061 1978 2262 2403 2708 2897 3103 3352 3018 2768 2493 2113 1819 1601 1341 1081 1113 1154 1237 1391 1542 1628 1763 1913 1972 2056 2061 2197 2344 2437 2489 2602 2680 2926 2993 3109 3200 3341 3450 3443 3367 3129 3078 2981 2755 2601 2543 2413 2198 2119 2209 2378 2620 2909 2957 3154 2944 2582 2332 2165 1793 1492 1167 ]
K = 4
nk = [ 1 1 1 1 2 2 3 3 3 4 4 4 4 4 4 ]
First = [ 1 0 0 0 1 0 1 0 0 1 0 0 0 0 0 ]
Last = [ 0 0 0 1 0 1 0 0 1 0 0 0 0 0 1 ]
nS = 1
S = [ 0 1 2 3 4 5 6 7 8 9 10 11 12 13 14 ]
