n = 15 ; 
T = 288 ; 
Init = [ 1 1 1 1 1 1 1 1 1 1 1 1 1 0 0 ]
L = [ 4 4 4 4 4 4 4 10 8 8 8 8 8 10 10 ]
l = [ 4 4 4 4 4 4 4 10 8 8 8 8 8 10 10 ]
Pmin = [ 18 18 18 18 18 18 18 52 42 42 42 42 42 47 47 ]
Pmax = [ 47 47 47 47 47 47 47 180 163 163 163 163 163 177 177 ]
cf = [ 25.6631 25.6631 25.6631 25.6631 25.6631 25.6631 25.6631 16.4277 51.8848 51.8848 51.8848 51.8848 51.8848 34.6992 34.6992 ]
c0 = [ 67 67 67 67 67 67 67 144 114 114 114 114 114 131 131 ]
cp = [ 41.9213 41.9213 41.9213 41.9213 41.9213 41.9213 41.9213 28.07 35.9439 35.9439 35.9439 35.9439 35.9439 27.3992 27.3992 ]
D = [ 487 555 544 618 673 691 687 719 785 840 885 912 957 973 981 1028 1062 1124 1171 1155 1245 1257 1317 1298 1329 1300 1220 1160 1121 1056 1018 970 936 852 775 893 923 1005 1120 1180 1215 1169 1049 924 857 777 664 595 507 519 589 588 643 643 726 772 792 817 886 878 950 994 1007 1087 1103 1101 1141 1205 1246 1256 1349 1337 1396 1351 1285 1241 1171 1133 1059 988 924 882 838 933 996 1073 1176 1219 1350 1228 1104 1013 896 814 698 626 477 516 535 631 662 696 713 764 782 854 832 865 952 941 1019 1032 1106 1144 1136 1193 1211 1284 1328 1368 1362 1348 1281 1241 1151 1136 1057 1013 932 904 851 890 984 1037 1157 1232 1253 1199 1088 977 875 738 603 539 385 453 484 571 557 601 652 742 761 821 817 861 921 950 1016 1057 1066 1133 1189 1254 1252 1307 1379 1416 1444 1389 1294 1280 1222 1148 1098 977 928 865 789 872 934 989 1052 1157 1161 1084 961 889 798 697 556 498 379 394 471 479 529 586 665 704 706 794 779 847 854 928 997 998 1075 1121 1133 1166 1190 1296 1338 1362 1359 1348 1300 1241 1160 1091 1081 1027 932 889 868 890 970 1027 1046 1154 1190 1071 990 911 825 704 651 533 456 503 504 552 605 600 688 725 765 785 848 900 885 915 993 1048 1042 1106 1143 1178 1254 1238 1279 1328 1352 1340 1271 1209 1163 1119 1064 983 947 854 849 881 935 1035 1064 1185 1199 1158 1062 928 877 754 636 539 ]
K = 4
nk = [ 1 1 1 1 1 1 1 2 3 3 3 3 3 4 4 ]
First = [ 1 0 0 0 0 0 0 1 1 0 0 0 0 1 0 ]
Last = [ 0 0 0 0 0 0 1 1 0 0 0 0 1 0 1 ]
nS = 1
S = [ 0 1 2 3 4 5 6 7 8 9 10 11 12 13 14 ]
