n = 15 ; 
T = 288 ; 
Init = [ 1 1 1 1 1 1 1 0 0 0 0 0 0 1 1 ]
L = [ 10 10 10 10 18 18 18 14 14 14 16 18 18 9 9 ]
l = [ 10 10 10 10 18 18 18 14 14 14 16 18 18 9 9 ]
Pmin = [ 45 45 45 45 94 94 94 72 72 72 78 88 88 47 47 ]
Pmax = [ 175 175 175 175 361 361 361 277 277 277 324 363 363 173 173 ]
cf = [ 10.1976 10.1976 10.1976 10.1976 12.2846 12.2846 12.2846 15.0286 15.0286 15.0286 44.6018 15.7105 15.7105 22.216 22.216 ]
c0 = [ 121 121 121 121 250 250 250 198 198 198 201 243 243 137 137 ]
cp = [ 30.1251 30.1251 30.1251 30.1251 23.8204 23.8204 23.8204 21.1005 21.1005 21.1005 14.174 12.8662 12.8662 26.6748 26.6748 ]
D = [ 1064 1164 1290 1490 1513 1579 1706 1870 1811 1976 2035 2102 2272 2338 2481 2578 2661 2764 2797 2960 3018 3148 3173 3338 3318 3270 3118 2948 2862 2605 2598 2450 2198 2062 2020 2171 2320 2464 2684 2841 3055 2799 2489 2178 1894 1633 1324 1189 921 916 1004 1177 1323 1383 1452 1645 1679 1743 1987 2027 2192 2255 2273 2410 2522 2685 2705 2830 2951 3088 3198 3326 3424 3256 3149 3055 2768 2640 2481 2487 2247 2068 1980 2069 2293 2456 2631 2781 2902 2686 2401 2211 1951 1737 1577 1323 1047 1087 1181 1404 1481 1624 1704 1796 1763 1993 1989 2081 2205 2306 2476 2458 2588 2764 2882 2859 2973 3125 3225 3350 3405 3227 3012 2957 2767 2634 2424 2385 2194 1982 1909 2033 2203 2447 2567 2768 2984 2750 2533 2363 2133 1829 1705 1347 1113 1257 1327 1468 1546 1711 1811 1906 1850 2061 2116 2158 2284 2438 2465 2650 2738 2781 2836 2918 2972 3085 3165 3304 3361 3247 3165 2962 2919 2699 2674 2546 2376 2168 2086 2351 2503 2558 2824 2987 2998 2803 2492 2274 1978 1761 1473 1172 963 1059 1075 1286 1271 1375 1513 1570 1780 1760 1937 2070 2099 2222 2348 2434 2502 2633 2731 2868 2951 2934 3038 3167 3287 3136 3043 2883 2844 2706 2503 2402 2264 2141 1994 2210 2398 2598 2773 2915 3160 2959 2681 2402 2068 1820 1530 1329 931 1107 1101 1288 1331 1446 1555 1581 1773 1902 1911 2101 2204 2245 2280 2399 2593 2586 2766 2872 2861 3035 3080 3254 3252 3135 2975 2887 2721 2607 2553 2346 2151 2154 1877 2098 2267 2472 2622 2887 2963 2786 2585 2267 2034 1931 1636 1339 ]
K = 6
nk = [ 1 1 1 1 2 2 2 3 3 3 4 5 5 6 6 ]
First = [ 1 0 0 0 1 0 0 1 0 0 1 1 0 1 0 ]
Last = [ 0 0 0 1 0 0 1 0 0 1 1 0 1 0 1 ]
nS = 1
S = [ 0 1 2 3 4 5 6 7 8 9 10 11 12 13 14 ]
