n = 15 ; 
T = 288 ; 
Init = [ 0 1 0 0 1 1 1 1 0 0 1 1 1 0 0 ]
L = [ 7 15 17 17 7 7 7 7 8 8 16 16 16 15 15 ]
l = [ 7 15 17 17 7 7 7 7 8 8 16 16 16 15 15 ]
Pmin = [ 38 77 93 93 33 33 33 33 42 42 81 81 81 79 79 ]
Pmax = [ 124 303 360 360 108 108 108 108 132 132 328 328 328 301 301 ]
cf = [ 28.895 27.0293 25.2779 25.2779 12.2466 12.2466 12.2466 12.2466 58.441 58.441 16.8636 16.8636 16.8636 30.8687 30.8687 ]
c0 = [ 111 207 239 239 90 90 90 90 125 125 219 219 219 206 206 ]
cp = [ 31.4061 24.0204 13.995 13.995 34.8739 34.8739 34.8739 34.8739 33.5308 33.5308 15.5023 15.5023 15.5023 12.094 12.094 ]
D = [ 973 1111 1136 1214 1326 1307 1515 1466 1623 1694 1808 1760 1964 1936 1997 2165 2184 2275 2319 2462 2548 2593 2709 2761 2769 2631 2588 2427 2373 2260 2091 1928 1878 1795 1635 1738 1951 2040 2156 2313 2398 2226 2072 1823 1685 1516 1360 1166 928 1042 1035 1210 1261 1349 1450 1506 1678 1735 1858 1928 1942 2032 2180 2284 2354 2387 2577 2666 2734 2865 2869 2958 3122 2889 2783 2716 2546 2350 2255 2053 1880 1826 1709 1811 1930 2137 2342 2544 2718 2430 2222 2067 1779 1630 1352 1181 968 1046 1016 1111 1226 1272 1479 1540 1634 1645 1814 1860 1897 1998 2131 2205 2341 2369 2448 2516 2557 2700 2838 2813 2898 2872 2647 2561 2446 2351 2212 2058 1956 1838 1694 1882 1988 2089 2253 2367 2530 2309 2055 1839 1770 1563 1335 1181 876 1007 1107 1229 1263 1405 1403 1470 1602 1711 1804 1808 1902 2049 2025 2222 2261 2354 2444 2458 2628 2697 2702 2860 2897 2733 2612 2537 2396 2298 2103 2038 1850 1810 1647 1836 2005 2182 2218 2436 2640 2436 2188 1878 1738 1521 1188 1005 839 837 903 1122 1126 1243 1311 1343 1529 1521 1629 1764 1857 1993 1999 2107 2256 2319 2332 2504 2547 2613 2734 2787 2884 2713 2726 2526 2466 2313 2275 2111 2006 1946 1778 1974 2055 2253 2394 2437 2540 2352 2229 1987 1710 1506 1285 1069 932 926 1057 1197 1177 1356 1410 1486 1600 1738 1818 1847 1927 2066 2038 2179 2322 2336 2442 2472 2577 2654 2757 2871 2940 2829 2717 2630 2463 2293 2240 2051 1925 1780 1646 1842 2082 2207 2393 2524 2701 2466 2260 2015 1696 1513 1185 923 ]
K = 7
nk = [ 1 2 3 3 4 4 4 4 5 5 6 6 6 7 7 ]
First = [ 1 1 1 0 1 0 0 0 1 0 1 0 0 1 0 ]
Last = [ 1 1 0 1 0 0 0 1 0 1 0 0 1 0 1 ]
nS = 1
S = [ 0 1 2 3 4 5 6 7 8 9 10 11 12 13 14 ]
