n = 15 ; 
T = 288 ; 
Init = [ 0 0 0 0 0 1 1 1 1 1 1 1 1 1 1 ]
L = [ 11 11 11 11 11 6 6 6 6 6 19 19 16 16 16 ]
l = [ 11 11 11 11 11 6 6 6 6 6 19 19 16 16 16 ]
Pmin = [ 55 55 55 55 55 31 31 31 31 31 100 100 86 86 86 ]
Pmax = [ 195 195 195 195 195 103 103 103 103 103 418 418 325 325 325 ]
cf = [ 16.6724 16.6724 16.6724 16.6724 16.6724 42.8673 42.8673 42.8673 42.8673 42.8673 67.018 67.018 25.6397 25.6397 25.6397 ]
c0 = [ 142 142 142 142 142 94 94 94 94 94 250 250 236 236 236 ]
cp = [ 31.6654 31.6654 31.6654 31.6654 31.6654 36.9334 36.9334 36.9334 36.9334 36.9334 10.7097 10.7097 16.7813 16.7813 16.7813 ]
D = [ 891 950 1007 1111 1186 1288 1279 1469 1491 1636 1641 1751 1819 1875 2031 2121 2175 2248 2296 2318 2470 2493 2650 2678 2746 2687 2597 2405 2241 2160 2043 1984 1880 1741 1574 1762 1940 2113 2279 2398 2636 2449 2190 1875 1663 1480 1175 1070 812 831 1013 1046 1095 1204 1326 1413 1526 1576 1680 1773 1908 1891 1986 2117 2223 2260 2453 2473 2616 2727 2767 2828 2999 2817 2700 2550 2436 2301 2123 2023 1950 1731 1707 1735 1942 2093 2251 2349 2592 2251 2104 1880 1565 1422 1107 939 706 728 813 930 1096 1159 1291 1318 1462 1492 1574 1759 1762 1856 1970 2108 2214 2278 2380 2510 2528 2639 2686 2794 2955 2842 2629 2584 2333 2210 2075 2034 1840 1696 1547 1686 1905 1925 2129 2267 2355 2212 1973 1767 1493 1274 1112 982 652 775 873 1052 1095 1149 1343 1395 1447 1601 1592 1765 1903 1904 2035 2064 2273 2280 2400 2540 2647 2635 2839 2934 2966 2879 2697 2547 2441 2273 2060 2020 1881 1673 1587 1690 1870 2046 2109 2379 2483 2229 2102 1905 1690 1468 1339 1106 1015 986 1113 1224 1286 1271 1417 1451 1498 1612 1648 1760 1797 1914 1920 2111 2137 2259 2269 2364 2418 2555 2625 2649 2715 2553 2534 2364 2207 2083 2028 1853 1759 1624 1487 1630 1789 1974 2078 2209 2303 2158 1984 1699 1466 1356 1056 907 624 787 904 892 1020 1084 1165 1287 1413 1436 1580 1557 1692 1715 1849 1905 2031 2163 2179 2239 2407 2479 2515 2651 2765 2673 2503 2406 2264 2222 2033 1970 1873 1848 1688 1873 1933 2139 2229 2330 2474 2271 2043 1884 1620 1441 1120 1029 ]
K = 4
nk = [ 1 1 1 1 1 2 2 2 2 2 3 3 4 4 4 ]
First = [ 1 0 0 0 0 1 0 0 0 0 1 0 1 0 0 ]
Last = [ 0 0 0 0 1 0 0 0 0 1 0 1 0 0 1 ]
nS = 1
S = [ 0 1 2 3 4 5 6 7 8 9 10 11 12 13 14 ]
