n = 15 ; 
T = 288 ; 
Init = [ 1 1 1 1 1 1 1 1 1 1 1 1 0 0 0 ]
L = [ 5 5 5 5 5 5 14 14 14 14 14 14 9 14 14 ]
l = [ 5 5 5 5 5 5 14 14 14 14 14 14 9 14 14 ]
Pmin = [ 24 24 24 24 24 24 73 73 73 73 73 73 48 73 73 ]
Pmax = [ 78 78 78 78 78 78 275 275 275 275 275 275 185 275 275 ]
cf = [ 30.4296 30.4296 30.4296 30.4296 30.4296 30.4296 18.0278 18.0278 18.0278 18.0278 18.0278 18.0278 35.2207 44.7226 44.7226 ]
c0 = [ 81 81 81 81 81 81 199 199 199 199 199 199 135 198 198 ]
cp = [ 37.9552 37.9552 37.9552 37.9552 37.9552 37.9552 15.6396 15.6396 15.6396 15.6396 15.6396 15.6396 27.876 14.7455 14.7455 ]
D = [ 677 843 823 981 1058 1110 1126 1250 1368 1457 1451 1525 1592 1731 1823 1811 1932 1982 2143 2220 2218 2301 2432 2467 2494 2439 2368 2177 2129 2013 1807 1686 1660 1472 1433 1548 1706 1861 1911 2110 2278 2025 1887 1596 1407 1284 1019 874 656 767 811 933 976 1059 1135 1177 1284 1355 1373 1408 1556 1551 1717 1767 1785 1897 1976 2050 2104 2202 2282 2294 2321 2280 2166 2038 1933 1901 1793 1679 1573 1438 1376 1470 1576 1748 1928 1955 2127 1950 1751 1583 1444 1226 1037 959 757 862 910 921 1012 1145 1152 1198 1324 1317 1471 1562 1593 1599 1668 1741 1913 1880 1997 2053 2110 2234 2325 2339 2448 2358 2203 2142 2038 1976 1822 1713 1686 1623 1455 1549 1763 1859 1929 2084 2217 1959 1838 1633 1426 1303 1102 996 719 785 860 1016 1022 1130 1162 1316 1365 1383 1491 1572 1631 1714 1775 1810 1960 1942 2105 2175 2215 2238 2393 2374 2488 2429 2302 2153 2038 1963 1892 1743 1663 1595 1415 1592 1656 1759 1904 1945 2109 1887 1761 1509 1413 1161 987 855 661 678 728 859 964 967 1084 1102 1250 1205 1359 1426 1418 1527 1551 1654 1688 1760 1921 1916 2045 2137 2105 2280 2267 2241 2098 2026 1935 1831 1697 1626 1583 1431 1422 1517 1629 1771 1930 2006 2149 1981 1759 1642 1515 1247 1164 888 743 889 969 942 1036 1134 1222 1302 1358 1466 1480 1588 1663 1761 1855 1833 1964 2009 2118 2138 2246 2295 2359 2484 2507 2399 2366 2274 2101 2034 1916 1807 1698 1586 1490 1629 1655 1799 1944 2066 2245 2015 1856 1608 1402 1264 1033 771 ]
K = 4
nk = [ 1 1 1 1 1 1 2 2 2 2 2 2 3 4 4 ]
First = [ 1 0 0 0 0 0 1 0 0 0 0 0 1 1 0 ]
Last = [ 0 0 0 0 0 1 0 0 0 0 0 1 1 0 1 ]
nS = 1
S = [ 0 1 2 3 4 5 6 7 8 9 10 11 12 13 14 ]
