n = 15 ; 
T = 288 ; 
Init = [ 1 1 1 1 1 1 1 1 1 1 1 1 0 0 1 ]
L = [ 15 15 15 15 15 8 8 8 8 8 8 8 8 8 12 ]
l = [ 15 15 15 15 15 8 8 8 8 8 8 8 8 8 12 ]
Pmin = [ 87 87 87 87 87 34 34 34 34 34 34 34 43 43 69 ]
Pmax = [ 335 335 335 335 335 128 128 128 128 128 128 128 164 164 253 ]
cf = [ 13.1748 13.1748 13.1748 13.1748 13.1748 25.4926 25.4926 25.4926 25.4926 25.4926 25.4926 25.4926 42.3096 42.3096 22.9454 ]
c0 = [ 220 220 220 220 220 98 98 98 98 98 98 98 120 120 194 ]
cp = [ 14.1374 14.1374 14.1374 14.1374 14.1374 32.2828 32.2828 32.2828 32.2828 32.2828 32.2828 32.2828 30.3877 30.3877 26.7989 ]
D = [ 836 880 983 1082 1143 1217 1271 1389 1376 1548 1527 1599 1669 1808 1841 1892 2036 2019 2090 2168 2310 2330 2350 2491 2531 2412 2350 2259 2187 2094 1965 1962 1842 1747 1645 1736 1865 2094 2233 2278 2482 2184 2010 1868 1638 1428 1141 984 692 828 877 937 974 1146 1222 1254 1386 1421 1422 1547 1568 1655 1777 1895 1989 2025 2090 2099 2177 2315 2435 2518 2583 2467 2299 2249 2200 2021 1976 1816 1825 1628 1578 1748 1849 1873 2001 2158 2268 2021 1802 1683 1447 1275 1073 856 657 735 853 872 1001 1037 1100 1271 1356 1353 1499 1608 1649 1734 1837 1923 2030 2059 2148 2203 2334 2374 2513 2542 2702 2497 2441 2262 2222 2027 2020 1811 1737 1639 1493 1733 1856 1958 2160 2286 2428 2206 1996 1861 1642 1452 1194 999 788 830 905 1062 1161 1170 1273 1417 1406 1539 1596 1725 1826 1842 1940 1988 2178 2247 2283 2332 2397 2505 2668 2751 2808 2660 2509 2451 2286 2274 2130 2005 1825 1799 1622 1800 1790 1974 2087 2108 2217 2027 1944 1794 1537 1342 1157 1007 836 990 1012 1128 1246 1323 1389 1482 1531 1585 1739 1749 1867 1971 1995 2069 2184 2253 2333 2433 2467 2572 2714 2728 2821 2654 2552 2504 2326 2171 2089 1981 1772 1756 1556 1652 1900 1952 2186 2274 2425 2254 2044 1753 1604 1337 1164 923 775 800 953 1043 1092 1197 1235 1380 1402 1458 1647 1652 1760 1902 1886 2029 2137 2192 2218 2363 2418 2489 2567 2691 2797 2646 2500 2443 2277 2265 2139 2020 1822 1764 1651 1765 1823 2011 2060 2181 2340 2080 1963 1732 1530 1437 1266 1086 ]
K = 4
nk = [ 1 1 1 1 1 2 2 2 2 2 2 2 3 3 4 ]
First = [ 1 0 0 0 0 1 0 0 0 0 0 0 1 0 1 ]
Last = [ 0 0 0 0 1 0 0 0 0 0 0 1 0 1 1 ]
nS = 1
S = [ 0 1 2 3 4 5 6 7 8 9 10 11 12 13 14 ]
