n = 15 ; 
T = 288 ; 
Init = [ 1 1 1 1 1 1 1 1 1 1 1 0 0 0 0 ]
L = [ 7 7 7 5 5 5 6 6 6 6 6 14 14 14 14 ]
l = [ 7 7 7 5 5 5 6 6 6 6 6 14 14 14 14 ]
Pmin = [ 29 29 29 24 24 24 25 25 25 25 25 79 79 79 79 ]
Pmax = [ 97 97 97 66 66 66 88 88 88 88 88 315 315 315 315 ]
cf = [ 24.9108 24.9108 24.9108 48.3117 48.3117 48.3117 26.7416 26.7416 26.7416 26.7416 26.7416 35.9334 35.9334 35.9334 35.9334 ]
c0 = [ 87 87 87 78 78 78 89 89 89 89 89 213 213 213 213 ]
cp = [ 32.478 32.478 32.478 36.6243 36.6243 36.6243 35.9861 35.9861 35.9861 35.9861 35.9861 19.5698 19.5698 19.5698 19.5698 ]
D = [ 585 641 631 715 737 838 880 949 971 1060 1082 1155 1189 1268 1267 1351 1382 1448 1547 1596 1589 1650 1745 1752 1864 1790 1714 1650 1541 1452 1397 1326 1241 1209 1169 1202 1280 1378 1427 1561 1607 1496 1346 1244 1071 954 796 688 525 590 645 669 726 785 855 892 963 1031 1051 1071 1167 1226 1244 1356 1384 1454 1445 1497 1552 1665 1679 1754 1756 1674 1655 1556 1498 1451 1384 1303 1181 1118 1097 1152 1267 1348 1476 1523 1621 1480 1346 1252 1118 950 829 671 583 564 673 748 782 778 868 928 1018 1012 1111 1123 1170 1225 1341 1370 1367 1431 1547 1541 1610 1682 1768 1807 1808 1748 1737 1656 1576 1470 1406 1356 1264 1167 1139 1189 1282 1363 1507 1549 1658 1530 1388 1261 1135 967 816 719 502 622 689 679 773 830 811 870 934 1025 1064 1103 1149 1236 1278 1316 1370 1364 1422 1487 1566 1637 1627 1678 1737 1650 1651 1552 1448 1446 1329 1240 1220 1118 1057 1170 1252 1387 1509 1605 1693 1537 1442 1259 1052 949 753 637 424 507 559 595 661 772 774 819 883 953 1048 1080 1159 1171 1264 1282 1395 1388 1473 1500 1555 1615 1681 1789 1811 1787 1674 1622 1479 1479 1415 1268 1206 1139 1058 1161 1217 1325 1416 1479 1601 1420 1321 1155 1017 867 749 581 469 506 588 651 649 754 835 907 935 1031 1026 1149 1150 1254 1263 1378 1404 1481 1548 1622 1654 1695 1773 1884 1949 1852 1744 1627 1561 1465 1403 1290 1257 1128 1017 1185 1278 1363 1454 1513 1634 1524 1335 1260 1106 952 843 654 ]
K = 4
nk = [ 1 1 1 2 2 2 3 3 3 3 3 4 4 4 4 ]
First = [ 1 0 0 1 0 0 1 0 0 0 0 1 0 0 0 ]
Last = [ 0 0 1 0 0 1 0 0 0 0 1 0 0 0 1 ]
nS = 1
S = [ 0 1 2 3 4 5 6 7 8 9 10 11 12 13 14 ]
