n = 15 ; 
T = 288 ; 
Init = [ 1 0 0 0 0 0 0 0 0 0 0 1 1 1 1 ]
L = [ 4 5 5 5 5 5 14 14 14 14 14 9 9 12 12 ]
l = [ 4 5 5 5 5 5 14 14 14 14 14 9 9 12 12 ]
Pmin = [ 28 25 25 25 25 25 73 73 73 73 73 42 42 67 67 ]
Pmax = [ 72 68 68 68 68 68 302 302 302 302 302 156 156 263 263 ]
cf = [ 32.7924 59.2507 59.2507 59.2507 59.2507 59.2507 54.7742 54.7742 54.7742 54.7742 54.7742 34.5354 34.5354 13.6412 13.6412 ]
c0 = [ 91 86 86 86 86 86 204 204 204 204 204 116 116 193 193 ]
cp = [ 40.7842 41.5797 41.5797 41.5797 41.5797 41.5797 21.7239 21.7239 21.7239 21.7239 21.7239 27.4181 27.4181 19.3968 19.3968 ]
D = [ 666 724 721 866 953 1009 1012 1074 1160 1208 1291 1406 1390 1465 1544 1602 1681 1724 1867 1855 1943 1982 2094 2172 2290 2153 2102 1989 1881 1860 1715 1606 1576 1472 1441 1532 1631 1747 1944 2062 2160 1963 1828 1654 1466 1343 1160 984 757 877 918 1002 1045 1057 1118 1224 1287 1323 1373 1416 1506 1630 1644 1723 1805 1809 1859 2027 2068 2116 2157 2248 2285 2171 2136 1975 1889 1790 1778 1654 1613 1468 1366 1511 1633 1735 1923 1935 2120 1904 1724 1655 1500 1272 1109 973 749 806 926 967 1077 1126 1169 1269 1284 1403 1440 1509 1505 1569 1643 1733 1758 1836 1884 1967 2030 2062 2154 2263 2297 2261 2090 2067 1944 1849 1798 1678 1577 1473 1330 1467 1542 1680 1744 1881 1965 1861 1642 1518 1304 1207 999 858 769 837 882 954 944 1059 1100 1200 1247 1261 1353 1390 1465 1596 1609 1724 1710 1761 1862 1898 1994 2013 2099 2141 2216 2160 2116 1968 1834 1749 1722 1649 1569 1414 1348 1399 1608 1724 1811 1893 1960 1801 1693 1497 1407 1138 993 825 707 780 874 858 979 1016 1068 1196 1298 1368 1398 1435 1532 1611 1636 1738 1792 1899 1956 2015 2067 2201 2222 2278 2321 2283 2166 2100 2029 1828 1774 1694 1606 1467 1412 1482 1636 1779 1908 1984 2128 1914 1765 1523 1429 1236 1026 807 626 701 780 821 985 984 1050 1219 1261 1343 1410 1518 1532 1659 1692 1840 1866 1967 2029 2135 2161 2276 2361 2379 2469 2330 2297 2160 1975 1954 1845 1678 1544 1438 1346 1410 1560 1679 1726 1840 1965 1853 1741 1543 1371 1216 1089 977 ]
K = 5
nk = [ 1 2 2 2 2 2 3 3 3 3 3 4 4 5 5 ]
First = [ 1 1 0 0 0 0 1 0 0 0 0 1 0 1 0 ]
Last = [ 1 0 0 0 0 1 0 0 0 0 1 0 1 0 1 ]
nS = 1
S = [ 0 1 2 3 4 5 6 7 8 9 10 11 12 13 14 ]
