n = 15 ; 
T = 288 ; 
Init = [ 1 1 1 1 1 1 1 1 1 1 0 0 0 1 1 ]
L = [ 9 9 9 5 5 15 15 15 15 15 13 13 13 17 17 ]
l = [ 9 9 9 5 5 15 15 15 15 15 13 13 13 17 17 ]
Pmin = [ 51 51 51 21 21 78 78 78 78 78 66 66 66 97 97 ]
Pmax = [ 176 176 176 41 41 294 294 294 294 294 258 258 258 366 366 ]
cf = [ 23.1682 23.1682 23.1682 20.8947 20.8947 31.5787 31.5787 31.5787 31.5787 31.5787 10.0588 10.0588 10.0588 40.5265 40.5265 ]
c0 = [ 134 134 134 64 64 209 209 209 209 209 173 173 173 248 248 ]
cp = [ 34.1248 34.1248 34.1248 39.0845 39.0845 25.521 25.521 25.521 25.521 25.521 16.859 16.859 16.859 13.539 13.539 ]
D = [ 856 908 979 1062 1230 1345 1329 1429 1588 1684 1790 1915 2006 2136 2213 2230 2338 2509 2550 2681 2686 2839 2971 3090 3129 2946 2791 2704 2601 2465 2315 2148 1967 1791 1754 1798 1938 2085 2275 2478 2624 2458 2182 1958 1826 1529 1369 1104 960 961 1039 1242 1231 1366 1466 1464 1592 1669 1773 1870 1909 2046 2130 2163 2336 2325 2494 2569 2635 2647 2800 2923 2986 2876 2635 2628 2497 2294 2195 2080 1937 1831 1691 1891 1986 2155 2411 2550 2712 2469 2244 2130 1939 1714 1404 1304 1009 1145 1261 1384 1402 1492 1609 1691 1807 1789 1853 1988 2098 2193 2253 2364 2403 2433 2537 2684 2697 2893 2913 3052 3146 2923 2886 2756 2631 2463 2386 2285 2168 1980 1917 2021 2127 2385 2487 2624 2924 2595 2372 2143 1825 1578 1376 1156 931 945 1073 1226 1180 1300 1450 1502 1667 1694 1750 1849 1936 2074 2113 2149 2222 2377 2403 2535 2568 2754 2813 2843 2928 2808 2721 2665 2489 2418 2250 2240 2095 1968 1881 2012 2183 2282 2377 2626 2665 2487 2217 2013 1741 1568 1313 1027 771 885 997 1056 1201 1231 1374 1421 1543 1650 1669 1781 1918 2063 2054 2141 2235 2326 2448 2601 2662 2675 2795 2922 3062 2928 2839 2696 2561 2408 2287 2266 2135 2034 1837 2011 2101 2351 2481 2600 2722 2429 2219 2036 1796 1628 1441 1202 1025 1154 1115 1239 1393 1468 1572 1543 1610 1807 1905 1985 1954 2088 2118 2199 2324 2478 2542 2584 2594 2687 2843 2897 3013 2929 2670 2626 2433 2328 2259 2126 1926 1878 1644 1791 2013 2076 2255 2462 2638 2324 2162 1860 1741 1526 1223 1003 ]
K = 5
nk = [ 1 1 1 2 2 3 3 3 3 3 4 4 4 5 5 ]
First = [ 1 0 0 1 0 1 0 0 0 0 1 0 0 1 0 ]
Last = [ 0 0 1 0 1 0 0 0 0 1 0 0 1 0 1 ]
nS = 1
S = [ 0 1 2 3 4 5 6 7 8 9 10 11 12 13 14 ]
