n = 15 ; 
T = 288 ; 
Init = [ 0 0 0 0 0 0 0 0 0 1 1 1 1 0 0 ]
L = [ 8 8 8 8 13 13 13 13 13 6 6 6 6 9 9 ]
l = [ 8 8 8 8 13 13 13 13 13 6 6 6 6 9 9 ]
Pmin = [ 42 42 42 42 67 67 67 67 67 25 25 25 25 47 47 ]
Pmax = [ 143 143 143 143 261 261 261 261 261 91 91 91 91 157 157 ]
cf = [ 23.5633 23.5633 23.5633 23.5633 59.1845 59.1845 59.1845 59.1845 59.1845 41.0185 41.0185 41.0185 41.0185 25.2236 25.2236 ]
c0 = [ 124 124 124 124 188 188 188 188 188 71 71 71 71 131 131 ]
cp = [ 36.2151 36.2151 36.2151 36.2151 26.5902 26.5902 26.5902 26.5902 26.5902 32.3761 32.3761 32.3761 32.3761 33.8985 33.8985 ]
D = [ 618 717 771 842 897 951 966 1111 1173 1185 1217 1291 1361 1466 1514 1616 1639 1731 1760 1855 1867 1979 2051 2148 2194 2042 1985 1923 1813 1782 1693 1613 1515 1415 1342 1404 1464 1614 1654 1711 1808 1673 1494 1351 1154 1062 853 718 586 624 737 797 862 895 928 1046 1074 1213 1215 1329 1377 1457 1544 1554 1588 1647 1770 1828 1868 2007 2027 2134 2122 2114 1957 1910 1854 1738 1654 1558 1414 1377 1274 1408 1411 1554 1639 1705 1818 1691 1453 1299 1186 970 861 715 560 581 649 759 814 821 963 989 1102 1134 1207 1268 1387 1403 1481 1553 1667 1722 1716 1865 1843 1946 2040 2065 2118 2067 1970 1869 1825 1742 1617 1535 1405 1382 1238 1391 1398 1523 1633 1787 1875 1731 1517 1397 1201 1098 879 728 622 699 751 765 837 982 1045 1025 1137 1209 1255 1334 1355 1451 1538 1582 1687 1724 1857 1872 1954 2021 2098 2133 2239 2159 1969 1878 1781 1746 1655 1566 1439 1332 1292 1385 1467 1638 1746 1873 1947 1740 1585 1421 1242 1107 921 677 524 590 653 735 810 877 958 993 1065 1154 1259 1321 1364 1445 1573 1567 1637 1775 1827 1866 1923 2090 2126 2225 2279 2184 2026 1969 1858 1829 1724 1606 1471 1459 1351 1409 1480 1572 1694 1767 1875 1783 1597 1429 1243 1115 971 784 706 767 790 851 849 908 1055 1119 1167 1189 1211 1342 1351 1438 1444 1551 1563 1648 1769 1740 1793 1899 1939 2018 2030 1993 1915 1769 1768 1666 1603 1502 1402 1302 1203 1369 1495 1607 1777 1893 2069 1887 1657 1468 1314 1132 991 790 ]
K = 4
nk = [ 1 1 1 1 2 2 2 2 2 3 3 3 3 4 4 ]
First = [ 1 0 0 0 1 0 0 0 0 1 0 0 0 1 0 ]
Last = [ 0 0 0 1 0 0 0 0 1 0 0 0 1 0 1 ]
nS = 1
S = [ 0 1 2 3 4 5 6 7 8 9 10 11 12 13 14 ]
