n = 15 ; 
T = 288 ; 
Init = [ 1 1 1 1 1 1 0 1 0 0 0 0 0 1 1 ]
L = [ 5 5 5 5 5 11 10 7 18 18 18 18 18 4 4 ]
l = [ 5 5 5 5 5 11 10 7 18 18 18 18 18 4 4 ]
Pmin = [ 21 21 21 21 21 56 52 39 92 92 92 92 92 22 22 ]
Pmax = [ 68 68 68 68 68 224 189 129 379 379 379 379 379 59 59 ]
cf = [ 61.4731 61.4731 61.4731 61.4731 61.4731 23.2535 55.6835 36.962 65.5562 65.5562 65.5562 65.5562 65.5562 64.2432 64.2432 ]
c0 = [ 81 81 81 81 81 154 138 118 238 238 238 238 238 70 70 ]
cp = [ 35.7021 35.7021 35.7021 35.7021 35.7021 19.7955 21.4551 20.1503 11.9533 11.9533 11.9533 11.9533 11.9533 41.561 41.561 ]
D = [ 764 825 969 1057 1104 1149 1258 1344 1439 1479 1530 1644 1729 1724 1804 1942 1934 2027 2140 2161 2237 2281 2435 2491 2610 2410 2323 2271 2079 1987 1884 1790 1685 1652 1458 1655 1690 1859 1953 2010 2146 1946 1773 1650 1487 1321 1146 1018 848 913 905 1052 1136 1181 1242 1225 1387 1345 1444 1564 1549 1622 1671 1834 1894 1892 1968 1992 2097 2098 2239 2225 2331 2231 2190 2048 1931 1910 1766 1712 1578 1479 1394 1490 1582 1706 1837 1913 2048 1952 1706 1615 1414 1268 1162 958 791 877 978 1024 1050 1107 1248 1234 1360 1429 1494 1502 1582 1630 1734 1825 1892 1958 1955 2077 2163 2220 2291 2267 2368 2222 2208 2089 1966 1935 1810 1673 1548 1461 1421 1472 1591 1726 1815 1997 2021 1938 1776 1529 1431 1193 974 879 656 715 819 870 1013 980 1123 1218 1275 1264 1332 1401 1565 1569 1643 1712 1806 1833 1927 1997 2036 2172 2203 2293 2384 2216 2197 2013 1982 1925 1738 1736 1552 1516 1379 1470 1649 1672 1788 1955 2014 1854 1746 1507 1398 1180 1056 857 694 786 906 956 1007 1037 1150 1238 1291 1379 1493 1604 1650 1748 1815 1892 1999 2010 2154 2153 2224 2298 2356 2492 2611 2442 2290 2167 2083 2039 1821 1784 1638 1462 1397 1449 1566 1761 1823 1915 2005 1847 1715 1632 1494 1351 1152 1043 811 868 989 1062 1085 1200 1306 1287 1417 1487 1555 1626 1634 1762 1842 1821 1904 1969 2045 2119 2201 2227 2312 2400 2491 2329 2301 2121 2037 1940 1888 1744 1637 1523 1500 1581 1745 1877 1987 2098 2233 2014 1800 1662 1388 1186 1076 817 ]
K = 6
nk = [ 1 1 1 1 1 2 3 4 5 5 5 5 5 6 6 ]
First = [ 1 0 0 0 0 1 1 1 1 0 0 0 0 1 0 ]
Last = [ 0 0 0 0 1 1 1 1 0 0 0 0 1 0 1 ]
nS = 1
S = [ 0 1 2 3 4 5 6 7 8 9 10 11 12 13 14 ]
