n = 15 ; 
T = 288 ; 
Init = [ 1 1 1 1 0 0 0 0 0 1 1 1 1 1 1 ]
L = [ 15 15 15 15 16 16 19 19 19 12 12 12 12 12 12 ]
l = [ 15 15 15 15 16 16 19 19 19 12 12 12 12 12 12 ]
Pmin = [ 84 84 84 84 88 88 100 100 100 66 66 66 66 66 66 ]
Pmax = [ 330 330 330 330 329 329 397 397 397 241 241 241 241 241 241 ]
cf = [ 55.9288 55.9288 55.9288 55.9288 24.7541 24.7541 37.8628 37.8628 37.8628 26.8121 26.8121 26.8121 26.8121 26.8121 26.8121 ]
c0 = [ 214 214 214 214 233 233 250 250 250 174 174 174 174 174 174 ]
cp = [ 23.1972 23.1972 23.1972 23.1972 18.908 18.908 14.6367 14.6367 14.6367 29.4443 29.4443 29.4443 29.4443 29.4443 29.4443 ]
D = [ 1405 1562 1489 1609 1696 1924 1907 2055 2243 2359 2460 2514 2538 2678 2884 2868 3072 3126 3279 3312 3357 3626 3731 3780 3803 3622 3557 3388 3267 3146 2823 2735 2668 2352 2279 2556 2725 2893 3030 3283 3462 3115 2835 2639 2326 2149 1833 1436 1204 1252 1459 1546 1689 1701 1827 2009 2042 2239 2329 2390 2490 2655 2683 2934 3034 3114 3159 3376 3457 3585 3585 3768 3861 3661 3629 3466 3264 3041 2872 2853 2568 2496 2269 2544 2716 2848 3010 3290 3325 3183 2762 2503 2231 1914 1612 1330 1038 1320 1353 1427 1651 1679 1893 1867 2069 2238 2269 2373 2473 2595 2687 2920 3020 3024 3107 3351 3402 3511 3582 3785 3876 3672 3534 3448 3169 3124 2973 2694 2631 2398 2262 2453 2647 2757 2990 3087 3249 2992 2854 2593 2343 1997 1853 1589 1315 1415 1558 1687 1811 1847 2045 2102 2149 2416 2388 2550 2659 2839 2843 3079 3140 3258 3304 3531 3566 3591 3808 3921 4042 3773 3759 3483 3316 3205 2985 2877 2756 2568 2294 2574 2885 3086 3313 3560 3732 3448 3006 2620 2404 2041 1779 1329 1091 1120 1359 1487 1483 1612 1739 1974 2048 2233 2328 2380 2457 2609 2749 2988 2959 3124 3311 3331 3572 3707 3845 3871 4078 3795 3679 3405 3306 3092 2923 2746 2619 2380 2205 2501 2630 2823 3045 3123 3377 3090 2803 2530 2271 1999 1655 1242 954 1142 1356 1333 1399 1518 1759 1789 1917 1975 2241 2308 2370 2560 2569 2637 2862 2946 3080 3124 3212 3363 3438 3545 3827 3520 3427 3276 3110 3007 2875 2679 2651 2436 2289 2535 2648 2766 2930 3242 3306 2973 2773 2506 2251 1948 1635 1308 ]
K = 4
nk = [ 1 1 1 1 2 2 3 3 3 4 4 4 4 4 4 ]
First = [ 1 0 0 0 1 0 1 0 0 1 0 0 0 0 0 ]
Last = [ 0 0 0 1 0 1 0 0 1 0 0 0 0 0 1 ]
nS = 1
S = [ 0 1 2 3 4 5 6 7 8 9 10 11 12 13 14 ]
