n = 15 ; 
T = 288 ; 
Init = [ 0 1 1 1 1 1 1 1 1 1 0 1 1 1 1 ]
L = [ 14 17 17 17 17 11 11 11 11 11 8 19 19 5 5 ]
l = [ 14 17 17 17 17 11 11 11 11 11 8 19 19 5 5 ]
Pmin = [ 77 94 94 94 94 55 55 55 55 55 31 100 100 21 21 ]
Pmax = [ 305 386 386 386 386 207 207 207 207 207 113 395 395 61 61 ]
cf = [ 65.1002 33.3519 33.3519 33.3519 33.3519 66.8682 66.8682 66.8682 66.8682 66.8682 28.0172 47.7169 47.7169 60.0327 60.0327 ]
c0 = [ 202 243 243 243 243 150 150 150 150 150 97 250 250 71 71 ]
cp = [ 22.793 19.5045 19.5045 19.5045 19.5045 25.7091 25.7091 25.7091 25.7091 25.7091 31.3771 17.1367 17.1367 34.0729 34.0729 ]
D = [ 842 994 1013 1135 1207 1409 1397 1570 1680 1705 1837 1979 2082 2140 2343 2337 2426 2614 2725 2745 2937 2995 3159 3189 3281 3220 3019 2856 2671 2657 2512 2325 2204 1973 1805 1984 2183 2387 2635 2841 2966 2641 2440 2119 1905 1647 1374 1145 884 931 1128 1169 1318 1341 1500 1624 1804 1766 1915 2010 2107 2249 2357 2473 2521 2649 2705 2843 3030 3025 3208 3240 3377 3195 3073 2964 2886 2780 2619 2393 2385 2161 2028 2180 2304 2498 2669 2711 2919 2607 2426 2255 1980 1646 1487 1312 1052 1074 1270 1327 1361 1426 1541 1603 1798 1821 1854 1960 2141 2188 2280 2360 2441 2594 2588 2747 2795 2853 2969 3072 3204 3009 2978 2766 2663 2636 2497 2407 2155 2121 1998 2138 2370 2406 2673 2854 2979 2751 2510 2132 1861 1621 1389 1108 808 970 1021 1133 1229 1348 1479 1514 1617 1780 1843 2033 2040 2229 2326 2356 2488 2597 2739 2755 2891 2923 3092 3257 3325 3097 2967 2901 2729 2647 2489 2398 2220 2168 2087 2204 2313 2562 2769 2879 3032 2748 2492 2254 1901 1640 1330 1163 880 954 965 1066 1293 1367 1422 1538 1738 1830 1896 2013 2152 2161 2371 2429 2472 2616 2811 2848 3017 3096 3216 3247 3451 3266 3063 3016 2857 2713 2448 2383 2206 2001 1929 2031 2266 2301 2569 2739 2915 2577 2349 2150 1870 1587 1338 1150 926 1006 1098 1161 1347 1388 1445 1640 1725 1713 1884 1918 2142 2252 2200 2296 2509 2619 2729 2692 2817 2971 3054 3141 3290 3034 3037 2872 2758 2508 2396 2280 2169 2051 1900 2053 2210 2351 2601 2746 2933 2834 2493 2228 2141 1806 1540 1412 ]
K = 6
nk = [ 1 2 2 2 2 3 3 3 3 3 4 5 5 6 6 ]
First = [ 1 1 0 0 0 1 0 0 0 0 1 1 0 1 0 ]
Last = [ 1 0 0 0 1 0 0 0 0 1 1 0 1 0 1 ]
nS = 1
S = [ 0 1 2 3 4 5 6 7 8 9 10 11 12 13 14 ]
