n = 15 ; 
T = 288 ; 
Init = [ 1 1 1 1 1 0 0 1 1 1 1 1 1 0 1 ]
L = [ 14 14 14 14 14 14 14 17 17 17 17 11 11 12 6 ]
l = [ 14 14 14 14 14 14 14 17 17 17 17 11 11 12 6 ]
Pmin = [ 72 72 72 72 72 68 68 82 82 82 82 58 58 61 31 ]
Pmax = [ 286 286 286 286 286 276 276 340 340 340 340 216 223 220 104 ]
cf = [ 51.3522 51.3522 51.3522 51.3522 51.3522 32.8223 32.8223 13.6806 13.6806 13.6806 13.6806 53.0483 68.189 33.8229 34.8222 ]
c0 = [ 203 203 203 203 203 190 190 209 209 209 209 172 153 168 92 ]
cp = [ 17.1887 17.1887 17.1887 17.1887 17.1887 19.5692 19.5692 22.9934 22.9934 22.9934 22.9934 31.9971 29.3529 21.0468 30.079 ]
D = [ 1147 1130 1336 1420 1529 1597 1751 1773 1977 2082 2084 2242 2298 2415 2511 2607 2798 2896 2984 2981 3205 3205 3425 3446 3629 3488 3349 3110 3001 2850 2752 2548 2440 2278 2054 2273 2398 2544 2682 2905 3052 2835 2694 2375 2170 1856 1694 1411 1156 1207 1336 1407 1469 1509 1621 1847 1774 1997 2100 2180 2165 2315 2348 2471 2587 2671 2770 2914 2938 2964 3148 3268 3213 3150 2986 2951 2745 2625 2552 2482 2323 2127 2038 2321 2381 2621 2875 2938 3147 2972 2746 2406 2128 1845 1703 1452 1147 1178 1355 1337 1489 1587 1648 1799 1946 2058 2006 2241 2221 2430 2377 2575 2690 2678 2900 2934 2955 3095 3274 3271 3363 3318 3218 3040 2893 2698 2581 2428 2333 2133 2031 2312 2434 2616 2789 2963 3160 2920 2640 2456 2166 1902 1656 1385 1188 1314 1413 1433 1594 1651 1825 1926 2002 1994 2136 2312 2337 2413 2528 2551 2781 2886 2924 2995 3066 3166 3357 3411 3511 3269 3116 3098 2933 2745 2570 2403 2245 2073 1996 2236 2359 2530 2776 2880 3111 2808 2560 2289 2131 1903 1559 1371 1184 1238 1351 1317 1532 1613 1728 1740 1795 1894 2062 2095 2265 2325 2462 2454 2577 2633 2837 2904 2960 2976 3134 3209 3293 3136 3028 2914 2791 2688 2589 2433 2456 2214 2095 2330 2329 2486 2642 2767 2931 2765 2433 2113 1914 1628 1372 1039 821 979 1120 1157 1325 1305 1502 1521 1685 1843 1840 2044 2201 2298 2365 2381 2500 2721 2765 2816 2969 3120 3235 3364 3357 3324 3152 3020 2893 2789 2535 2378 2325 2106 2044 2201 2332 2508 2742 2930 3158 2867 2573 2437 2137 1967 1576 1452 ]
K = 7
nk = [ 1 1 1 1 1 2 2 3 3 3 3 4 5 6 7 ]
First = [ 1 0 0 0 0 1 0 1 0 0 0 1 1 1 1 ]
Last = [ 0 0 0 0 1 0 1 0 0 0 1 1 1 1 1 ]
nS = 1
S = [ 0 1 2 3 4 5 6 7 8 9 10 11 12 13 14 ]
