n = 15 ; 
T = 288 ; 
Init = [ 0 0 0 0 0 0 1 1 1 0 0 0 0 0 0 ]
L = [ 6 6 6 6 6 6 14 14 14 14 14 14 14 14 14 ]
l = [ 6 6 6 6 6 6 14 14 14 14 14 14 14 14 14 ]
Pmin = [ 32 32 32 32 32 32 72 72 72 78 78 78 78 78 78 ]
Pmax = [ 105 105 105 105 105 105 297 297 297 293 293 293 293 293 293 ]
cf = [ 64.4873 64.4873 64.4873 64.4873 64.4873 64.4873 46.9547 46.9547 46.9547 35.331 35.331 35.331 35.331 35.331 35.331 ]
c0 = [ 94 94 94 94 94 94 185 185 185 205 205 205 205 205 205 ]
cp = [ 38.5834 38.5834 38.5834 38.5834 38.5834 38.5834 27.4883 27.4883 27.4883 24.7898 24.7898 24.7898 24.7898 24.7898 24.7898 ]
D = [ 839 906 1026 1002 1083 1296 1384 1343 1445 1539 1653 1696 1884 1974 2042 2155 2162 2250 2386 2414 2547 2622 2730 2755 2927 2747 2655 2521 2348 2267 2111 2091 1858 1735 1734 1756 2019 2149 2174 2321 2457 2299 2061 1958 1670 1544 1335 1098 865 1003 1066 1144 1181 1362 1389 1467 1483 1611 1709 1724 1842 1953 1961 2069 2198 2213 2318 2359 2469 2541 2627 2680 2746 2728 2526 2435 2322 2242 2048 1992 1840 1760 1572 1785 1952 2119 2200 2434 2518 2380 2183 1937 1700 1562 1345 1026 870 962 1040 1082 1224 1330 1378 1429 1461 1573 1723 1794 1838 1913 1994 2048 2177 2205 2318 2389 2430 2509 2685 2668 2741 2611 2535 2429 2284 2246 2022 1998 1842 1747 1554 1724 1922 2094 2235 2384 2458 2299 2071 1872 1577 1350 1125 1010 717 874 853 992 1061 1183 1295 1313 1461 1536 1647 1686 1818 1952 2041 2066 2194 2285 2367 2426 2510 2613 2730 2807 2906 2790 2601 2521 2370 2347 2163 2074 1987 1823 1653 1817 1958 2213 2305 2504 2614 2350 2121 1896 1676 1447 1288 1106 787 846 1008 1129 1118 1186 1274 1358 1491 1609 1592 1681 1747 1870 1946 1983 2044 2166 2290 2311 2429 2551 2576 2689 2746 2618 2534 2454 2338 2244 2105 1896 1782 1723 1555 1758 1966 2085 2291 2421 2577 2427 2176 1928 1691 1435 1274 1018 868 906 989 1047 1113 1230 1286 1373 1464 1556 1643 1789 1827 1952 2010 2132 2168 2322 2435 2546 2542 2632 2730 2826 2979 2824 2707 2485 2368 2299 2095 1962 1841 1763 1599 1712 1785 1975 2085 2162 2355 2158 1987 1824 1533 1462 1202 989 ]
K = 3
nk = [ 1 1 1 1 1 1 2 2 2 3 3 3 3 3 3 ]
First = [ 1 0 0 0 0 0 1 0 0 1 0 0 0 0 0 ]
Last = [ 0 0 0 0 0 1 0 0 1 0 0 0 0 0 1 ]
nS = 1
S = [ 0 1 2 3 4 5 6 7 8 9 10 11 12 13 14 ]
