n = 15 ; 
T = 288 ; 
Init = [ 0 0 0 0 0 0 0 0 1 1 1 1 1 1 0 ]
L = [ 16 14 14 14 14 14 14 14 11 11 11 11 11 11 18 ]
l = [ 16 14 14 14 14 14 14 14 11 11 11 11 11 11 18 ]
Pmin = [ 89 71 71 71 71 71 71 71 59 59 59 59 59 59 100 ]
Pmax = [ 344 275 275 275 275 275 275 275 207 207 207 207 207 207 412 ]
cf = [ 68.5215 39.2018 39.2018 39.2018 39.2018 39.2018 39.2018 39.2018 21.8509 21.8509 21.8509 21.8509 21.8509 21.8509 60.318 ]
c0 = [ 239 192 192 192 192 192 192 192 164 164 164 164 164 164 250 ]
cp = [ 14.4733 22.6532 22.6532 22.6532 22.6532 22.6532 22.6532 22.6532 33.6042 33.6042 33.6042 33.6042 33.6042 33.6042 9.51868 ]
D = [ 947 1068 1111 1284 1317 1482 1611 1640 1852 1895 2074 2169 2296 2274 2466 2588 2679 2819 2858 2942 3030 3236 3252 3368 3480 3408 3216 3011 2936 2721 2501 2350 2150 2023 1938 2031 2330 2477 2649 2896 3137 2738 2489 2264 1894 1729 1362 1134 899 987 1045 1183 1245 1418 1489 1500 1619 1860 1835 1991 2156 2177 2273 2382 2529 2669 2816 2847 3020 3067 3168 3301 3420 3174 3055 2934 2876 2730 2557 2439 2276 2054 1970 2047 2335 2344 2483 2627 2772 2571 2401 2239 1954 1774 1459 1373 1162 1107 1257 1297 1420 1589 1710 1670 1804 1948 2041 2093 2135 2317 2355 2417 2593 2630 2692 2888 2975 2939 3070 3197 3223 3099 2911 2808 2744 2540 2481 2317 2125 1967 1910 2079 2173 2477 2672 2808 3008 2761 2416 2280 1967 1725 1404 1176 974 1071 1202 1340 1390 1559 1619 1763 1858 1894 1988 2067 2187 2261 2402 2479 2717 2805 2893 2981 3135 3184 3371 3380 3519 3312 3173 3109 2877 2692 2562 2344 2307 2044 1858 2090 2216 2466 2579 2851 2874 2704 2363 2130 1928 1622 1360 1131 797 949 1170 1166 1336 1493 1570 1713 1739 1912 2018 2096 2240 2253 2445 2513 2628 2766 2845 2893 3106 3211 3316 3325 3428 3310 3159 2989 2885 2716 2625 2457 2331 2195 2070 2132 2327 2453 2706 2818 2851 2696 2372 2191 1783 1541 1319 1074 792 956 1069 1158 1157 1400 1527 1501 1638 1740 1888 2033 2152 2222 2264 2369 2551 2722 2719 2853 2964 3046 3193 3327 3451 3193 3111 2980 2836 2595 2474 2283 2097 1979 1924 1987 2205 2526 2611 2856 3012 2843 2516 2391 2024 1787 1499 1362 ]
K = 4
nk = [ 1 2 2 2 2 2 2 2 3 3 3 3 3 3 4 ]
First = [ 1 1 0 0 0 0 0 0 1 0 0 0 0 0 1 ]
Last = [ 1 0 0 0 0 0 0 1 0 0 0 0 0 1 1 ]
nS = 1
S = [ 0 1 2 3 4 5 6 7 8 9 10 11 12 13 14 ]
