n = 15 ; 
T = 288 ; 
Init = [ 1 1 1 1 0 0 0 1 1 1 0 0 0 0 0 ]
L = [ 20 20 18 18 16 16 16 10 10 10 9 9 9 9 5 ]
l = [ 20 20 18 18 16 16 16 10 10 10 9 9 9 9 5 ]
Pmin = [ 100 100 99 99 82 82 82 48 48 48 52 52 52 52 17 ]
Pmax = [ 420 420 396 396 334 334 334 177 177 177 176 176 176 176 57 ]
cf = [ 31.3828 31.3828 34.7107 34.7107 56.8326 56.8326 56.8326 43.2886 43.2886 43.2886 61.4995 61.4995 61.4995 61.4995 49.2235 ]
c0 = [ 250 250 250 250 207 207 207 129 129 129 152 152 152 152 66 ]
cp = [ 8.1537 8.1537 16.038 16.038 17.5031 17.5031 17.5031 37.2369 37.2369 37.2369 31.4967 31.4967 31.4967 31.4967 36.9406 ]
D = [ 1081 1119 1267 1279 1502 1509 1662 1674 1846 1862 2012 2202 2226 2275 2430 2500 2675 2664 2842 2958 3059 3113 3258 3228 3339 3234 3124 2901 2772 2614 2486 2273 2212 1976 1834 2057 2203 2432 2569 2631 2935 2593 2371 2226 1991 1826 1654 1337 1224 1285 1307 1406 1510 1619 1741 1841 1974 2036 2071 2121 2351 2445 2478 2616 2684 2771 2893 2987 3064 3095 3164 3288 3358 3245 3071 3026 2826 2749 2621 2380 2271 2072 1994 2174 2266 2337 2524 2656 2855 2599 2304 2098 1844 1488 1328 1050 816 826 969 1053 1188 1270 1452 1494 1588 1827 1901 1937 2082 2201 2351 2433 2447 2594 2740 2904 3005 3038 3198 3193 3316 3200 3151 2989 2845 2670 2566 2370 2255 2186 1967 2209 2287 2629 2806 2871 3187 2867 2554 2288 1980 1709 1418 1174 1010 1030 1089 1192 1303 1496 1594 1669 1740 1781 1880 2022 2139 2289 2319 2430 2567 2628 2708 2798 2976 3062 3118 3140 3365 3221 3056 2916 2701 2570 2533 2457 2248 2172 1943 2164 2285 2316 2513 2607 2738 2568 2337 2119 1844 1544 1340 1103 873 889 1131 1179 1318 1392 1513 1651 1661 1836 1896 2117 2195 2346 2401 2538 2601 2778 2759 2891 3076 3236 3331 3456 3493 3317 3228 3009 2827 2720 2505 2275 2233 1992 1857 2059 2313 2405 2636 2947 3104 2785 2551 2176 1899 1610 1419 1095 813 923 983 1052 1238 1398 1449 1535 1644 1786 1836 2025 2039 2239 2315 2369 2590 2611 2771 2806 3040 3115 3163 3241 3417 3342 3085 2986 2899 2785 2551 2436 2324 2196 2042 2156 2387 2640 2730 2961 3089 2858 2591 2362 2063 1764 1636 1292 ]
K = 6
nk = [ 1 1 2 2 3 3 3 4 4 4 5 5 5 5 6 ]
First = [ 1 0 1 0 1 0 0 1 0 0 1 0 0 0 1 ]
Last = [ 0 1 0 1 0 0 1 0 0 1 0 0 0 1 1 ]
nS = 1
S = [ 0 1 2 3 4 5 6 7 8 9 10 11 12 13 14 ]
