n = 15 ; 
T = 288 ; 
Init = [ 1 1 1 0 0 0 0 0 0 0 0 0 0 0 0 ]
L = [ 5 5 5 12 12 13 13 13 13 13 19 19 19 19 19 ]
l = [ 5 5 5 12 12 13 13 13 13 13 19 19 19 19 19 ]
Pmin = [ 21 21 21 62 62 62 62 62 62 62 100 100 100 100 100 ]
Pmax = [ 46 46 46 247 247 256 256 256 256 256 420 420 420 420 420 ]
cf = [ 63.4913 63.4913 63.4913 47.3574 47.3574 38.9769 38.9769 38.9769 38.9769 38.9769 64.3115 64.3115 64.3115 64.3115 64.3115 ]
c0 = [ 61 61 61 177 177 176 176 176 176 176 250 250 250 250 250 ]
cp = [ 41.3496 41.3496 41.3496 29.5435 29.5435 22.1697 22.1697 22.1697 22.1697 22.1697 11.0061 11.0061 11.0061 11.0061 11.0061 ]
D = [ 769 887 1021 1167 1232 1453 1434 1675 1684 1756 1908 2004 2195 2326 2325 2498 2609 2715 2801 2897 3100 3152 3237 3317 3449 3408 3149 3147 2885 2838 2616 2491 2289 2250 1999 2198 2397 2465 2632 2728 2917 2729 2414 2287 1958 1691 1464 1295 956 1093 1151 1233 1414 1453 1576 1692 1812 1954 2010 2074 2268 2377 2493 2449 2578 2805 2802 2993 2992 3110 3221 3362 3501 3289 3163 3057 2908 2688 2676 2564 2378 2160 2027 2190 2340 2498 2674 2680 2877 2619 2361 2102 1849 1604 1357 1131 913 919 1132 1122 1301 1385 1523 1620 1668 1832 1880 2009 2177 2252 2397 2427 2544 2720 2813 2922 2930 3015 3122 3297 3386 3275 3176 3080 2921 2685 2662 2461 2287 2211 2054 2283 2352 2557 2777 2950 3213 2903 2627 2320 2141 1743 1522 1193 872 1056 1163 1244 1305 1453 1512 1635 1735 1891 1977 1977 2113 2237 2275 2425 2416 2597 2658 2781 2807 3002 3066 3136 3230 3179 2975 2888 2794 2607 2546 2410 2150 2099 1947 2105 2237 2501 2685 2820 2982 2728 2340 2114 1886 1600 1426 1093 811 890 994 1115 1282 1429 1587 1699 1755 1908 2052 2027 2159 2298 2404 2476 2637 2715 2948 2959 3074 3185 3393 3487 3528 3388 3264 3080 2897 2765 2572 2475 2306 2102 2010 2100 2295 2612 2699 2995 3189 2805 2623 2334 1974 1621 1450 1135 813 961 1069 1165 1193 1280 1358 1578 1637 1781 1837 2016 2072 2175 2346 2356 2503 2605 2607 2825 2881 3050 3043 3202 3335 3237 3069 2891 2829 2727 2626 2372 2314 2215 2113 2285 2315 2491 2779 2924 3140 2795 2592 2337 2151 1853 1664 1360 ]
K = 4
nk = [ 1 1 1 2 2 3 3 3 3 3 4 4 4 4 4 ]
First = [ 1 0 0 1 0 1 0 0 0 0 1 0 0 0 0 ]
Last = [ 0 0 1 0 1 0 0 0 0 1 0 0 0 0 1 ]
nS = 1
S = [ 0 1 2 3 4 5 6 7 8 9 10 11 12 13 14 ]
