n = 15 ; 
T = 288 ; 
Init = [ 1 1 1 1 1 0 0 0 0 0 0 1 1 1 1 ]
L = [ 8 8 8 8 8 12 12 12 10 10 10 9 9 9 9 ]
l = [ 8 8 8 8 8 12 12 12 10 10 10 9 9 9 9 ]
Pmin = [ 34 34 34 34 34 61 61 61 56 56 56 50 50 50 50 ]
Pmax = [ 127 127 127 127 127 238 238 238 204 204 204 186 186 186 186 ]
cf = [ 63.8084 63.8084 63.8084 63.8084 63.8084 11.0451 11.0451 11.0451 48.6129 48.6129 48.6129 37.1177 37.1177 37.1177 37.1177 ]
c0 = [ 106 106 106 106 106 169 169 169 158 158 158 140 140 140 140 ]
cp = [ 24.6696 24.6696 24.6696 24.6696 24.6696 26.369 26.369 26.369 30.7546 30.7546 30.7546 34.358 34.358 34.358 34.358 ]
D = [ 708 798 870 926 935 998 1069 1114 1184 1251 1338 1473 1449 1601 1607 1696 1746 1806 1838 1928 1943 2073 2111 2189 2243 2193 2036 2023 1915 1799 1737 1578 1489 1435 1376 1453 1619 1786 1844 2016 2080 1972 1810 1598 1469 1250 1171 921 739 821 889 1020 1034 1071 1184 1282 1347 1391 1383 1484 1558 1605 1742 1746 1829 1900 1945 1980 2055 2163 2237 2259 2347 2276 2182 2049 1922 1830 1711 1610 1535 1419 1277 1392 1595 1740 1781 1985 2109 1876 1700 1526 1383 1279 1045 922 740 747 806 940 957 1095 1098 1236 1251 1365 1426 1429 1504 1654 1725 1812 1867 1900 1976 2081 2111 2188 2216 2316 2443 2244 2144 2131 1953 1940 1785 1745 1560 1502 1417 1491 1595 1754 1788 1945 2039 1881 1681 1491 1304 1106 932 730 548 668 714 769 887 911 995 1089 1165 1198 1315 1323 1370 1456 1572 1672 1687 1748 1838 1881 2036 2121 2163 2196 2294 2147 2066 2010 1880 1817 1678 1632 1508 1343 1280 1433 1559 1737 1804 1934 2073 1871 1730 1529 1340 1135 962 824 616 692 716 828 923 990 1073 1096 1123 1259 1258 1329 1392 1521 1586 1588 1652 1715 1833 1878 1982 1974 2120 2203 2204 2135 2032 2018 1856 1801 1719 1650 1496 1480 1349 1529 1604 1686 1823 1967 2010 1911 1782 1544 1399 1268 1075 927 783 823 877 925 1054 1071 1149 1200 1329 1315 1405 1494 1542 1591 1641 1766 1839 1919 1974 2002 2116 2097 2251 2289 2347 2238 2133 2040 1925 1778 1739 1589 1523 1364 1303 1406 1518 1574 1661 1835 1920 1752 1560 1456 1270 1063 909 730 ]
K = 4
nk = [ 1 1 1 1 1 2 2 2 3 3 3 4 4 4 4 ]
First = [ 1 0 0 0 0 1 0 0 1 0 0 1 0 0 0 ]
Last = [ 0 0 0 0 1 0 0 1 0 0 1 0 0 0 1 ]
nS = 1
S = [ 0 1 2 3 4 5 6 7 8 9 10 11 12 13 14 ]
