n = 15 ; 
T = 288 ; 
Init = [ 0 0 0 0 0 0 0 1 1 0 0 0 0 0 0 ]
L = [ 10 10 10 10 10 10 10 18 18 12 12 14 14 14 14 ]
l = [ 10 10 10 10 10 10 10 18 18 12 12 14 14 14 14 ]
Pmin = [ 56 56 56 56 56 56 56 100 100 64 64 69 69 69 69 ]
Pmax = [ 197 197 197 197 197 197 197 405 405 240 240 282 282 282 282 ]
cf = [ 24.4659 24.4659 24.4659 24.4659 24.4659 24.4659 24.4659 34.7577 34.7577 19.446 19.446 61.4208 61.4208 61.4208 61.4208 ]
c0 = [ 157 157 157 157 157 157 157 250 250 170 170 177 177 177 177 ]
cp = [ 33.6048 33.6048 33.6048 33.6048 33.6048 33.6048 33.6048 15.4331 15.4331 13.4609 13.4609 18.5108 18.5108 18.5108 18.5108 ]
D = [ 820 929 1030 1148 1267 1305 1447 1517 1590 1690 1850 1930 2056 2178 2208 2281 2395 2563 2540 2778 2762 2873 3074 3159 3227 3118 2888 2851 2658 2592 2482 2370 2162 2054 1960 2217 2341 2583 2658 2908 2998 2697 2489 2168 1889 1764 1416 1152 870 1053 1085 1140 1367 1483 1467 1597 1724 1869 1912 2053 2225 2201 2294 2536 2567 2737 2746 2894 2970 3075 3210 3274 3449 3329 3042 2907 2776 2581 2558 2365 2249 2001 1911 2091 2181 2448 2653 2766 2921 2638 2359 2156 1896 1605 1387 1206 971 1026 1132 1254 1326 1450 1441 1623 1724 1826 1893 1899 2063 2136 2210 2315 2420 2585 2672 2748 2735 2872 2942 3044 3217 3138 2894 2785 2670 2577 2409 2289 2155 1998 1904 1995 2114 2315 2492 2617 2673 2481 2176 1960 1744 1570 1364 1157 914 1020 1087 1194 1335 1419 1538 1559 1601 1725 1892 1902 2058 2193 2201 2285 2475 2486 2656 2720 2796 2969 3036 3156 3189 3042 2898 2861 2705 2567 2424 2234 2108 2088 1911 1984 2258 2411 2562 2784 2965 2608 2469 2133 1968 1590 1394 1172 951 999 1095 1149 1337 1376 1557 1586 1765 1736 1921 2059 2136 2219 2307 2361 2421 2556 2618 2725 2823 2954 2998 3122 3311 3142 2964 2890 2721 2467 2453 2255 2103 1934 1844 1917 2128 2256 2410 2550 2703 2417 2223 1980 1679 1474 1339 999 792 833 970 1052 1214 1271 1481 1535 1724 1731 1931 1945 2009 2139 2223 2425 2567 2650 2711 2800 2921 2971 3143 3291 3286 3241 3038 2832 2688 2547 2433 2288 2082 1999 1830 2004 2198 2306 2429 2705 2866 2522 2298 2160 1838 1593 1398 1113 ]
K = 4
nk = [ 1 1 1 1 1 1 1 2 2 3 3 4 4 4 4 ]
First = [ 1 0 0 0 0 0 0 1 0 1 0 1 0 0 0 ]
Last = [ 0 0 0 0 0 0 1 0 1 0 1 0 0 0 1 ]
nS = 1
S = [ 0 1 2 3 4 5 6 7 8 9 10 11 12 13 14 ]
