n = 15 ; 
T = 288 ; 
Init = [ 1 1 1 1 1 1 1 1 1 1 1 1 0 0 0 ]
L = [ 10 9 9 16 16 16 13 13 13 13 13 13 7 7 7 ]
l = [ 10 9 9 16 16 16 13 13 13 13 13 13 7 7 7 ]
Pmin = [ 56 45 45 96 96 96 66 66 66 66 66 66 31 31 31 ]
Pmax = [ 208 151 151 368 368 368 269 269 269 269 269 269 98 98 98 ]
cf = [ 32.357 50.7201 50.7201 33.197 33.197 33.197 24.4297 24.4297 24.4297 24.4297 24.4297 24.4297 56.6883 56.6883 56.6883 ]
c0 = [ 156 131 131 250 250 250 178 178 178 178 178 178 94 94 94 ]
cp = [ 30.8304 37.1811 37.1811 12.2108 12.2108 12.2108 21.9811 21.9811 21.9811 21.9811 21.9811 21.9811 28.9391 28.9391 28.9391 ]
D = [ 804 924 934 1061 1233 1341 1404 1496 1615 1713 1741 1821 1960 2090 2150 2221 2368 2380 2605 2660 2665 2757 2903 3076 3104 3048 2812 2702 2544 2407 2356 2241 2128 1990 1905 1974 2094 2223 2288 2430 2561 2352 2133 1819 1643 1388 1189 923 706 808 980 969 1104 1153 1251 1377 1503 1614 1613 1729 1882 1972 2088 2110 2144 2282 2456 2507 2511 2597 2697 2812 2924 2773 2703 2619 2525 2391 2175 2048 1924 1789 1701 1886 1974 2158 2378 2500 2564 2345 2144 2063 1843 1526 1377 1241 1007 1100 1195 1283 1285 1416 1531 1519 1694 1802 1786 1947 1945 2110 2213 2251 2350 2431 2529 2611 2694 2772 2837 2947 2938 2862 2696 2615 2426 2387 2297 2144 1974 1896 1749 1908 2007 2161 2366 2416 2595 2342 2112 1990 1818 1609 1300 1144 859 975 1025 1199 1274 1368 1477 1497 1625 1707 1822 1856 1915 2044 2173 2241 2288 2464 2424 2572 2590 2781 2830 2850 2946 2831 2774 2568 2508 2312 2160 2137 1970 1781 1703 1840 2115 2235 2445 2619 2733 2548 2246 2050 1905 1646 1429 1103 865 1026 1124 1166 1262 1287 1401 1575 1580 1664 1803 1891 2029 2121 2158 2232 2349 2517 2519 2688 2793 2836 2959 3042 3105 2904 2816 2679 2591 2358 2217 2063 1899 1764 1701 1865 1986 2271 2375 2550 2685 2579 2352 2134 1887 1606 1369 1288 1017 1109 1139 1260 1268 1444 1481 1540 1580 1747 1786 1835 1942 1965 2096 2166 2254 2239 2404 2463 2580 2605 2635 2687 2835 2674 2554 2548 2320 2225 2201 2076 1998 1787 1707 1847 2023 2190 2454 2594 2712 2540 2396 2147 1922 1692 1438 1225 ]
K = 5
nk = [ 1 2 2 3 3 3 4 4 4 4 4 4 5 5 5 ]
First = [ 1 1 0 1 0 0 1 0 0 0 0 0 1 0 0 ]
Last = [ 1 0 1 0 0 1 0 0 0 0 0 1 0 0 1 ]
nS = 1
S = [ 0 1 2 3 4 5 6 7 8 9 10 11 12 13 14 ]
