n = 15 ; 
T = 288 ; 
Init = [ 0 0 0 0 0 1 1 1 0 0 0 0 0 0 1 ]
L = [ 11 11 11 11 13 14 14 14 17 17 17 17 17 17 16 ]
l = [ 11 11 11 11 13 14 14 14 17 17 17 17 17 17 16 ]
Pmin = [ 61 61 61 61 75 66 66 66 94 94 94 94 94 93 87 ]
Pmax = [ 230 230 230 230 281 270 270 270 359 359 359 359 359 376 346 ]
cf = [ 61.3643 61.3643 61.3643 61.3643 25.913 48.7194 48.7194 48.7194 68.3389 68.3389 68.3389 68.3389 68.3389 15.7724 69.8675 ]
c0 = [ 157 157 157 157 193 184 184 184 237 237 237 237 237 247 223 ]
cp = [ 25.5636 25.5636 25.5636 25.5636 25.1368 18.5677 18.5677 18.5677 18.1584 18.1584 18.1584 18.1584 18.1584 12.4843 19.4632 ]
D = [ 959 1020 1184 1299 1527 1614 1640 1842 1949 2158 2196 2300 2406 2691 2670 2807 3066 3112 3287 3431 3546 3688 3698 3798 3964 3718 3607 3529 3342 3050 2926 2715 2540 2455 2234 2529 2590 2817 3007 3232 3361 3184 2925 2573 2374 2150 1809 1564 1341 1378 1519 1660 1758 1813 1939 1918 2022 2291 2269 2460 2499 2578 2819 2891 2967 3058 3247 3233 3335 3441 3497 3643 3859 3677 3528 3279 3141 2947 2874 2663 2582 2363 2188 2437 2507 2691 2995 3063 3411 3137 2840 2491 2190 2029 1647 1497 1115 1355 1365 1582 1648 1746 1800 2009 2009 2189 2291 2411 2571 2559 2746 2909 3019 3090 3237 3341 3383 3448 3701 3667 3799 3704 3479 3296 3199 3061 2848 2701 2510 2377 2153 2287 2513 2783 3014 3128 3285 3008 2810 2516 2114 1811 1567 1164 948 987 1167 1209 1376 1545 1663 1682 1811 1953 2135 2122 2394 2511 2524 2686 2836 2945 3065 3057 3269 3395 3469 3497 3680 3572 3478 3311 3093 2886 2764 2759 2476 2419 2159 2443 2592 2849 3038 3200 3304 3110 2876 2507 2316 1979 1839 1502 1184 1405 1541 1633 1724 1839 1859 2071 2210 2190 2447 2494 2541 2714 2723 2840 3015 3180 3214 3276 3469 3577 3711 3829 3877 3845 3609 3511 3283 3063 2921 2818 2707 2409 2286 2492 2716 2839 2965 3217 3390 3032 2771 2611 2315 1952 1798 1385 1218 1202 1473 1550 1641 1794 1804 2016 2008 2257 2339 2375 2481 2594 2679 2914 2978 3140 3190 3353 3346 3511 3652 3738 3842 3749 3524 3396 3116 2938 2851 2768 2463 2354 2236 2471 2602 2762 3098 3291 3407 3188 2960 2545 2327 1892 1599 1335 ]
K = 6
nk = [ 1 1 1 1 2 3 3 3 4 4 4 4 4 5 6 ]
First = [ 1 0 0 0 1 1 0 0 1 0 0 0 0 1 1 ]
Last = [ 0 0 0 1 1 0 0 1 0 0 0 0 1 1 1 ]
nS = 1
S = [ 0 1 2 3 4 5 6 7 8 9 10 11 12 13 14 ]
