n = 15 ; 
T = 288 ; 
Init = [ 1 1 1 1 1 0 0 0 0 0 0 0 0 0 0 ]
L = [ 18 18 18 18 18 9 9 9 9 14 14 14 14 14 11 ]
l = [ 18 18 18 18 18 9 9 9 9 14 14 14 14 14 11 ]
Pmin = [ 98 98 98 98 98 52 52 52 52 71 71 71 71 71 54 ]
Pmax = [ 387 387 387 387 387 174 174 174 174 266 266 266 266 266 197 ]
cf = [ 69.1656 69.1656 69.1656 69.1656 69.1656 29.3283 29.3283 29.3283 29.3283 15.8255 15.8255 15.8255 15.8255 15.8255 52.1291 ]
c0 = [ 248 248 248 248 248 139 139 139 139 191 191 191 191 191 144 ]
cp = [ 19.4787 19.4787 19.4787 19.4787 19.4787 30.4045 30.4045 30.4045 30.4045 20.2726 20.2726 20.2726 20.2726 20.2726 31.2445 ]
D = [ 1077 1129 1225 1370 1561 1590 1660 1876 1889 2119 2086 2221 2346 2444 2675 2672 2793 3007 2967 3232 3262 3361 3512 3567 3758 3601 3435 3189 3012 2934 2651 2647 2343 2212 2075 2200 2501 2673 2903 2939 3229 2852 2617 2457 2067 1784 1510 1296 957 1024 1217 1255 1485 1595 1619 1767 1924 1940 2113 2134 2343 2454 2590 2617 2772 2925 2889 3108 3135 3216 3321 3508 3590 3489 3338 3169 2951 2813 2650 2520 2340 2261 2060 2189 2466 2700 2868 3026 3167 2936 2710 2489 2093 1894 1590 1405 1096 1140 1338 1356 1574 1595 1719 1792 1974 1960 2178 2273 2383 2533 2541 2689 2810 2947 3040 3029 3205 3342 3367 3444 3543 3388 3314 3134 3004 2792 2732 2457 2351 2217 2021 2191 2469 2621 2758 2948 3147 2803 2555 2333 2034 1856 1510 1227 1046 1130 1317 1360 1527 1525 1595 1706 1801 1919 2081 2199 2277 2269 2494 2550 2674 2749 2832 2867 3114 3063 3219 3376 3400 3280 3132 2971 2874 2738 2504 2349 2197 2051 2005 2116 2396 2682 2804 3080 3217 2893 2680 2453 2022 1767 1498 1257 864 1030 1091 1276 1440 1487 1554 1729 1856 1915 2085 2213 2207 2439 2467 2698 2671 2926 2913 3021 3190 3244 3380 3587 3664 3426 3383 3207 3121 2906 2753 2544 2546 2340 2202 2421 2482 2796 2911 3150 3243 2962 2765 2452 2289 2005 1643 1505 1130 1325 1427 1404 1537 1610 1649 1881 1949 1926 2141 2150 2302 2385 2435 2549 2560 2663 2850 2845 3017 3156 3254 3240 3283 3283 3168 2928 2884 2613 2588 2356 2354 2174 1995 2175 2450 2525 2679 2931 3059 2720 2439 2178 1996 1675 1436 1175 ]
K = 4
nk = [ 1 1 1 1 1 2 2 2 2 3 3 3 3 3 4 ]
First = [ 1 0 0 0 0 1 0 0 0 1 0 0 0 0 1 ]
Last = [ 0 0 0 0 1 0 0 0 1 0 0 0 0 1 1 ]
nS = 1
S = [ 0 1 2 3 4 5 6 7 8 9 10 11 12 13 14 ]
