n = 15 ; 
T = 288 ; 
Init = [ 1 1 1 1 1 1 1 1 1 1 1 1 0 0 0 ]
L = [ 16 11 11 12 10 10 10 10 10 10 12 12 6 6 6 ]
l = [ 16 11 11 12 10 10 10 10 10 10 12 12 6 6 6 ]
Pmin = [ 84 60 60 62 50 50 50 50 50 50 60 60 31 31 31 ]
Pmax = [ 331 242 242 221 181 181 181 181 181 181 233 233 96 96 96 ]
cf = [ 53.0396 37.0067 37.0067 35.124 43.0207 43.0207 43.0207 43.0207 43.0207 43.0207 67.7377 67.7377 58.5997 58.5997 58.5997 ]
c0 = [ 213 160 160 159 132 132 132 132 132 132 166 166 90 90 90 ]
cp = [ 24.2782 25.0423 25.0423 29.0045 26.3044 26.3044 26.3044 26.3044 26.3044 26.3044 30.1364 30.1364 37.5411 37.5411 37.5411 ]
D = [ 720 781 779 906 938 1053 1067 1231 1214 1289 1376 1514 1560 1644 1682 1772 1839 1918 2032 2056 2097 2221 2289 2348 2420 2338 2285 2138 2094 1945 1873 1793 1748 1602 1461 1554 1743 1722 1907 1891 1988 1813 1720 1531 1368 1124 954 786 618 704 763 918 927 1045 1132 1198 1334 1317 1430 1511 1560 1678 1747 1803 1904 1986 2053 2152 2198 2248 2358 2448 2501 2418 2248 2148 2022 1987 1868 1694 1552 1527 1315 1478 1636 1806 1956 2058 2247 1995 1893 1616 1520 1293 1109 920 730 846 845 991 1056 1073 1210 1243 1259 1340 1465 1459 1561 1593 1719 1736 1892 1864 1928 2013 2063 2146 2199 2318 2397 2286 2205 2113 2014 1970 1835 1779 1670 1581 1487 1593 1786 1864 2050 2192 2284 2106 1866 1687 1587 1407 1177 1051 805 917 950 1044 1047 1192 1160 1323 1305 1420 1447 1544 1538 1657 1703 1762 1823 1882 1904 1964 2077 2098 2237 2231 2315 2242 2104 2099 1981 1843 1798 1736 1647 1460 1431 1504 1735 1831 1891 2043 2193 2001 1855 1603 1354 1193 939 804 612 716 688 813 868 922 1018 1137 1236 1242 1361 1476 1541 1603 1702 1732 1839 1960 2009 2126 2189 2190 2261 2366 2431 2384 2227 2130 2036 1971 1858 1680 1641 1536 1404 1461 1682 1802 1900 2026 2189 2033 1785 1640 1467 1355 1161 1016 839 901 936 1004 1134 1180 1262 1320 1362 1374 1502 1548 1652 1710 1736 1833 1862 2002 2020 2061 2121 2276 2312 2428 2442 2328 2254 2154 1986 1880 1761 1762 1651 1498 1383 1557 1607 1729 1894 2032 2098 1925 1759 1579 1396 1302 1151 930 ]
K = 6
nk = [ 1 2 2 3 4 4 4 4 4 4 5 5 6 6 6 ]
First = [ 1 1 0 1 1 0 0 0 0 0 1 0 1 0 0 ]
Last = [ 1 0 1 1 0 0 0 0 0 1 0 1 0 0 1 ]
nS = 1
S = [ 0 1 2 3 4 5 6 7 8 9 10 11 12 13 14 ]
