n = 15 ; 
T = 288 ; 
Init = [ 0 0 0 1 1 1 1 1 1 1 1 1 1 1 1 ]
L = [ 12 12 7 8 8 8 8 8 8 8 18 18 18 18 18 ]
l = [ 12 12 7 8 8 8 8 8 8 8 18 18 18 18 18 ]
Pmin = [ 61 61 41 47 47 47 47 47 47 47 100 100 100 100 100 ]
Pmax = [ 235 235 144 163 163 163 163 163 163 163 393 393 393 393 393 ]
cf = [ 26.6804 26.6804 45.9961 35.5976 35.5976 35.5976 35.5976 35.5976 35.5976 35.5976 65.1986 65.1986 65.1986 65.1986 65.1986 ]
c0 = [ 176 176 118 140 140 140 140 140 140 140 250 250 250 250 250 ]
cp = [ 25.1312 25.1312 30.9558 31.3874 31.3874 31.3874 31.3874 31.3874 31.3874 31.3874 12.0089 12.0089 12.0089 12.0089 12.0089 ]
D = [ 1038 1187 1208 1328 1487 1511 1639 1666 1793 1800 1938 2109 2162 2276 2368 2365 2469 2598 2712 2700 2783 3017 3039 3055 3155 3030 2976 2715 2621 2484 2377 2237 2010 1835 1726 1899 2138 2249 2508 2635 2812 2531 2300 2148 1891 1513 1268 1026 857 940 1079 1191 1218 1242 1407 1443 1656 1679 1783 1968 2028 2121 2211 2347 2365 2546 2674 2666 2870 2953 2942 3172 3265 3040 2959 2860 2694 2521 2452 2276 2236 2057 1895 2070 2254 2446 2558 2707 2972 2667 2330 2134 1823 1625 1317 1073 854 879 1079 1170 1240 1320 1371 1545 1533 1685 1796 1882 1999 1974 2081 2229 2303 2397 2498 2677 2693 2858 2835 2913 3030 2951 2802 2678 2508 2457 2297 2222 2103 1902 1824 1945 1993 2137 2338 2430 2632 2362 2253 1989 1750 1654 1445 1186 1005 1119 1166 1228 1321 1520 1540 1710 1728 1800 1979 2071 2193 2209 2362 2343 2574 2534 2731 2748 2954 2943 3076 3243 3228 3067 2954 2851 2721 2493 2465 2253 2191 1965 1868 1947 2116 2237 2390 2629 2724 2442 2307 2060 1846 1618 1405 1176 1039 1014 1141 1308 1316 1484 1519 1591 1728 1696 1851 1906 2071 2156 2232 2368 2457 2474 2557 2584 2685 2890 2923 3017 3078 3031 2909 2708 2573 2416 2363 2175 2053 1889 1780 2014 2069 2194 2412 2515 2668 2573 2264 2115 1868 1694 1443 1197 903 989 1135 1170 1265 1490 1521 1591 1746 1721 1949 1923 2068 2224 2245 2359 2427 2542 2653 2698 2875 2909 2928 3152 3157 3069 2888 2774 2600 2556 2373 2205 2005 1876 1799 1880 2013 2154 2361 2556 2578 2424 2153 2028 1789 1595 1343 1227 ]
K = 4
nk = [ 1 1 2 3 3 3 3 3 3 3 4 4 4 4 4 ]
First = [ 1 0 1 1 0 0 0 0 0 0 1 0 0 0 0 ]
Last = [ 0 1 1 0 0 0 0 0 0 1 0 0 0 0 1 ]
nS = 1
S = [ 0 1 2 3 4 5 6 7 8 9 10 11 12 13 14 ]
