n = 15 ; 
T = 288 ; 
Init = [ 0 0 0 0 0 0 0 0 0 0 0 0 0 1 1 ]
L = [ 8 8 8 18 18 18 18 18 18 18 16 16 16 7 7 ]
l = [ 8 8 8 18 18 18 18 18 18 18 16 16 16 7 7 ]
Pmin = [ 30 30 30 99 99 99 99 99 99 99 93 93 93 34 34 ]
Pmax = [ 113 113 113 383 383 383 383 383 383 383 351 351 351 117 117 ]
cf = [ 22.2558 22.2558 22.2558 47.5905 47.5905 47.5905 47.5905 47.5905 47.5905 47.5905 54.5966 54.5966 54.5966 17.3782 17.3782 ]
c0 = [ 104 104 104 250 250 250 250 250 250 250 237 237 237 101 101 ]
cp = [ 26.6468 26.6468 26.6468 11.5154 11.5154 11.5154 11.5154 11.5154 11.5154 11.5154 13.8157 13.8157 13.8157 36.8906 36.8906 ]
D = [ 905 1116 1156 1220 1322 1512 1590 1697 1889 2015 2016 2265 2288 2481 2456 2625 2785 2874 2889 3164 3206 3377 3356 3447 3658 3484 3307 3156 3130 2948 2730 2553 2470 2353 2128 2324 2400 2602 2793 2950 2993 2858 2592 2330 2104 1874 1497 1319 1102 1106 1313 1311 1457 1485 1603 1711 1839 1924 2095 2252 2257 2308 2399 2635 2736 2842 2806 3018 3105 3225 3286 3388 3551 3266 3119 2987 2933 2711 2585 2458 2312 2291 2061 2268 2483 2577 2792 2862 3113 2811 2523 2265 2086 1789 1665 1315 1106 1159 1341 1448 1496 1687 1709 1849 2054 2090 2226 2380 2500 2504 2706 2754 2806 2913 3045 3215 3281 3402 3470 3658 3730 3583 3441 3218 3079 2877 2662 2490 2402 2257 2081 2323 2478 2777 2875 3125 3348 3117 2710 2416 2076 1761 1575 1177 811 945 1175 1240 1406 1412 1511 1648 1784 1884 2106 2098 2367 2439 2538 2715 2837 2794 2974 3172 3202 3394 3387 3581 3722 3515 3416 3246 3006 2848 2658 2514 2374 2297 2102 2197 2366 2683 2798 2987 3288 2900 2699 2543 2282 2064 1796 1542 1293 1421 1488 1491 1684 1745 1846 1873 2079 2200 2251 2372 2462 2587 2684 2727 2774 2866 3017 3093 3228 3295 3355 3517 3560 3531 3311 3143 3014 2919 2694 2513 2449 2192 2089 2258 2447 2484 2754 2879 3111 2767 2519 2348 2031 1781 1555 1359 1216 1238 1327 1542 1668 1742 1807 1991 1992 2200 2300 2369 2454 2564 2664 2800 2850 3088 3125 3240 3295 3571 3605 3646 3762 3734 3482 3387 3206 2972 2909 2708 2557 2299 2200 2368 2548 2534 2775 2844 3099 2783 2609 2292 2148 1962 1669 1463 ]
K = 4
nk = [ 1 1 1 2 2 2 2 2 2 2 3 3 3 4 4 ]
First = [ 1 0 0 1 0 0 0 0 0 0 1 0 0 1 0 ]
Last = [ 0 0 1 0 0 0 0 0 0 1 0 0 1 0 1 ]
nS = 1
S = [ 0 1 2 3 4 5 6 7 8 9 10 11 12 13 14 ]
