n = 20 ; 
T = 192 ; 
Init = [ 0 0 0 0 0 0 0 0 1 1 1 1 1 1 1 0 1 1 1 1 ]
L = [ 6 6 17 17 17 17 17 8 18 18 18 4 4 4 4 18 15 15 15 14 ]
l = [ 6 6 17 17 17 17 17 8 18 18 18 4 4 4 4 18 15 15 15 14 ]
Pmin = [ 31 31 94 94 94 94 94 41 98 98 98 25 25 25 25 92 85 85 85 81 ]
Pmax = [ 89 89 369 369 369 369 369 134 394 394 394 59 59 59 59 373 331 331 331 296 ]
cf = [ 68.4952 68.4952 39.2337 39.2337 39.2337 39.2337 39.2337 35.9596 56.8721 56.8721 56.8721 45.3727 45.3727 45.3727 45.3727 30.8183 32.1111 32.1111 32.1111 60.5776 ]
c0 = [ 93 93 250 250 250 250 250 123 250 250 250 91 91 91 91 244 229 229 229 218 ]
cp = [ 34.5987 34.5987 22.3225 22.3225 22.3225 22.3225 22.3225 35.9857 11.7106 11.7106 11.7106 40.4463 40.4463 40.4463 40.4463 9.89655 30.0892 30.0892 30.0892 23.6591 ]
D = [ 1222 1376 1466 1592 1712 1911 1973 1995 2184 2315 2509 2649 2785 2864 3053 3033 3264 3319 3467 3588 3749 3891 4044 4117 4241 4026 3969 3867 3622 3508 3377 3085 2997 2827 2533 2856 3177 3446 3663 3834 4106 3764 3532 3187 2795 2415 1921 1632 1288 1313 1560 1737 1867 1965 2059 2238 2367 2541 2584 2706 2958 3066 3250 3303 3370 3678 3744 3835 4067 4154 4218 4436 4605 4420 4223 3959 3842 3588 3439 3205 3048 2801 2607 2819 3120 3258 3303 3596 3772 3464 3274 2887 2760 2408 2147 1739 1600 1575 1837 1923 2100 2076 2235 2345 2572 2684 2827 2785 2892 3059 3129 3396 3420 3596 3642 3847 3903 4052 4201 4394 4354 4279 4057 3870 3622 3594 3306 3021 2849 2702 2593 2930 3091 3472 3590 3857 4231 3749 3440 3178 2742 2384 2059 1737 1219 1410 1575 1753 1907 1860 2184 2287 2346 2570 2687 2784 2875 3061 3053 3259 3296 3498 3601 3722 3972 3960 4212 4251 4480 4262 4061 3955 3647 3644 3317 3157 3008 2927 2817 2835 3138 3364 3566 3590 3912 3598 3297 2868 2611 2173 1822 1684 ]
K = 8
nk = [ 1 1 2 2 2 2 2 3 4 4 4 5 5 5 5 6 7 7 7 8 ]
First = [ 1 0 1 0 0 0 0 1 1 0 0 1 0 0 0 1 1 0 0 1 ]
Last = [ 0 1 0 0 0 0 1 1 0 0 1 0 0 0 1 1 0 0 1 1 ]
nS = 1
S = [ 0 1 2 3 4 5 6 7 8 9 10 11 12 13 14 15 16 17 18 19 ]
