n = 20 ; 
T = 192 ; 
Init = [ 1 1 1 1 1 1 1 1 1 1 1 1 1 0 0 1 1 1 1 1 ]
L = [ 6 6 6 6 6 6 6 6 6 6 6 6 6 7 7 12 12 12 12 12 ]
l = [ 6 6 6 6 6 6 6 6 6 6 6 6 6 7 7 12 12 12 12 12 ]
Pmin = [ 27 27 27 27 27 27 27 27 27 25 25 25 25 39 39 71 71 71 71 71 ]
Pmax = [ 71 71 71 71 71 71 71 71 71 86 86 86 86 124 124 256 256 256 256 256 ]
cf = [ 10.8859 10.8859 10.8859 10.8859 10.8859 10.8859 10.8859 10.8859 10.8859 22.3325 22.3325 22.3325 22.3325 15.7558 15.7558 52.6841 52.6841 52.6841 52.6841 52.6841 ]
c0 = [ 89 89 89 89 89 89 89 89 89 81 81 81 81 105 105 185 185 185 185 185 ]
cp = [ 39.1486 39.1486 39.1486 39.1486 39.1486 39.1486 39.1486 39.1486 39.1486 39.3779 39.3779 39.3779 39.3779 31.3464 31.3464 29.1878 29.1878 29.1878 29.1878 29.1878 ]
D = [ 490 595 621 770 751 850 974 973 1062 1144 1230 1254 1373 1352 1474 1540 1626 1654 1759 1802 1854 1950 2037 2051 2073 2060 1968 1915 1808 1668 1594 1569 1468 1353 1310 1391 1474 1555 1669 1776 1772 1687 1531 1361 1288 1089 1019 866 692 788 843 955 939 1022 1108 1134 1224 1265 1372 1428 1508 1511 1666 1642 1775 1852 1839 1922 1979 2032 2078 2171 2290 2155 2085 1944 1869 1784 1678 1583 1430 1315 1269 1332 1433 1504 1631 1757 1807 1718 1478 1385 1136 987 907 727 505 622 640 755 800 877 916 975 1046 1090 1195 1250 1347 1419 1479 1551 1553 1643 1669 1745 1858 1954 1944 2071 2149 2067 1965 1794 1714 1634 1561 1465 1436 1315 1169 1317 1406 1532 1674 1768 1871 1681 1495 1358 1175 1083 853 707 574 648 654 785 848 874 1016 1088 1131 1168 1301 1314 1395 1469 1563 1662 1670 1750 1844 1926 1982 2002 2163 2190 2242 2146 2092 1963 1894 1782 1674 1558 1449 1376 1219 1303 1385 1500 1585 1739 1820 1623 1476 1424 1230 1106 981 824 ]
K = 4
nk = [ 1 1 1 1 1 1 1 1 1 2 2 2 2 3 3 4 4 4 4 4 ]
First = [ 1 0 0 0 0 0 0 0 0 1 0 0 0 1 0 1 0 0 0 0 ]
Last = [ 0 0 0 0 0 0 0 0 1 0 0 0 1 0 1 0 0 0 0 1 ]
nS = 1
S = [ 0 1 2 3 4 5 6 7 8 9 10 11 12 13 14 15 16 17 18 19 ]
