n = 20 ; 
T = 192 ; 
Init = [ 1 1 1 1 1 1 1 0 0 0 0 1 1 1 1 1 1 1 1 1 ]
L = [ 19 19 19 19 19 19 19 10 10 10 10 11 11 11 11 11 12 5 5 5 ]
l = [ 19 19 19 19 19 19 19 10 10 10 10 11 11 11 11 11 12 5 5 5 ]
Pmin = [ 100 100 100 100 100 100 100 48 48 48 48 56 56 56 56 56 56 27 27 27 ]
Pmax = [ 420 420 420 420 420 420 420 189 189 189 189 200 200 200 200 200 225 79 79 79 ]
cf = [ 20.9374 20.9374 20.9374 20.9374 20.9374 20.9374 20.9374 25.9544 25.9544 25.9544 25.9544 33.0642 33.0642 33.0642 33.0642 33.0642 68.0218 32.9834 32.9834 32.9834 ]
c0 = [ 250 250 250 250 250 250 250 141 141 141 141 164 164 164 164 164 166 97 97 97 ]
cp = [ 14.0443 14.0443 14.0443 14.0443 14.0443 14.0443 14.0443 28.3527 28.3527 28.3527 28.3527 29.7191 29.7191 29.7191 29.7191 29.7191 22.3069 41.1877 41.1877 41.1877 ]
D = [ 1334 1597 1573 1851 1857 1961 2056 2285 2412 2622 2736 2767 2851 3017 3148 3266 3385 3397 3609 3718 3846 3937 4106 4264 4329 4105 4003 3797 3664 3593 3356 3177 3041 2864 2635 2935 3086 3176 3377 3533 3711 3403 3172 2810 2546 2117 1751 1484 1135 1308 1406 1576 1814 1872 2076 2204 2399 2383 2542 2727 2854 2928 3084 3329 3425 3558 3595 3911 3929 4133 4302 4419 4580 4266 4043 3920 3854 3627 3313 3129 2935 2788 2633 2765 3175 3311 3637 3897 4085 3656 3394 3004 2715 2471 2185 1853 1457 1513 1664 1867 1891 2110 2233 2223 2527 2657 2646 2787 2955 3040 3146 3209 3379 3504 3721 3789 3978 4130 4236 4301 4495 4300 4145 3982 3752 3551 3392 3155 3092 2959 2801 3007 3131 3340 3619 3715 3930 3563 3375 2918 2718 2304 1992 1838 1353 1571 1662 1829 1857 1956 2062 2265 2376 2416 2520 2667 2720 2831 3109 3171 3155 3330 3408 3541 3629 3766 4008 3992 4125 4055 3877 3632 3660 3442 3313 3214 2895 2745 2701 2862 3059 3369 3415 3815 3848 3534 3206 2828 2514 2144 1922 1479 ]
K = 5
nk = [ 1 1 1 1 1 1 1 2 2 2 2 3 3 3 3 3 4 5 5 5 ]
First = [ 1 0 0 0 0 0 0 1 0 0 0 1 0 0 0 0 1 1 0 0 ]
Last = [ 0 0 0 0 0 0 1 0 0 0 1 0 0 0 0 1 1 0 0 1 ]
nS = 1
S = [ 0 1 2 3 4 5 6 7 8 9 10 11 12 13 14 15 16 17 18 19 ]
