n = 20 ; 
T = 192 ; 
Init = [ 1 1 1 0 0 0 0 0 0 0 1 1 1 1 0 0 0 1 1 1 ]
L = [ 16 16 16 17 17 17 17 17 17 17 19 19 19 19 10 10 10 10 10 10 ]
l = [ 16 16 16 17 17 17 17 17 17 17 19 19 19 19 10 10 10 10 10 10 ]
Pmin = [ 92 92 92 91 91 91 91 91 91 91 97 97 97 97 52 52 52 48 48 48 ]
Pmax = [ 360 360 360 371 371 371 371 371 371 371 408 408 408 408 192 192 192 193 193 193 ]
cf = [ 22.0471 22.0471 22.0471 52.7166 52.7166 52.7166 52.7166 52.7166 52.7166 52.7166 35.9714 35.9714 35.9714 35.9714 41.0729 41.0729 41.0729 66.3531 66.3531 66.3531 ]
c0 = [ 236 236 236 231 231 231 231 231 231 231 250 250 250 250 142 142 142 133 133 133 ]
cp = [ 13.919 13.919 13.919 11.201 11.201 11.201 11.201 11.201 11.201 11.201 12.5741 12.5741 12.5741 12.5741 34.5338 34.5338 34.5338 24.0673 24.0673 24.0673 ]
D = [ 1680 1619 1929 2089 2117 2371 2660 2814 2998 3049 3307 3418 3626 3866 3893 4234 4376 4420 4607 4734 5022 5056 5296 5378 5567 5437 5166 4929 4652 4357 4133 3905 3638 3555 3059 3460 3752 4185 4312 4619 4933 4701 4244 3890 3470 3129 2687 2240 1794 1902 2165 2144 2485 2497 2703 2735 3026 2990 3259 3453 3425 3789 3711 4068 3996 4178 4285 4639 4764 4918 4993 5179 5292 4966 4732 4727 4311 4130 3966 3789 3573 3271 3189 3408 3729 3947 4314 4524 4822 4401 4005 3734 3276 2917 2602 2186 1957 1919 2066 2194 2391 2485 2666 2893 3034 3249 3211 3519 3604 3760 3844 4122 4101 4368 4400 4587 4829 4961 5061 5315 5245 5201 4891 4744 4607 4331 4215 3917 3717 3345 3288 3611 3658 4108 4254 4557 4818 4357 3881 3399 3208 2671 2321 1705 1482 1618 1789 1941 2238 2215 2442 2675 2748 2889 3133 3305 3601 3651 3870 4098 4295 4299 4529 4690 4901 5072 5208 5566 5553 5351 5313 5115 4764 4574 4325 4038 3807 3550 3496 3601 3879 4091 4509 4682 4857 4412 4166 3528 3213 2749 2419 1864 ]
K = 5
nk = [ 1 1 1 2 2 2 2 2 2 2 3 3 3 3 4 4 4 5 5 5 ]
First = [ 1 0 0 1 0 0 0 0 0 0 1 0 0 0 1 0 0 1 0 0 ]
Last = [ 0 0 1 0 0 0 0 0 0 1 0 0 0 1 0 0 1 0 0 1 ]
nS = 1
S = [ 0 1 2 3 4 5 6 7 8 9 10 11 12 13 14 15 16 17 18 19 ]
