n = 20 ; 
T = 192 ; 
Init = [ 1 1 1 1 1 1 1 1 0 0 0 0 0 0 0 0 1 1 1 1 ]
L = [ 19 19 19 19 19 19 19 19 11 11 11 11 11 11 11 11 12 12 12 12 ]
l = [ 19 19 19 19 19 19 19 19 11 11 11 11 11 11 11 11 12 12 12 12 ]
Pmin = [ 100 100 100 100 100 100 100 100 57 57 57 57 57 57 57 57 67 67 67 67 ]
Pmax = [ 420 420 420 420 420 420 420 420 212 212 212 212 212 212 212 212 248 248 248 248 ]
cf = [ 32.1003 32.1003 32.1003 32.1003 32.1003 32.1003 32.1003 32.1003 58.595 58.595 58.595 58.595 58.595 58.595 58.595 58.595 19.6272 19.6272 19.6272 19.6272 ]
c0 = [ 250 250 250 250 250 250 250 250 149 149 149 149 149 149 149 149 181 181 181 181 ]
cp = [ 10.2904 10.2904 10.2904 10.2904 10.2904 10.2904 10.2904 10.2904 21.4695 21.4695 21.4695 21.4695 21.4695 21.4695 21.4695 21.4695 32.747 32.747 32.747 32.747 ]
D = [ 1700 1647 1994 2137 2269 2326 2410 2644 2793 2868 2912 3059 3290 3527 3536 3774 3827 3975 4046 4225 4388 4505 4766 4723 4929 4701 4626 4403 4286 4077 3885 3634 3474 3247 3000 3283 3423 3813 3948 4097 4422 4110 3672 3495 3039 2712 2392 2091 1762 1767 1904 1980 2355 2469 2630 2755 2879 2990 3157 3256 3322 3523 3513 3721 3809 3941 4226 4348 4387 4599 4611 4911 4906 4878 4636 4503 4317 4125 3926 3705 3382 3182 3140 3290 3787 4004 4141 4624 4816 4488 3953 3578 3072 2632 2085 1773 1278 1499 1638 1707 1876 2071 2144 2311 2496 2537 2812 2987 3176 3312 3454 3572 3800 3895 3916 4264 4273 4610 4660 4919 4916 4737 4634 4318 4018 3818 3627 3563 3188 2979 2829 3215 3552 3826 3981 4348 4749 4339 3798 3547 3117 2804 2273 1916 1612 1731 1867 1922 2146 2416 2378 2611 2898 3006 3071 3115 3281 3434 3759 3902 3911 4063 4308 4536 4533 4672 4857 4928 5165 5003 4709 4533 4352 4166 3893 3585 3369 3082 2920 3241 3294 3650 3811 4001 4314 4015 3482 3194 2898 2540 2002 1566 ]
K = 3
nk = [ 1 1 1 1 1 1 1 1 2 2 2 2 2 2 2 2 3 3 3 3 ]
First = [ 1 0 0 0 0 0 0 0 1 0 0 0 0 0 0 0 1 0 0 0 ]
Last = [ 0 0 0 0 0 0 0 1 0 0 0 0 0 0 0 1 0 0 0 1 ]
nS = 1
S = [ 0 1 2 3 4 5 6 7 8 9 10 11 12 13 14 15 16 17 18 19 ]
