n = 20 ; 
T = 192 ; 
Init = [ 1 1 1 1 1 0 0 1 1 1 1 1 0 0 0 0 0 0 0 0 ]
L = [ 9 9 9 9 9 8 8 6 6 6 12 12 12 12 15 15 15 15 8 8 ]
l = [ 9 9 9 9 9 8 8 6 6 6 12 12 12 12 15 15 15 15 8 8 ]
Pmin = [ 48 48 48 48 48 42 42 25 25 25 70 70 66 66 86 86 86 86 37 37 ]
Pmax = [ 163 163 163 163 163 126 126 73 73 73 249 249 235 235 333 333 333 333 137 137 ]
cf = [ 12.0016 12.0016 12.0016 12.0016 12.0016 37.6527 37.6527 43.8144 43.8144 43.8144 15.235 15.235 20.6993 20.6993 24.0778 24.0778 24.0778 24.0778 58.8217 58.8217 ]
c0 = [ 137 137 137 137 137 115 115 70 70 70 179 179 183 183 221 221 221 221 119 119 ]
cp = [ 26.6347 26.6347 26.6347 26.6347 26.6347 30.7855 30.7855 21.6846 21.6846 21.6846 12.5244 12.5244 31.1624 31.1624 16.2997 16.2997 16.2997 16.2997 26.7215 26.7215 ]
D = [ 984 1123 1271 1298 1428 1500 1596 1635 1876 1902 1954 2049 2160 2229 2372 2483 2614 2627 2686 2847 2893 2991 3111 3299 3266 3187 3076 2962 2805 2610 2541 2419 2268 2097 1908 2107 2383 2511 2653 2921 2979 2775 2431 2202 1971 1676 1462 1114 813 850 1000 1173 1235 1252 1403 1560 1644 1654 1795 1844 1955 2115 2105 2318 2286 2519 2609 2650 2662 2800 2888 3037 3083 3032 2856 2706 2651 2480 2359 2170 2096 2031 1766 1948 2095 2330 2420 2710 2861 2583 2260 2013 1801 1528 1244 1059 792 830 1045 1079 1223 1262 1369 1470 1671 1717 1873 1982 2045 2068 2163 2298 2404 2474 2598 2832 2831 2960 3079 3211 3308 3093 2941 2910 2709 2591 2411 2216 2186 1963 1852 2025 2209 2417 2588 2714 2863 2658 2361 2195 1908 1602 1314 1183 859 952 1058 1200 1282 1345 1427 1534 1714 1743 1962 2060 2121 2183 2291 2385 2443 2656 2725 2831 2847 3003 3076 3195 3316 3110 3050 2909 2801 2550 2420 2271 2164 2039 1930 1978 2297 2344 2551 2794 2923 2676 2500 2326 2040 1715 1533 1358 ]
K = 7
nk = [ 1 1 1 1 1 2 2 3 3 3 4 4 5 5 6 6 6 6 7 7 ]
First = [ 1 0 0 0 0 1 0 1 0 0 1 0 1 0 1 0 0 0 1 0 ]
Last = [ 0 0 0 0 1 0 1 0 0 1 0 1 0 1 0 0 0 1 0 1 ]
nS = 1
S = [ 0 1 2 3 4 5 6 7 8 9 10 11 12 13 14 15 16 17 18 19 ]
