n = 20 ; 
T = 192 ; 
Init = [ 1 1 1 1 1 1 0 0 0 0 1 1 1 1 0 0 0 0 0 0 ]
L = [ 16 16 16 10 10 10 7 14 14 14 10 6 6 6 17 17 17 5 5 5 ]
l = [ 16 16 16 10 10 10 7 14 14 14 10 6 6 6 17 17 17 5 5 5 ]
Pmin = [ 90 90 90 53 53 53 36 74 74 74 47 29 29 29 95 86 86 19 19 19 ]
Pmax = [ 347 347 347 182 182 182 109 287 287 287 189 73 73 73 359 355 355 48 48 48 ]
cf = [ 58.3849 58.3849 58.3849 41.8676 41.8676 41.8676 19.6072 58.2005 58.2005 58.2005 64.6558 64.2473 64.2473 64.2473 16.2073 42.5981 42.5981 54.495 54.495 54.495 ]
c0 = [ 241 241 241 141 141 141 106 196 196 196 125 84 84 84 250 231 231 57 57 57 ]
cp = [ 18.9698 18.9698 18.9698 29.5757 29.5757 29.5757 34.3779 29.5672 29.5672 29.5672 22.2388 38.0991 38.0991 38.0991 16.7122 14.7753 14.7753 41.6575 41.6575 41.6575 ]
D = [ 1119 1203 1348 1493 1577 1654 1784 1824 2009 2075 2298 2316 2421 2547 2596 2749 2792 2984 3100 3267 3276 3455 3430 3672 3760 3499 3412 3187 3004 2908 2687 2562 2444 2260 2173 2232 2554 2692 2850 3083 3346 2989 2835 2464 2293 2081 1755 1520 1254 1357 1453 1576 1589 1790 1893 1974 2118 2093 2219 2343 2394 2541 2616 2766 2867 2970 3011 3181 3224 3321 3412 3503 3700 3547 3334 3204 2969 2790 2675 2559 2382 2095 2000 2122 2488 2614 2883 3125 3292 2925 2697 2487 2166 1912 1584 1430 1125 1184 1266 1399 1413 1534 1600 1771 1946 2064 2060 2115 2307 2375 2579 2680 2632 2861 2911 2940 3049 3166 3318 3449 3515 3376 3288 3164 2882 2760 2688 2588 2423 2164 2096 2344 2439 2670 2820 2988 3234 2988 2651 2362 2082 1847 1557 1294 1130 1256 1256 1339 1520 1540 1652 1855 1945 1934 2115 2091 2322 2393 2440 2542 2573 2763 2922 2973 3093 3063 3267 3253 3366 3348 3098 3075 2821 2737 2654 2548 2327 2314 2194 2380 2445 2664 2956 3015 3292 3014 2632 2390 2086 1821 1584 1214 ]
K = 9
nk = [ 1 1 1 2 2 2 3 4 4 4 5 6 6 6 7 8 8 9 9 9 ]
First = [ 1 0 0 1 0 0 1 1 0 0 1 1 0 0 1 1 0 1 0 0 ]
Last = [ 0 0 1 0 0 1 1 0 0 1 1 0 0 1 1 0 1 0 0 1 ]
nS = 1
S = [ 0 1 2 3 4 5 6 7 8 9 10 11 12 13 14 15 16 17 18 19 ]
