n = 20 ; 
T = 192 ; 
Init = [ 0 0 0 0 1 1 1 1 0 0 0 1 1 1 1 1 1 1 1 1 ]
L = [ 20 8 8 8 6 10 10 10 5 5 5 9 9 9 9 6 6 6 13 12 ]
l = [ 20 8 8 8 6 10 10 10 5 5 5 9 9 9 9 6 6 6 13 12 ]
Pmin = [ 100 37 37 37 31 55 55 55 26 26 26 43 43 43 43 31 31 31 72 62 ]
Pmax = [ 420 118 118 118 87 196 196 196 61 61 61 172 172 172 172 89 89 89 293 233 ]
cf = [ 45.7818 35.424 35.424 35.424 67.326 34.9817 34.9817 34.9817 18.3311 18.3311 18.3311 67.8273 67.8273 67.8273 67.8273 69.1637 69.1637 69.1637 34.3914 15.633 ]
c0 = [ 250 110 110 110 92 148 148 148 83 83 83 125 125 125 125 102 102 102 201 179 ]
cp = [ 8.30931 37.4219 37.4219 37.4219 38.4477 33.371 33.371 33.371 40.8528 40.8528 40.8528 25.7078 25.7078 25.7078 25.7078 34.2621 34.2621 34.2621 17.7141 25.2248 ]
D = [ 589 685 752 925 941 1089 1115 1235 1321 1408 1495 1554 1644 1662 1809 1812 1896 2006 2036 2176 2241 2317 2395 2440 2569 2431 2333 2221 2148 2062 1903 1860 1790 1618 1546 1654 1916 2032 2180 2325 2449 2240 1998 1767 1497 1323 1140 875 685 679 801 865 982 1091 1180 1308 1356 1376 1531 1630 1675 1795 1888 1906 2031 2125 2248 2262 2337 2451 2541 2665 2693 2654 2522 2329 2184 2117 2035 1907 1747 1577 1425 1572 1823 1950 2138 2226 2410 2183 1921 1703 1509 1378 1092 936 682 754 892 922 986 1056 1190 1313 1301 1432 1519 1586 1690 1774 1817 1897 2019 2124 2238 2219 2398 2380 2502 2636 2668 2518 2414 2328 2161 2133 1912 1855 1691 1650 1540 1619 1825 1903 2022 2258 2384 2150 1889 1680 1447 1271 1058 865 587 750 835 841 894 1013 1096 1115 1256 1277 1376 1470 1625 1661 1696 1786 1923 1928 2002 2121 2204 2283 2384 2381 2463 2409 2292 2232 2098 2013 1886 1834 1709 1588 1588 1666 1814 1924 2067 2277 2328 2175 1959 1769 1573 1439 1260 1122 ]
K = 9
nk = [ 1 2 2 2 3 4 4 4 5 5 5 6 6 6 6 7 7 7 8 9 ]
First = [ 1 1 0 0 1 1 0 0 1 0 0 1 0 0 0 1 0 0 1 1 ]
Last = [ 1 0 0 1 1 0 0 1 0 0 1 0 0 0 1 0 0 1 1 1 ]
nS = 1
S = [ 0 1 2 3 4 5 6 7 8 9 10 11 12 13 14 15 16 17 18 19 ]
