n = 20 ; 
T = 192 ; 
Init = [ 1 1 1 0 0 0 0 0 0 0 0 1 1 1 1 1 1 1 1 1 ]
L = [ 16 16 16 9 9 9 16 16 4 4 4 13 13 15 10 10 6 6 14 14 ]
l = [ 16 16 16 9 9 9 16 16 4 4 4 13 13 15 10 10 6 6 14 14 ]
Pmin = [ 81 81 81 47 47 47 88 88 21 21 21 73 73 80 55 55 28 28 78 78 ]
Pmax = [ 336 336 336 174 174 174 335 335 52 52 52 274 274 317 209 209 71 71 285 285 ]
cf = [ 52.5288 52.5288 52.5288 45.0516 45.0516 45.0516 24.0467 24.0467 61.8955 61.8955 61.8955 62.8465 62.8465 22.4824 41.0886 41.0886 51.3312 51.3312 18.1384 18.1384 ]
c0 = [ 215 215 215 141 141 141 222 222 72 72 72 204 204 221 164 164 84 84 202 202 ]
cp = [ 23.1422 23.1422 23.1422 29.651 29.651 29.651 23.0468 23.0468 40.7472 40.7472 40.7472 25.9261 25.9261 18.0344 33.4742 33.4742 30.989 30.989 27.0706 27.0706 ]
D = [ 1178 1263 1365 1552 1525 1661 1829 1954 2033 2131 2259 2401 2550 2532 2756 2755 2880 3018 3102 3240 3377 3418 3573 3725 3783 3693 3485 3326 3181 2983 2956 2650 2603 2397 2343 2466 2594 2731 2871 3144 3271 3012 2724 2472 2261 1915 1728 1360 1121 1250 1293 1432 1501 1707 1849 1869 2023 2180 2302 2399 2476 2564 2631 2862 2933 2941 3142 3216 3373 3410 3535 3608 3720 3637 3380 3267 3107 2999 2696 2680 2417 2221 2060 2294 2559 2793 2937 3072 3354 3053 2718 2511 2187 1984 1724 1535 1247 1309 1427 1484 1629 1800 1863 1892 1925 2139 2245 2249 2467 2435 2681 2762 2850 2859 3024 3070 3177 3220 3375 3538 3581 3380 3246 3129 2962 2829 2728 2437 2441 2187 2028 2247 2408 2556 2881 2977 3240 2931 2640 2382 2118 1799 1525 1250 939 1164 1232 1300 1370 1473 1701 1791 1773 1862 2110 2164 2247 2350 2549 2591 2656 2761 2876 3084 3176 3311 3358 3409 3548 3342 3181 3135 3054 2772 2740 2493 2329 2257 2144 2269 2518 2678 2785 2908 3223 2877 2702 2400 2224 1965 1771 1551 ]
K = 9
nk = [ 1 1 1 2 2 2 3 3 4 4 4 5 5 6 7 7 8 8 9 9 ]
First = [ 1 0 0 1 0 0 1 0 1 0 0 1 0 1 1 0 1 0 1 0 ]
Last = [ 0 0 1 0 0 1 0 1 0 0 1 0 1 1 0 1 0 1 0 1 ]
nS = 1
S = [ 0 1 2 3 4 5 6 7 8 9 10 11 12 13 14 15 16 17 18 19 ]
