n = 20 ; 
T = 192 ; 
Init = [ 1 1 0 0 1 1 1 1 0 1 1 1 1 1 1 1 1 1 1 1 ]
L = [ 8 8 16 16 15 15 15 15 9 14 14 16 16 16 9 9 9 14 14 14 ]
l = [ 8 8 16 16 15 15 15 15 9 14 14 16 16 16 9 9 9 14 14 14 ]
Pmin = [ 47 47 81 81 77 77 77 77 50 70 70 86 86 86 40 40 40 82 82 82 ]
Pmax = [ 152 152 326 326 297 297 297 297 172 279 279 347 347 347 150 150 150 309 309 309 ]
cf = [ 18.8042 18.8042 29.9995 29.9995 34.5874 34.5874 34.5874 34.5874 21.2455 35.0596 35.0596 31.3339 31.3339 31.3339 37.4827 37.4827 37.4827 22.0256 22.0256 22.0256 ]
c0 = [ 137 137 208 208 213 213 213 213 137 180 180 219 219 219 122 122 122 226 226 226 ]
cp = [ 35.522 35.522 11.6546 11.6546 17.2134 17.2134 17.2134 17.2134 37.1641 14.438 14.438 17.0157 17.0157 17.0157 37.2858 37.2858 37.2858 25.1557 25.1557 25.1557 ]
D = [ 1070 1181 1386 1570 1721 1897 2037 2014 2205 2301 2536 2714 2831 3014 3010 3176 3393 3430 3559 3745 3907 4177 4325 4306 4553 4441 4115 4006 3771 3704 3387 3325 3015 2973 2741 3030 3188 3333 3668 3874 3973 3637 3328 2850 2554 2311 1857 1635 1322 1308 1547 1700 1746 1840 1932 2086 2249 2454 2473 2557 2704 2808 3057 3146 3379 3419 3614 3647 3724 4001 4084 4266 4223 4129 4008 3754 3616 3514 3266 3091 2846 2709 2558 2821 3027 3217 3293 3534 3801 3437 3090 2834 2444 2006 1711 1427 1113 1290 1316 1459 1688 1845 2025 2114 2196 2375 2605 2723 2925 3002 3122 3310 3471 3628 3880 4015 4164 4287 4371 4632 4587 4573 4281 3983 3926 3608 3356 3213 2921 2756 2607 2807 2852 3146 3285 3473 3796 3543 3229 2921 2595 2463 2192 1877 1675 1622 1828 2017 2099 2219 2354 2332 2415 2621 2732 2865 2924 3035 3224 3378 3427 3605 3670 3737 3872 3899 4123 4185 4424 4116 4049 3902 3746 3612 3328 3258 3168 2973 2765 3011 3192 3372 3481 3841 3901 3675 3298 2972 2742 2439 1940 1644 ]
K = 8
nk = [ 1 1 2 2 3 3 3 3 4 5 5 6 6 6 7 7 7 8 8 8 ]
First = [ 1 0 1 0 1 0 0 0 1 1 0 1 0 0 1 0 0 1 0 0 ]
Last = [ 0 1 0 1 0 0 0 1 1 0 1 0 0 1 0 0 1 0 0 1 ]
nS = 1
S = [ 0 1 2 3 4 5 6 7 8 9 10 11 12 13 14 15 16 17 18 19 ]
