n = 20 ; 
T = 192 ; 
Init = [ 1 1 1 1 1 1 1 1 0 0 0 0 0 0 0 0 0 0 0 0 ]
L = [ 13 13 13 13 12 12 10 10 16 16 11 11 11 11 16 16 16 7 7 7 ]
l = [ 13 13 13 13 12 12 10 10 16 16 11 11 11 11 16 16 16 7 7 7 ]
Pmin = [ 78 78 78 78 59 59 56 56 83 83 58 58 58 58 88 88 88 39 39 39 ]
Pmax = [ 283 283 283 283 223 223 208 208 341 341 221 221 221 221 330 330 330 127 127 127 ]
cf = [ 44.2997 44.2997 44.2997 44.2997 36.5808 36.5808 11.8261 11.8261 33.7293 33.7293 11.5515 11.5515 11.5515 11.5515 49.6649 49.6649 49.6649 15.8641 15.8641 15.8641 ]
c0 = [ 201 201 201 201 152 152 147 147 231 231 154 154 154 154 227 227 227 126 126 126 ]
cp = [ 33.5359 33.5359 33.5359 33.5359 25.1086 25.1086 32.2251 32.2251 17.296 17.296 22.975 22.975 22.975 22.975 11.6895 11.6895 11.6895 34.3867 34.3867 34.3867 ]
D = [ 900 1172 1246 1471 1515 1646 1769 1789 2040 2035 2182 2356 2441 2542 2775 2908 2932 3234 3179 3344 3494 3689 3813 3943 4110 3839 3770 3586 3337 3347 3054 2884 2843 2694 2426 2661 2876 3161 3290 3630 3783 3427 3111 2915 2534 2323 1938 1651 1338 1543 1495 1732 1821 1939 2080 2133 2306 2429 2396 2571 2775 2770 2953 3039 3152 3271 3302 3556 3657 3594 3765 3955 4002 3917 3709 3615 3383 3266 3170 2986 2766 2511 2454 2549 2833 2945 3180 3329 3454 3290 3051 2620 2339 2173 1914 1636 1228 1528 1538 1726 1778 1851 1964 2057 2190 2276 2504 2539 2726 2869 3010 2933 3132 3244 3310 3421 3569 3675 3780 3838 3960 4000 3719 3518 3501 3326 3086 3071 2885 2739 2601 2838 2938 3085 3104 3225 3542 3265 2898 2681 2433 2094 1884 1524 1353 1371 1496 1691 1769 1838 1964 2209 2183 2241 2445 2614 2678 2780 2907 2977 3153 3257 3305 3472 3674 3772 3761 3891 4046 3881 3677 3582 3520 3276 3184 3018 2877 2796 2515 2648 2831 3069 3137 3377 3560 3258 2897 2571 2455 2107 1737 1486 ]
K = 7
nk = [ 1 1 1 1 2 2 3 3 4 4 5 5 5 5 6 6 6 7 7 7 ]
First = [ 1 0 0 0 1 0 1 0 1 0 1 0 0 0 1 0 0 1 0 0 ]
Last = [ 0 0 0 1 0 1 0 1 0 1 0 0 0 1 0 0 1 0 0 1 ]
nS = 1
S = [ 0 1 2 3 4 5 6 7 8 9 10 11 12 13 14 15 16 17 18 19 ]
