n = 20 ; 
T = 192 ; 
Init = [ 0 0 0 0 0 0 0 0 0 1 1 1 1 1 1 1 1 1 1 1 ]
L = [ 9 9 9 9 9 9 9 9 9 4 4 4 4 4 4 16 16 16 16 16 ]
l = [ 9 9 9 9 9 9 9 9 9 4 4 4 4 4 4 16 16 16 16 16 ]
Pmin = [ 44 44 44 44 44 44 44 44 44 14 14 14 14 14 14 86 86 86 86 86 ]
Pmax = [ 165 165 165 165 165 165 165 165 165 43 43 43 43 43 43 341 341 341 341 341 ]
cf = [ 28.2448 28.2448 28.2448 28.2448 28.2448 28.2448 28.2448 28.2448 28.2448 17.6652 17.6652 17.6652 17.6652 17.6652 17.6652 39.986 39.986 39.986 39.986 39.986 ]
c0 = [ 133 133 133 133 133 133 133 133 133 49 49 49 49 49 49 223 223 223 223 223 ]
cp = [ 30.5839 30.5839 30.5839 30.5839 30.5839 30.5839 30.5839 30.5839 30.5839 40.9628 40.9628 40.9628 40.9628 40.9628 40.9628 20.4542 20.4542 20.4542 20.4542 20.4542 ]
D = [ 1029 1113 1191 1307 1387 1488 1475 1670 1681 1849 1930 1946 2005 2068 2156 2342 2325 2475 2577 2632 2743 2789 2961 2993 3018 2955 2785 2626 2560 2352 2216 2095 1884 1877 1648 1839 1979 2059 2221 2285 2448 2263 2055 1850 1641 1435 1191 1017 712 845 959 1088 1191 1288 1354 1390 1492 1578 1682 1780 1916 1943 2051 2139 2336 2379 2499 2584 2630 2755 2843 3031 3123 2873 2752 2589 2484 2316 2233 2082 1951 1747 1629 1800 2028 2174 2285 2380 2517 2393 2112 1909 1717 1447 1234 1005 738 915 934 1038 1096 1231 1371 1403 1595 1588 1767 1897 1912 1971 2176 2184 2338 2348 2477 2595 2687 2839 2853 3038 3066 2975 2824 2648 2544 2382 2272 2009 1927 1740 1622 1799 1946 2030 2280 2386 2503 2359 2157 1990 1808 1578 1461 1200 977 1157 1197 1342 1376 1522 1568 1584 1763 1828 1906 1904 1994 2097 2229 2250 2452 2400 2525 2634 2708 2856 2834 3006 3089 2909 2729 2693 2464 2291 2279 2057 1980 1786 1624 1764 1901 2107 2179 2273 2459 2214 2049 1930 1704 1586 1404 1158 ]
K = 3
nk = [ 1 1 1 1 1 1 1 1 1 2 2 2 2 2 2 3 3 3 3 3 ]
First = [ 1 0 0 0 0 0 0 0 0 1 0 0 0 0 0 1 0 0 0 0 ]
Last = [ 0 0 0 0 0 0 0 0 1 0 0 0 0 0 1 0 0 0 0 1 ]
nS = 1
S = [ 0 1 2 3 4 5 6 7 8 9 10 11 12 13 14 15 16 17 18 19 ]
