n = 20 ; 
T = 192 ; 
Init = [ 0 0 0 0 0 0 0 0 1 1 1 1 1 1 0 0 0 0 0 0 ]
L = [ 5 5 13 13 13 13 14 14 17 17 12 12 12 12 14 14 14 14 14 17 ]
l = [ 5 5 13 13 13 13 14 14 17 17 12 12 12 12 14 14 14 14 14 17 ]
Pmin = [ 24 24 67 67 67 67 72 72 92 92 68 68 68 68 72 72 72 72 72 96 ]
Pmax = [ 71 71 261 261 261 261 277 277 350 350 255 255 255 255 292 292 292 292 292 367 ]
cf = [ 38.1014 38.1014 44.0844 44.0844 44.0844 44.0844 11.6403 11.6403 57.0903 57.0903 17.4337 17.4337 17.4337 17.4337 36.2337 36.2337 36.2337 36.2337 36.2337 12.3554 ]
c0 = [ 90 90 190 190 190 190 203 203 244 244 180 180 180 180 199 199 199 199 199 250 ]
cp = [ 38.0526 38.0526 22.1332 22.1332 22.1332 22.1332 16.1114 16.1114 15.9497 15.9497 27.3278 27.3278 27.3278 27.3278 16.587 16.587 16.587 16.587 16.587 16.0986 ]
D = [ 1124 1291 1488 1631 1764 1860 1939 2092 2291 2523 2543 2594 2745 3009 3161 3258 3469 3516 3747 3900 3995 4097 4283 4261 4490 4382 4068 4005 3755 3608 3325 3244 2914 2900 2612 2901 3046 3322 3414 3619 3988 3636 3217 3061 2623 2429 2020 1655 1498 1671 1648 1877 1925 2027 2195 2497 2505 2569 2730 2913 3090 3317 3422 3440 3534 3833 3997 4053 4247 4358 4501 4604 4620 4567 4344 4002 3912 3675 3505 3214 3013 2683 2484 2883 2996 3305 3657 3854 4090 3615 3430 2857 2471 2254 1773 1345 1033 1101 1444 1416 1691 1698 2011 2055 2111 2350 2412 2567 2826 2816 3037 3133 3428 3374 3660 3859 4000 4091 4285 4377 4367 4181 4055 3850 3745 3578 3273 3045 3015 2699 2513 2870 3095 3334 3593 3943 4279 3831 3567 3181 2793 2396 2176 1729 1373 1417 1615 1757 1865 2048 2064 2195 2474 2452 2532 2685 2879 3041 3144 3302 3448 3414 3634 3684 3950 3926 4151 4161 4269 4105 4004 3883 3682 3550 3444 3257 3045 2801 2632 2774 3173 3266 3416 3758 3917 3496 3129 2832 2660 2272 2010 1648 ]
K = 7
nk = [ 1 1 2 2 2 2 3 3 4 4 5 5 5 5 6 6 6 6 6 7 ]
First = [ 1 0 1 0 0 0 1 0 1 0 1 0 0 0 1 0 0 0 0 1 ]
Last = [ 0 1 0 0 0 1 0 1 0 1 0 0 0 1 0 0 0 0 1 1 ]
nS = 1
S = [ 0 1 2 3 4 5 6 7 8 9 10 11 12 13 14 15 16 17 18 19 ]
