n = 20 ; 
T = 192 ; 
Init = [ 1 1 1 0 0 0 0 0 1 1 1 1 1 1 1 0 0 0 0 1 ]
L = [ 17 17 10 19 19 19 11 11 17 17 17 17 11 11 11 19 19 10 10 4 ]
l = [ 17 17 10 19 19 19 11 11 17 17 17 17 11 11 11 19 19 10 10 4 ]
Pmin = [ 92 92 58 100 100 100 57 57 96 96 96 96 52 52 52 100 100 54 54 16 ]
Pmax = [ 362 362 199 402 402 402 219 219 369 369 369 369 202 202 202 399 399 179 179 52 ]
cf = [ 38.1771 38.1771 27.6431 49.4344 49.4344 49.4344 41.3476 41.3476 27.2508 27.2508 27.2508 27.2508 49.4209 49.4209 49.4209 25.1513 25.1513 29.4888 29.4888 55.982 ]
c0 = [ 239 239 170 250 250 250 154 154 250 250 250 250 141 141 141 250 250 146 146 56 ]
cp = [ 10.8491 10.8491 22.5591 10.5569 10.5569 10.5569 24.8756 24.8756 14.5597 14.5597 14.5597 14.5597 26.2695 26.2695 26.2695 16.7697 16.7697 27.8194 27.8194 41.6522 ]
D = [ 1492 1564 1731 1907 1856 2184 2203 2347 2523 2745 2837 2861 2993 3101 3458 3532 3549 3674 3820 3993 4192 4240 4484 4537 4739 4509 4427 4162 4125 3928 3781 3576 3313 3195 3028 3219 3467 3823 4021 4305 4512 4058 3623 3218 2969 2517 2283 1913 1537 1569 1838 2070 2191 2367 2500 2595 2796 2896 3134 3154 3258 3450 3714 3702 3854 4165 4356 4421 4665 4819 4768 4927 5214 5028 4723 4548 4395 4053 3929 3679 3448 3205 3034 3163 3335 3536 3842 4061 4208 3812 3347 3127 2769 2180 2028 1668 1181 1376 1455 1594 1932 2049 2247 2222 2427 2588 2779 2955 3157 3297 3464 3687 3718 3923 4112 4352 4462 4568 4820 4946 5035 4937 4642 4391 4215 3949 3952 3728 3497 3183 2939 3329 3416 3888 4091 4223 4462 4070 3825 3246 3068 2595 2312 1769 1370 1628 1783 1813 1976 2314 2369 2466 2773 2804 3104 3064 3285 3496 3532 3747 3918 4076 4285 4445 4506 4751 4880 5083 5193 5020 4802 4431 4175 4095 3796 3548 3337 3274 2901 3122 3430 3614 3778 4005 4066 3815 3521 3088 2660 2482 2110 1698 ]
K = 9
nk = [ 1 1 2 3 3 3 4 4 5 5 5 5 6 6 6 7 7 8 8 9 ]
First = [ 1 0 1 1 0 0 1 0 1 0 0 0 1 0 0 1 0 1 0 1 ]
Last = [ 0 1 1 0 0 1 0 1 0 0 0 1 0 0 1 0 1 0 1 1 ]
nS = 1
S = [ 0 1 2 3 4 5 6 7 8 9 10 11 12 13 14 15 16 17 18 19 ]
