n = 20 ; 
T = 192 ; 
Init = [ 1 1 1 1 1 0 0 0 0 0 0 0 0 0 0 0 0 0 0 0 ]
L = [ 9 9 20 20 20 4 4 4 4 4 4 4 4 4 8 8 8 8 8 8 ]
l = [ 9 9 20 20 20 4 4 4 4 4 4 4 4 4 8 8 8 8 8 8 ]
Pmin = [ 52 52 100 100 100 13 13 13 13 13 13 13 13 13 40 40 40 40 40 40 ]
Pmax = [ 176 176 420 420 420 37 37 37 37 37 37 37 37 37 134 134 134 134 134 134 ]
cf = [ 20.1714 20.1714 41.9746 41.9746 41.9746 39.3901 39.3901 39.3901 39.3901 39.3901 39.3901 39.3901 39.3901 39.3901 42.4614 42.4614 42.4614 42.4614 42.4614 42.4614 ]
c0 = [ 154 154 250 250 250 49 49 49 49 49 49 49 49 49 121 121 121 121 121 121 ]
cp = [ 39.9416 39.9416 10.5425 10.5425 10.5425 41.9755 41.9755 41.9755 41.9755 41.9755 41.9755 41.9755 41.9755 41.9755 25.8415 25.8415 25.8415 25.8415 25.8415 25.8415 ]
D = [ 704 688 814 845 915 988 1092 1200 1268 1377 1357 1488 1595 1630 1666 1824 1902 1943 1995 2106 2176 2220 2320 2335 2466 2371 2230 2160 1948 1885 1757 1716 1563 1487 1292 1471 1510 1681 1783 1926 2022 1846 1642 1476 1260 1129 936 724 603 628 805 816 920 1028 1048 1091 1183 1272 1383 1400 1516 1580 1632 1803 1854 1933 1974 2028 2080 2245 2260 2359 2399 2312 2245 2179 1985 1926 1793 1736 1626 1482 1470 1476 1562 1691 1773 1875 2017 1883 1676 1497 1350 1228 1033 971 759 853 889 972 991 1064 1165 1226 1268 1305 1357 1468 1485 1557 1658 1707 1765 1871 1856 1933 1986 2055 2139 2222 2250 2166 2131 2043 1917 1781 1704 1694 1590 1487 1389 1435 1537 1672 1828 1910 2020 1882 1619 1510 1272 1158 926 794 603 691 721 778 919 949 1078 1172 1213 1311 1388 1414 1503 1630 1652 1771 1838 1946 1958 2066 2199 2280 2328 2415 2442 2349 2246 2174 2033 1918 1833 1665 1559 1536 1347 1543 1600 1812 1912 2042 2163 1934 1794 1596 1416 1219 951 759 ]
K = 4
nk = [ 1 1 2 2 2 3 3 3 3 3 3 3 3 3 4 4 4 4 4 4 ]
First = [ 1 0 1 0 0 1 0 0 0 0 0 0 0 0 1 0 0 0 0 0 ]
Last = [ 0 1 0 0 1 0 0 0 0 0 0 0 0 1 0 0 0 0 0 1 ]
nS = 1
S = [ 0 1 2 3 4 5 6 7 8 9 10 11 12 13 14 15 16 17 18 19 ]
