n = 20 ; 
T = 192 ; 
Init = [ 1 1 1 1 0 0 0 1 1 1 1 1 1 0 0 1 1 1 1 0 ]
L = [ 17 17 17 17 5 5 5 11 11 11 11 11 11 11 11 8 8 8 8 5 ]
l = [ 17 17 17 17 5 5 5 11 11 11 11 11 11 11 11 8 8 8 8 5 ]
Pmin = [ 91 91 91 91 25 25 25 57 57 57 57 57 57 53 53 43 43 43 43 27 ]
Pmax = [ 372 372 372 372 81 81 81 217 217 217 217 217 217 196 196 146 146 146 146 72 ]
cf = [ 45.927 45.927 45.927 45.927 19.2773 19.2773 19.2773 67.9669 67.9669 67.9669 67.9669 67.9669 67.9669 17.4675 17.4675 23.8309 23.8309 23.8309 23.8309 31.9923 ]
c0 = [ 234 234 234 234 76 76 76 149 149 149 149 149 149 152 152 132 132 132 132 90 ]
cp = [ 14.4686 14.4686 14.4686 14.4686 35.2059 35.2059 35.2059 18.5294 18.5294 18.5294 18.5294 18.5294 18.5294 19.4043 19.4043 35.0554 35.0554 35.0554 35.0554 39.3471 ]
D = [ 1028 1141 1151 1303 1373 1556 1693 1695 1840 1847 2028 2031 2152 2334 2336 2520 2531 2678 2753 2904 2976 3123 3232 3303 3407 3232 3045 3012 2868 2661 2547 2357 2167 2129 1994 2117 2341 2587 2778 2887 3207 2846 2551 2259 1983 1757 1552 1190 1020 1010 1219 1267 1373 1526 1569 1608 1786 1943 1932 2049 2211 2288 2429 2475 2543 2757 2760 2905 3099 3084 3227 3307 3361 3329 3094 2944 2879 2719 2503 2419 2308 2035 1895 2087 2325 2425 2552 2702 2855 2672 2477 2168 1957 1800 1597 1351 1288 1276 1424 1504 1568 1714 1714 1767 1845 1909 1998 2114 2187 2316 2356 2541 2645 2683 2707 2835 2885 2970 3095 3194 3283 3158 3044 2826 2703 2677 2570 2490 2365 2157 2070 2233 2394 2532 2824 2978 3093 2936 2668 2317 2040 1888 1473 1214 1084 1069 1291 1320 1477 1605 1636 1728 1874 1949 2040 2102 2215 2446 2484 2549 2724 2730 2887 3008 3175 3249 3359 3478 3566 3421 3181 3123 2864 2817 2546 2375 2208 2054 1970 2187 2388 2561 2602 2843 2987 2754 2530 2259 1990 1699 1550 1188 ]
K = 6
nk = [ 1 1 1 1 2 2 2 3 3 3 3 3 3 4 4 5 5 5 5 6 ]
First = [ 1 0 0 0 1 0 0 1 0 0 0 0 0 1 0 1 0 0 0 1 ]
Last = [ 0 0 0 1 0 0 1 0 0 0 0 0 1 0 1 0 0 0 1 1 ]
nS = 1
S = [ 0 1 2 3 4 5 6 7 8 9 10 11 12 13 14 15 16 17 18 19 ]
