n = 20 ; 
T = 192 ; 
Init = [ 0 0 0 0 0 0 0 0 0 1 1 1 1 1 0 0 0 0 1 1 ]
L = [ 6 6 12 12 12 15 15 15 15 10 10 6 6 6 4 4 4 4 17 17 ]
l = [ 6 6 12 12 12 15 15 15 15 10 10 6 6 6 4 4 4 4 17 17 ]
Pmin = [ 30 30 63 63 63 75 75 75 75 54 54 33 33 33 15 15 15 15 97 97 ]
Pmax = [ 99 99 241 241 241 311 311 311 311 186 186 110 110 110 33 33 33 33 374 374 ]
cf = [ 19.6768 19.6768 10.4529 10.4529 10.4529 44.7903 44.7903 44.7903 44.7903 66.0883 66.0883 10.1742 10.1742 10.1742 23.0974 23.0974 23.0974 23.0974 48.6783 48.6783 ]
c0 = [ 103 103 167 167 167 198 198 198 198 152 152 93 93 93 49 49 49 49 250 250 ]
cp = [ 36.4028 36.4028 23.6447 23.6447 23.6447 22.5689 22.5689 22.5689 22.5689 28.5548 28.5548 35.1274 35.1274 35.1274 39.0668 39.0668 39.0668 39.0668 14.5253 14.5253 ]
D = [ 944 1049 1161 1250 1269 1381 1577 1575 1769 1866 1880 1955 2113 2215 2345 2422 2458 2575 2766 2747 2891 2980 3060 3278 3246 3117 3000 2843 2736 2529 2371 2236 2184 2038 1893 1944 2144 2428 2528 2673 2955 2682 2365 2119 1849 1712 1444 1111 897 987 1166 1213 1334 1353 1442 1505 1664 1766 1776 1937 2041 2069 2245 2299 2391 2528 2530 2752 2824 2833 3037 3076 3219 2972 2924 2772 2627 2457 2371 2309 2136 1984 1875 2034 2261 2451 2580 2722 2920 2674 2444 2211 1899 1601 1329 1166 878 911 1026 1197 1308 1398 1402 1620 1601 1820 1843 1949 2037 2191 2198 2299 2405 2527 2649 2772 2928 2931 3006 3127 3272 3201 2934 2884 2741 2611 2375 2272 2072 2000 1817 1935 2159 2335 2421 2674 2819 2593 2319 2218 1895 1678 1426 1257 984 1167 1188 1246 1457 1421 1632 1706 1729 1830 2000 2094 2157 2131 2286 2362 2409 2504 2562 2751 2792 2967 3052 3094 3236 3004 2851 2762 2603 2526 2327 2214 2084 1967 1825 1968 2180 2311 2591 2737 2883 2700 2459 2185 2038 1715 1579 1391 ]
K = 7
nk = [ 1 1 2 2 2 3 3 3 3 4 4 5 5 5 6 6 6 6 7 7 ]
First = [ 1 0 1 0 0 1 0 0 0 1 0 1 0 0 1 0 0 0 1 0 ]
Last = [ 0 1 0 0 1 0 0 0 1 0 1 0 0 1 0 0 0 1 0 1 ]
nS = 1
S = [ 0 1 2 3 4 5 6 7 8 9 10 11 12 13 14 15 16 17 18 19 ]
