n = 20 ; 
T = 192 ; 
Init = [ 0 0 0 0 0 0 0 0 0 0 0 0 0 0 0 0 0 0 0 0 ]
L = [ 16 16 16 16 16 16 18 18 18 11 11 11 6 6 6 6 6 6 11 11 ]
l = [ 16 16 16 16 16 16 18 18 18 11 11 11 6 6 6 6 6 6 11 11 ]
Pmin = [ 89 89 89 89 89 89 100 100 100 58 58 58 28 28 28 28 28 28 54 54 ]
Pmax = [ 347 347 347 347 347 347 404 404 404 210 210 210 93 93 93 93 93 93 210 210 ]
cf = [ 34.9756 34.9756 34.9756 34.9756 34.9756 34.9756 26.3283 26.3283 26.3283 66.6608 66.6608 66.6608 31.6863 31.6863 31.6863 31.6863 31.6863 31.6863 36.1472 36.1472 ]
c0 = [ 227 227 227 227 227 227 250 250 250 157 157 157 89 89 89 89 89 89 141 141 ]
cp = [ 12.9618 12.9618 12.9618 12.9618 12.9618 12.9618 21.9314 21.9314 21.9314 30.0173 30.0173 30.0173 35.8009 35.8009 35.8009 35.8009 35.8009 35.8009 18.7536 18.7536 ]
D = [ 1294 1491 1639 1709 1679 1872 1931 2071 2193 2339 2493 2524 2583 2705 2854 2965 3037 3205 3266 3431 3457 3568 3822 3838 4068 3832 3560 3394 3312 3086 2895 2889 2749 2400 2354 2502 2860 3191 3368 3738 3908 3552 3266 3003 2659 2411 1953 1766 1341 1597 1638 1811 1959 1998 2058 2145 2353 2376 2487 2707 2848 2844 2961 3169 3274 3302 3416 3674 3729 3894 3925 4046 4262 3931 3885 3616 3467 3263 3192 2976 2717 2571 2414 2573 2934 3108 3239 3496 3775 3371 3006 2780 2452 2090 1760 1422 1165 1296 1360 1562 1627 1792 1824 2057 2131 2319 2271 2374 2580 2677 2929 2902 3115 3216 3257 3384 3636 3769 3888 3900 4023 3844 3643 3672 3420 3225 3095 2882 2893 2706 2572 2683 2892 3021 3243 3404 3599 3334 2961 2726 2436 1997 1810 1415 1116 1326 1325 1557 1527 1711 1848 1976 2187 2268 2367 2548 2651 2862 2860 3094 3134 3295 3528 3623 3731 3853 3977 4162 4221 4142 3866 3652 3505 3220 3069 2849 2644 2557 2242 2528 2756 3100 3384 3691 3985 3648 3222 2900 2643 2280 2061 1713 ]
K = 5
nk = [ 1 1 1 1 1 1 2 2 2 3 3 3 4 4 4 4 4 4 5 5 ]
First = [ 1 0 0 0 0 0 1 0 0 1 0 0 1 0 0 0 0 0 1 0 ]
Last = [ 0 0 0 0 0 1 0 0 1 0 0 1 0 0 0 0 0 1 0 1 ]
nS = 1
S = [ 0 1 2 3 4 5 6 7 8 9 10 11 12 13 14 15 16 17 18 19 ]
