n = 20 ; 
T = 192 ; 
Init = [ 0 0 0 0 1 1 1 0 0 0 0 0 0 0 0 0 0 0 0 0 ]
L = [ 16 16 16 16 14 14 14 14 14 11 11 9 9 9 9 7 7 11 11 11 ]
l = [ 16 16 16 16 14 14 14 14 14 11 11 9 9 9 9 7 7 11 11 11 ]
Pmin = [ 82 82 82 82 78 78 78 72 72 56 56 49 49 49 49 34 34 61 61 61 ]
Pmax = [ 337 337 337 337 297 297 297 290 290 222 222 177 177 177 177 130 130 227 227 227 ]
cf = [ 44.8026 44.8026 44.8026 44.8026 32.8833 32.8833 32.8833 29.3238 29.3238 38.0199 38.0199 17.1113 17.1113 17.1113 17.1113 22.8741 22.8741 64.5322 64.5322 64.5322 ]
c0 = [ 219 219 219 219 199 199 199 205 205 159 159 136 136 136 136 106 106 163 163 163 ]
cp = [ 17.5073 17.5073 17.5073 17.5073 22.3012 22.3012 22.3012 20.2321 20.2321 25.2128 25.2128 33.7222 33.7222 33.7222 33.7222 36.7741 36.7741 34.4816 34.4816 34.4816 ]
D = [ 1029 1054 1198 1454 1614 1639 1756 1879 2089 2233 2291 2323 2596 2586 2719 2912 3052 3225 3243 3514 3470 3635 3894 3966 4077 3877 3799 3558 3396 3390 3166 3040 2735 2726 2531 2794 2823 3152 3215 3524 3673 3408 3166 2809 2604 2172 1881 1688 1389 1566 1585 1824 1881 2011 2241 2250 2507 2569 2624 2829 2851 2987 3234 3206 3419 3596 3731 3755 3964 4015 4107 4354 4388 4236 4047 3828 3509 3428 3122 2964 2741 2528 2289 2614 2825 3111 3322 3470 3695 3308 3008 2798 2424 2051 1690 1406 1249 1374 1294 1554 1691 1789 1931 1991 2180 2168 2403 2383 2530 2677 2848 2868 3010 3112 3336 3406 3521 3653 3662 3916 4000 3788 3591 3586 3304 3190 3077 3088 2786 2674 2632 2862 2850 3150 3324 3582 3755 3373 3016 2742 2391 2090 1915 1592 1299 1340 1477 1535 1711 1781 1889 2084 2176 2233 2457 2572 2722 2800 2920 2994 3066 3264 3330 3516 3657 3747 3882 4020 4039 3880 3731 3517 3484 3319 3157 2947 2904 2764 2497 2668 2832 3105 3355 3496 3709 3357 2982 2714 2324 2149 1839 1405 ]
K = 7
nk = [ 1 1 1 1 2 2 2 3 3 4 4 5 5 5 5 6 6 7 7 7 ]
First = [ 1 0 0 0 1 0 0 1 0 1 0 1 0 0 0 1 0 1 0 0 ]
Last = [ 0 0 0 1 0 0 1 0 1 0 1 0 0 0 1 0 1 0 0 1 ]
nS = 1
S = [ 0 1 2 3 4 5 6 7 8 9 10 11 12 13 14 15 16 17 18 19 ]
