n = 20 ; 
T = 192 ; 
Init = [ 1 1 1 1 1 1 1 1 1 1 0 1 1 1 1 1 1 1 1 1 ]
L = [ 14 14 14 14 14 14 14 14 14 14 7 12 12 9 9 9 5 5 5 5 ]
l = [ 14 14 14 14 14 14 14 14 14 14 7 12 12 9 9 9 5 5 5 5 ]
Pmin = [ 70 70 70 70 70 70 70 70 70 70 42 66 66 46 46 46 27 27 27 27 ]
Pmax = [ 287 287 287 287 287 287 287 287 287 287 127 248 248 159 159 159 85 85 85 85 ]
cf = [ 59.7232 59.7232 59.7232 59.7232 59.7232 59.7232 59.7232 59.7232 59.7232 59.7232 57.2071 21.4946 21.4946 58.55 58.55 58.55 32.1858 32.1858 32.1858 32.1858 ]
c0 = [ 183 183 183 183 183 183 183 183 183 183 129 169 169 141 141 141 80 80 80 80 ]
cp = [ 28.1573 28.1573 28.1573 28.1573 28.1573 28.1573 28.1573 28.1573 28.1573 28.1573 36.7635 22.9511 22.9511 30.4215 30.4215 30.4215 34.8218 34.8218 34.8218 34.8218 ]
D = [ 838 957 1080 1148 1326 1499 1635 1634 1881 1946 2045 2144 2248 2437 2410 2561 2691 2877 3025 3117 3160 3348 3470 3445 3704 3418 3295 3270 3070 2954 2733 2693 2581 2369 2282 2347 2479 2700 2822 2914 3086 2954 2619 2369 2140 1835 1623 1236 1103 1211 1289 1292 1414 1604 1718 1862 1968 2007 2176 2381 2471 2558 2574 2737 2799 2931 3119 3140 3374 3404 3632 3654 3736 3572 3527 3254 3117 3032 2920 2647 2555 2404 2191 2441 2700 2819 2926 3176 3390 3063 2741 2441 2085 1836 1584 1174 849 1065 1188 1211 1365 1542 1582 1633 1852 1946 2059 2110 2317 2328 2457 2602 2711 2908 2915 3176 3187 3373 3413 3654 3723 3564 3440 3195 3012 2909 2704 2608 2433 2407 2217 2428 2637 2720 3036 3176 3408 3063 2824 2488 2210 1982 1676 1389 963 1240 1251 1431 1563 1652 1800 1808 2015 2047 2204 2363 2529 2527 2699 2750 2868 2983 3241 3303 3467 3506 3578 3803 3824 3621 3539 3326 3269 3050 2952 2792 2561 2356 2259 2373 2644 2735 2913 3101 3280 3065 2689 2483 2149 2000 1728 1394 ]
K = 5
nk = [ 1 1 1 1 1 1 1 1 1 1 2 3 3 4 4 4 5 5 5 5 ]
First = [ 1 0 0 0 0 0 0 0 0 0 1 1 0 1 0 0 1 0 0 0 ]
Last = [ 0 0 0 0 0 0 0 0 0 1 1 0 1 0 0 1 0 0 0 1 ]
nS = 1
S = [ 0 1 2 3 4 5 6 7 8 9 10 11 12 13 14 15 16 17 18 19 ]
