n = 20 ; 
T = 192 ; 
Init = [ 0 0 0 0 0 0 1 1 1 0 0 0 0 0 0 1 1 1 1 1 ]
L = [ 9 7 7 7 7 7 11 11 16 5 5 5 8 8 8 9 9 9 9 11 ]
l = [ 9 7 7 7 7 7 11 11 16 5 5 5 8 8 8 9 9 9 9 11 ]
Pmin = [ 49 33 33 33 33 33 65 65 94 25 25 25 44 44 44 41 41 41 41 58 ]
Pmax = [ 186 109 109 109 109 109 230 230 368 65 65 65 153 153 153 153 153 153 153 209 ]
cf = [ 55.9763 50.868 50.868 50.868 50.868 50.868 40.519 40.519 53.0879 17.9586 17.9586 17.9586 37.641 37.641 37.641 31.8685 31.8685 31.8685 31.8685 33.5594 ]
c0 = [ 134 94 94 94 94 94 172 172 250 72 72 72 122 122 122 121 121 121 121 153 ]
cp = [ 27.3395 28.14 28.14 28.14 28.14 28.14 21.187 21.187 18.8902 39.9048 39.9048 39.9048 36.6094 36.6094 36.6094 18.4641 18.4641 18.4641 18.4641 25.2299 ]
D = [ 781 831 851 990 1059 1132 1178 1238 1290 1361 1474 1565 1624 1740 1751 1769 1947 1974 2057 2067 2165 2227 2336 2414 2423 2408 2242 2248 2151 1989 1937 1850 1788 1684 1543 1695 1808 1979 2118 2212 2381 2104 1881 1702 1470 1307 1074 826 699 696 817 912 954 1051 1140 1231 1244 1337 1456 1577 1619 1764 1750 1838 1996 2072 2082 2173 2237 2399 2468 2580 2598 2553 2348 2279 2135 2080 1870 1784 1644 1594 1521 1590 1682 1865 2063 2087 2279 2066 1923 1748 1476 1358 1066 870 769 804 848 989 1056 1147 1259 1266 1383 1404 1508 1569 1633 1793 1813 1925 2028 2059 2109 2192 2271 2339 2464 2496 2587 2512 2418 2264 2193 2027 1902 1823 1734 1574 1436 1606 1728 1895 2114 2275 2384 2138 1913 1759 1594 1310 1069 928 676 706 846 839 1012 993 1153 1154 1247 1323 1351 1521 1576 1619 1756 1823 1810 1953 1973 2049 2181 2262 2266 2327 2381 2291 2188 2140 2006 1906 1914 1781 1638 1591 1500 1559 1764 1863 1971 2075 2299 2063 1965 1750 1606 1450 1230 1121 ]
K = 8
nk = [ 1 2 2 2 2 2 3 3 4 5 5 5 6 6 6 7 7 7 7 8 ]
First = [ 1 1 0 0 0 0 1 0 1 1 0 0 1 0 0 1 0 0 0 1 ]
Last = [ 1 0 0 0 0 1 0 1 1 0 0 1 0 0 1 0 0 0 1 1 ]
nS = 1
S = [ 0 1 2 3 4 5 6 7 8 9 10 11 12 13 14 15 16 17 18 19 ]
