n = 20 ; 
T = 192 ; 
Init = [ 0 0 0 0 0 1 1 1 1 0 1 1 1 1 1 1 0 0 0 0 ]
L = [ 12 12 12 12 12 18 18 18 18 11 14 14 14 14 14 14 10 10 10 10 ]
l = [ 12 12 12 12 12 18 18 18 18 11 14 14 14 14 14 14 10 10 10 10 ]
Pmin = [ 61 61 61 61 61 100 100 100 100 61 71 71 71 71 71 71 49 49 49 49 ]
Pmax = [ 224 224 224 224 224 414 414 414 414 228 258 258 258 258 258 258 166 166 166 166 ]
cf = [ 16.2519 16.2519 16.2519 16.2519 16.2519 26.5408 26.5408 26.5408 26.5408 20.0275 14.3931 14.3931 14.3931 14.3931 14.3931 14.3931 64.802 64.802 64.802 64.802 ]
c0 = [ 177 177 177 177 177 250 250 250 250 168 189 189 189 189 189 189 136 136 136 136 ]
cp = [ 27.2692 27.2692 27.2692 27.2692 27.2692 20.2304 20.2304 20.2304 20.2304 27.0053 22.7704 22.7704 22.7704 22.7704 22.7704 22.7704 24.0237 24.0237 24.0237 24.0237 ]
D = [ 1237 1474 1495 1687 1772 1912 2131 2251 2370 2570 2647 2661 2829 3011 3206 3258 3352 3530 3737 3797 3936 4076 4268 4509 4459 4352 4152 4090 3862 3546 3427 3204 2986 2958 2789 2896 3040 3330 3418 3751 3895 3599 3277 2918 2459 2193 1958 1454 1246 1395 1520 1548 1680 1926 2119 2118 2428 2373 2546 2803 2971 3056 3262 3316 3504 3640 3852 3873 4023 4213 4320 4541 4624 4429 4210 3911 3890 3573 3446 3234 2924 2779 2662 2775 3168 3327 3504 3856 4027 3654 3329 2944 2514 2253 1988 1604 1227 1323 1393 1554 1840 1812 1943 2115 2368 2489 2550 2652 2856 3007 3060 3191 3287 3459 3737 3809 4006 4039 4239 4316 4433 4288 4137 3888 3796 3525 3478 3196 3094 2980 2722 2937 3032 3353 3602 3815 3912 3534 3159 2981 2617 2159 1767 1571 1067 1346 1462 1576 1670 1710 1907 2113 2281 2369 2439 2667 2880 2964 3087 3212 3344 3480 3710 3816 3928 4123 4217 4223 4377 4294 4104 3817 3617 3417 3336 3082 2815 2711 2433 2762 2993 3206 3393 3654 3817 3584 3166 2845 2557 2332 1998 1704 ]
K = 5
nk = [ 1 1 1 1 1 2 2 2 2 3 4 4 4 4 4 4 5 5 5 5 ]
First = [ 1 0 0 0 0 1 0 0 0 1 1 0 0 0 0 0 1 0 0 0 ]
Last = [ 0 0 0 0 1 0 0 0 1 1 0 0 0 0 0 1 0 0 0 1 ]
nS = 1
S = [ 0 1 2 3 4 5 6 7 8 9 10 11 12 13 14 15 16 17 18 19 ]
