n = 20 ; 
T = 192 ; 
Init = [ 1 1 1 1 1 1 0 0 0 0 0 0 1 1 1 1 0 0 0 0 ]
L = [ 17 17 17 17 9 9 7 7 7 7 11 13 8 8 8 8 8 8 8 8 ]
l = [ 17 17 17 17 9 9 7 7 7 7 11 13 8 8 8 8 8 8 8 8 ]
Pmin = [ 88 88 88 88 41 41 41 41 41 41 58 66 40 40 40 40 40 40 40 40 ]
Pmax = [ 354 354 354 354 156 156 128 128 128 128 214 268 156 156 156 156 129 129 129 129 ]
cf = [ 14.4931 14.4931 14.4931 14.4931 64.3277 64.3277 35.6398 35.6398 35.6398 35.6398 68.2282 57.9805 45.7413 45.7413 45.7413 45.7413 21.6125 21.6125 21.6125 21.6125 ]
c0 = [ 229 229 229 229 129 129 119 119 119 119 151 169 109 109 109 109 126 126 126 126 ]
cp = [ 13.4795 13.4795 13.4795 13.4795 29.086 29.086 34.5196 34.5196 34.5196 34.5196 36.5041 27.5425 34.2485 34.2485 34.2485 34.2485 33.1435 33.1435 33.1435 33.1435 ]
D = [ 803 828 1012 1163 1224 1276 1342 1526 1662 1654 1813 1919 2006 2180 2281 2286 2449 2544 2699 2796 2821 2964 3162 3244 3263 3234 3063 2867 2663 2563 2501 2339 2158 2020 1904 1988 2261 2415 2578 2727 2922 2561 2288 2042 1905 1626 1281 1046 881 845 1011 1178 1269 1383 1335 1470 1665 1752 1849 1896 2010 2181 2179 2281 2449 2431 2562 2626 2745 2887 3071 3169 3222 3057 2906 2857 2707 2599 2547 2349 2261 2121 1991 2142 2264 2387 2573 2636 2747 2546 2327 2067 1783 1463 1360 990 730 816 940 1079 1132 1323 1429 1492 1595 1620 1711 1792 1958 2070 2142 2301 2315 2475 2615 2681 2721 2856 2892 3021 3153 2999 2869 2801 2650 2509 2358 2294 2141 2014 1834 2099 2219 2355 2583 2707 2924 2703 2368 2211 1848 1641 1389 1095 942 968 1028 1125 1305 1426 1501 1515 1614 1753 1897 1998 2087 2161 2203 2247 2368 2509 2590 2750 2816 2845 3058 3022 3215 3012 2864 2879 2610 2516 2461 2217 2208 1960 1872 2107 2201 2408 2715 2811 3060 2836 2512 2329 2082 1857 1622 1399 ]
K = 7
nk = [ 1 1 1 1 2 2 3 3 3 3 4 5 6 6 6 6 7 7 7 7 ]
First = [ 1 0 0 0 1 0 1 0 0 0 1 1 1 0 0 0 1 0 0 0 ]
Last = [ 0 0 0 1 0 1 0 0 0 1 1 1 0 0 0 1 0 0 0 1 ]
nS = 1
S = [ 0 1 2 3 4 5 6 7 8 9 10 11 12 13 14 15 16 17 18 19 ]
