n = 20 ; 
T = 192 ; 
Init = [ 0 0 0 0 0 0 0 0 0 0 1 1 1 1 1 1 0 0 0 0 ]
L = [ 11 11 11 11 16 16 16 16 16 16 11 5 5 5 5 5 13 13 13 13 ]
l = [ 11 11 11 11 16 16 16 16 16 16 11 5 5 5 5 5 13 13 13 13 ]
Pmin = [ 60 60 60 60 84 84 84 84 84 89 58 19 19 19 19 19 69 69 69 69 ]
Pmax = [ 233 233 233 233 349 349 349 349 349 337 229 61 61 61 61 61 251 251 251 251 ]
cf = [ 62.5952 62.5952 62.5952 62.5952 20.2349 20.2349 20.2349 20.2349 20.2349 38.13 38.2611 48.2198 48.2198 48.2198 48.2198 48.2198 32.5314 32.5314 32.5314 32.5314 ]
c0 = [ 168 168 168 168 228 228 228 228 228 225 152 57 57 57 57 57 192 192 192 192 ]
cp = [ 23.3765 23.3765 23.3765 23.3765 14.8095 14.8095 14.8095 14.8095 14.8095 16.3416 25.7024 37.435 37.435 37.435 37.435 37.435 33.2925 33.2925 33.2925 33.2925 ]
D = [ 1203 1231 1342 1429 1685 1783 1771 1905 2055 2225 2387 2492 2626 2772 2778 2988 3074 3173 3308 3392 3580 3643 3837 3962 4032 3778 3646 3459 3352 3107 2958 2824 2667 2508 2340 2457 2595 2796 2926 3093 3162 2921 2661 2513 2116 1922 1681 1431 1177 1229 1452 1532 1623 1648 1792 1992 2040 2220 2253 2495 2496 2679 2727 2962 2943 3191 3163 3347 3413 3500 3729 3864 3970 3737 3626 3475 3215 3036 2861 2647 2584 2334 2266 2375 2596 2753 2946 3280 3501 3092 2851 2438 2095 1786 1491 1194 911 950 1083 1337 1440 1598 1584 1682 1840 1969 2180 2262 2315 2430 2527 2715 2817 2860 3063 3251 3365 3467 3443 3560 3680 3582 3381 3286 3087 2970 2900 2714 2518 2462 2230 2359 2684 2843 2952 3135 3305 3055 2932 2587 2333 2008 1732 1462 1204 1346 1505 1583 1676 1710 1924 2052 2169 2167 2252 2466 2566 2591 2759 2830 2957 3119 3171 3310 3429 3397 3544 3600 3736 3628 3479 3256 3209 3101 2931 2803 2550 2435 2281 2527 2670 2954 3043 3199 3377 3130 2897 2574 2248 1897 1540 1238 ]
K = 6
nk = [ 1 1 1 1 2 2 2 2 2 3 4 5 5 5 5 5 6 6 6 6 ]
First = [ 1 0 0 0 1 0 0 0 0 1 1 1 0 0 0 0 1 0 0 0 ]
Last = [ 0 0 0 1 0 0 0 0 1 1 1 0 0 0 0 1 0 0 0 1 ]
nS = 1
S = [ 0 1 2 3 4 5 6 7 8 9 10 11 12 13 14 15 16 17 18 19 ]
