n = 20 ; 
T = 192 ; 
Init = [ 0 0 0 0 0 0 0 0 0 1 1 0 0 0 0 0 0 0 0 0 ]
L = [ 15 15 15 11 8 8 8 8 4 9 9 13 13 13 8 8 8 8 4 4 ]
l = [ 15 15 15 11 8 8 8 8 4 9 9 13 13 13 8 8 8 8 4 4 ]
Pmin = [ 87 87 87 49 46 46 46 46 20 45 45 71 71 71 46 46 46 46 15 15 ]
Pmax = [ 335 335 335 192 160 160 160 160 41 150 150 285 285 285 150 150 150 150 36 36 ]
cf = [ 54.5704 54.5704 54.5704 67.9259 52.242 52.242 52.242 52.242 68.4733 25.004 25.004 66.4473 66.4473 66.4473 38.2416 38.2416 38.2416 38.2416 33.9734 33.9734 ]
c0 = [ 221 221 221 137 132 132 132 132 65 133 133 201 201 201 141 141 141 141 68 68 ]
cp = [ 11.6778 11.6778 11.6778 29.4709 40.9093 40.9093 40.9093 40.9093 41.706 36.1436 36.1436 17.8926 17.8926 17.8926 37.0907 37.0907 37.0907 37.0907 41.3312 41.3312 ]
D = [ 842 919 982 1101 1137 1241 1361 1428 1643 1653 1766 1930 2022 2126 2179 2215 2443 2437 2624 2692 2727 2841 2937 3004 3201 2989 2853 2691 2575 2526 2398 2140 2070 1906 1817 1998 2152 2399 2549 2670 2829 2592 2378 2277 2045 1786 1474 1371 1142 1134 1328 1269 1409 1428 1538 1616 1790 1778 1922 1918 2101 2099 2220 2323 2441 2504 2588 2544 2764 2822 2917 2952 3069 2950 2805 2734 2557 2504 2300 2209 2216 1978 1897 2046 2124 2303 2450 2622 2709 2430 2178 2026 1814 1601 1325 1151 927 954 1154 1170 1308 1396 1489 1533 1672 1782 1791 1947 2083 2118 2230 2274 2333 2494 2503 2650 2777 2853 3007 2992 3158 2981 2876 2761 2506 2382 2339 2169 1981 1898 1801 1990 2087 2324 2465 2758 2865 2629 2396 2254 1961 1748 1411 1235 896 1016 1140 1227 1230 1375 1492 1506 1597 1679 1790 1933 2055 2012 2205 2220 2272 2415 2491 2554 2712 2746 2913 2957 3051 2935 2729 2593 2604 2391 2365 2122 2090 1953 1859 2048 2127 2368 2485 2716 2952 2646 2338 2161 1874 1672 1275 1101 ]
K = 8
nk = [ 1 1 1 2 3 3 3 3 4 5 5 6 6 6 7 7 7 7 8 8 ]
First = [ 1 0 0 1 1 0 0 0 1 1 0 1 0 0 1 0 0 0 1 0 ]
Last = [ 0 0 1 1 0 0 0 1 1 0 1 0 0 1 0 0 0 1 0 1 ]
nS = 1
S = [ 0 1 2 3 4 5 6 7 8 9 10 11 12 13 14 15 16 17 18 19 ]
