n = 20 ; 
T = 192 ; 
Init = [ 1 1 1 1 1 1 1 1 1 0 0 0 0 0 0 0 0 0 0 0 ]
L = [ 5 5 5 5 5 5 5 5 5 6 6 16 16 16 16 16 16 11 19 19 ]
l = [ 5 5 5 5 5 5 5 5 5 6 6 16 16 16 16 16 16 11 19 19 ]
Pmin = [ 22 22 22 22 22 22 22 22 22 27 27 89 89 89 89 89 89 58 100 100 ]
Pmax = [ 74 74 74 74 74 74 74 74 74 82 82 364 364 364 364 364 364 210 420 420 ]
cf = [ 41.7749 41.7749 41.7749 41.7749 41.7749 41.7749 41.7749 41.7749 41.7749 43.1308 43.1308 26.8966 26.8966 26.8966 26.8966 26.8966 26.8966 21.9375 15.7592 15.7592 ]
c0 = [ 70 70 70 70 70 70 70 70 70 79 79 232 232 232 232 232 232 164 250 250 ]
cp = [ 39.6412 39.6412 39.6412 39.6412 39.6412 39.6412 39.6412 39.6412 39.6412 37.658 37.658 11.1618 11.1618 11.1618 11.1618 11.1618 11.1618 28.6508 13.0367 13.0367 ]
D = [ 1100 1206 1410 1442 1471 1598 1648 1843 1928 1965 2144 2144 2301 2415 2373 2534 2602 2652 2803 2855 3037 3156 3240 3283 3297 3258 3066 2919 2866 2696 2585 2318 2323 2161 1995 2096 2290 2564 2768 2954 3009 2846 2485 2313 2009 1675 1409 1080 964 998 1110 1205 1351 1455 1475 1591 1725 1780 1879 1991 2021 2202 2326 2449 2490 2619 2615 2766 2968 3066 3021 3162 3267 3109 3089 2877 2783 2748 2626 2427 2326 2215 2174 2242 2422 2587 2832 2883 3166 2802 2583 2350 2067 1710 1499 1157 954 983 1048 1112 1240 1374 1464 1513 1643 1815 1881 2019 2106 2235 2223 2470 2514 2548 2747 2868 2960 3041 3156 3169 3316 3149 3055 2947 2767 2723 2576 2399 2283 2263 2051 2258 2405 2640 2796 2972 3278 2965 2743 2437 2153 1981 1659 1318 1191 1202 1351 1341 1538 1534 1624 1730 1859 1889 1997 2060 2157 2294 2325 2479 2593 2622 2741 2799 2863 2933 3127 3114 3282 3178 2969 2956 2789 2592 2430 2377 2266 2165 2015 2125 2208 2497 2625 2749 2818 2605 2507 2225 2060 1905 1688 1387 ]
K = 5
nk = [ 1 1 1 1 1 1 1 1 1 2 2 3 3 3 3 3 3 4 5 5 ]
First = [ 1 0 0 0 0 0 0 0 0 1 0 1 0 0 0 0 0 1 1 0 ]
Last = [ 0 0 0 0 0 0 0 0 1 0 1 0 0 0 0 0 1 1 0 1 ]
nS = 1
S = [ 0 1 2 3 4 5 6 7 8 9 10 11 12 13 14 15 16 17 18 19 ]
