n = 20 ; 
T = 192 ; 
Init = [ 1 1 1 1 1 1 1 1 1 1 1 1 1 1 1 1 0 0 0 1 ]
L = [ 17 17 18 18 18 18 5 5 5 5 6 15 15 15 15 15 13 13 13 9 ]
l = [ 17 17 18 18 18 18 5 5 5 5 6 15 15 15 15 15 13 13 13 9 ]
Pmin = [ 96 96 99 99 99 99 22 22 22 22 37 77 77 77 77 77 71 71 71 46 ]
Pmax = [ 376 376 389 389 389 389 72 72 72 72 106 296 296 296 296 296 285 285 285 177 ]
cf = [ 35.071 35.071 54.9099 54.9099 54.9099 54.9099 13.2416 13.2416 13.2416 13.2416 27.8865 25.02 25.02 25.02 25.02 25.02 51.4342 51.4342 51.4342 23.6845 ]
c0 = [ 250 250 250 250 250 250 67 67 67 67 102 207 207 207 207 207 199 199 199 142 ]
cp = [ 13.9982 13.9982 11.5683 11.5683 11.5683 11.5683 40.3768 40.3768 40.3768 40.3768 32.7957 13.6988 13.6988 13.6988 13.6988 13.6988 22.2972 22.2972 22.2972 27.0052 ]
D = [ 1055 1158 1396 1526 1598 1695 1815 1953 2121 2289 2417 2673 2749 2783 3075 3026 3333 3363 3505 3711 3896 3895 4055 4197 4264 4174 3991 3762 3676 3512 3175 2980 2783 2758 2557 2739 3117 3342 3526 3729 3987 3752 3244 3030 2693 2343 1944 1572 1238 1334 1441 1541 1636 1905 1893 2006 2120 2303 2402 2673 2629 2859 3042 3172 3328 3455 3584 3659 3851 3920 4022 4227 4261 4044 3846 3750 3594 3354 3303 3025 2751 2676 2576 2678 2944 3113 3406 3655 3878 3581 3205 2903 2498 2174 1871 1493 1177 1450 1457 1633 1889 1980 2180 2167 2387 2489 2590 2915 2888 3068 3219 3339 3580 3749 3860 3923 4042 4178 4371 4493 4653 4439 4204 4033 3712 3537 3328 3081 2830 2696 2485 2820 2898 3217 3607 3766 4046 3600 3355 3089 2683 2448 1953 1648 1323 1533 1688 1815 1796 1995 2017 2245 2241 2439 2632 2709 2910 2974 3083 3139 3338 3349 3639 3725 3824 3971 3984 4181 4375 4137 3976 3909 3622 3566 3303 3228 3050 2820 2749 2969 3145 3303 3421 3678 3911 3417 3155 2993 2648 2371 1934 1665 ]
K = 7
nk = [ 1 1 2 2 2 2 3 3 3 3 4 5 5 5 5 5 6 6 6 7 ]
First = [ 1 0 1 0 0 0 1 0 0 0 1 1 0 0 0 0 1 0 0 1 ]
Last = [ 0 1 0 0 0 1 0 0 0 1 1 0 0 0 0 1 0 0 1 1 ]
nS = 1
S = [ 0 1 2 3 4 5 6 7 8 9 10 11 12 13 14 15 16 17 18 19 ]
