n = 20 ; 
T = 192 ; 
Init = [ 1 1 1 1 1 0 0 0 0 0 0 0 0 0 0 0 0 1 1 1 ]
L = [ 19 17 17 17 17 8 8 8 17 6 6 6 18 18 18 18 18 15 15 15 ]
l = [ 19 17 17 17 17 8 8 8 17 6 6 6 18 18 18 18 18 15 15 15 ]
Pmin = [ 98 87 87 87 87 41 41 41 91 33 33 33 96 96 96 96 96 85 85 85 ]
Pmax = [ 402 350 350 350 350 155 155 155 365 95 95 95 397 397 397 397 397 325 325 325 ]
cf = [ 56.9581 61.0986 61.0986 61.0986 61.0986 30.9655 30.9655 30.9655 20.838 21.8598 21.8598 21.8598 46.6221 46.6221 46.6221 46.6221 46.6221 29.1616 29.1616 29.1616 ]
c0 = [ 250 235 235 235 235 119 119 119 241 91 91 91 241 241 241 241 241 228 228 228 ]
cp = [ 12.9918 13.9328 13.9328 13.9328 13.9328 22.4175 22.4175 22.4175 14.7486 36.9792 36.9792 36.9792 13.5543 13.5543 13.5543 13.5543 13.5543 15.4247 15.4247 15.4247 ]
D = [ 1778 1802 1911 2073 2320 2319 2451 2714 2836 2930 3196 3175 3439 3617 3749 3874 3897 4233 4244 4514 4609 4637 4908 4901 5151 4962 4603 4481 4378 4146 3961 3719 3369 3150 2928 3347 3412 3608 3912 4192 4340 3924 3668 3094 2714 2447 2090 1591 1159 1429 1473 1787 1904 2033 2216 2309 2460 2608 2793 2933 3066 3214 3433 3541 3771 3815 4085 4051 4226 4544 4519 4813 4928 4665 4443 4332 4085 3895 3569 3466 3160 2962 2786 3149 3396 3484 3789 4036 4356 4052 3645 3305 2762 2423 2040 1575 1257 1502 1659 1775 1773 2028 2106 2358 2496 2680 2600 2749 2965 3224 3362 3408 3478 3605 3947 4096 4199 4350 4339 4488 4639 4456 4451 4161 3948 3903 3664 3478 3301 3077 2865 3192 3259 3630 3832 4130 4307 3922 3391 3042 2774 2474 2029 1688 1334 1515 1583 1860 1985 2181 2193 2456 2597 2607 2877 2977 3194 3327 3499 3623 3728 3969 4040 4367 4447 4541 4735 4886 5140 4754 4584 4354 4239 4086 3755 3523 3393 3206 2858 3133 3424 3604 3749 4021 4288 3981 3632 3159 2826 2491 2218 1832 ]
K = 7
nk = [ 1 2 2 2 2 3 3 3 4 5 5 5 6 6 6 6 6 7 7 7 ]
First = [ 1 1 0 0 0 1 0 0 1 1 0 0 1 0 0 0 0 1 0 0 ]
Last = [ 1 0 0 0 1 0 0 1 1 0 0 1 0 0 0 0 1 0 0 1 ]
nS = 1
S = [ 0 1 2 3 4 5 6 7 8 9 10 11 12 13 14 15 16 17 18 19 ]
