n = 20 ; 
T = 192 ; 
Init = [ 1 1 1 1 1 1 1 0 0 0 0 0 0 0 0 0 0 0 0 0 ]
L = [ 9 9 9 9 9 9 9 11 11 11 16 16 16 12 12 12 12 12 12 12 ]
l = [ 9 9 9 9 9 9 9 11 11 11 16 16 16 12 12 12 12 12 12 12 ]
Pmin = [ 48 48 48 48 48 48 48 60 60 60 82 82 82 62 62 62 62 62 62 62 ]
Pmax = [ 181 181 181 181 181 181 181 231 231 231 316 316 316 225 225 225 225 225 225 225 ]
cf = [ 21.6164 21.6164 21.6164 21.6164 21.6164 21.6164 21.6164 67.471 67.471 67.471 59.0513 59.0513 59.0513 32.0763 32.0763 32.0763 32.0763 32.0763 32.0763 32.0763 ]
c0 = [ 138 138 138 138 138 138 138 167 167 167 228 228 228 176 176 176 176 176 176 176 ]
cp = [ 22.4954 22.4954 22.4954 22.4954 22.4954 22.4954 22.4954 26.8494 26.8494 26.8494 18.3989 18.3989 18.3989 35.3862 35.3862 35.3862 35.3862 35.3862 35.3862 35.3862 ]
D = [ 962 1162 1318 1309 1544 1682 1720 1906 2020 2161 2271 2407 2412 2598 2770 2925 2995 3047 3181 3387 3466 3614 3665 3838 3893 3798 3684 3396 3385 3174 3089 2764 2630 2578 2299 2643 2792 2973 3200 3340 3539 3235 2870 2612 2371 2055 1649 1354 1021 1244 1231 1436 1528 1567 1744 1785 1901 2093 2162 2387 2461 2490 2660 2710 2942 3047 3092 3153 3386 3488 3441 3672 3681 3569 3463 3306 3116 3072 2858 2697 2585 2426 2181 2355 2610 2736 2842 2922 3128 2933 2511 2243 1966 1781 1453 1116 893 988 1065 1324 1465 1537 1579 1827 1838 2050 2159 2342 2460 2589 2692 2781 2861 3069 3030 3196 3444 3418 3589 3755 3861 3707 3514 3417 3336 3176 2957 2793 2605 2519 2312 2486 2692 2925 3225 3318 3461 3244 2894 2709 2318 1950 1730 1475 1111 1231 1279 1345 1419 1698 1652 1893 1921 2037 2060 2328 2385 2386 2486 2760 2866 2864 2907 3104 3241 3227 3341 3597 3672 3421 3283 3225 3070 2903 2803 2614 2640 2482 2252 2583 2755 2890 3176 3269 3593 3277 2834 2590 2348 1898 1642 1400 ]
K = 4
nk = [ 1 1 1 1 1 1 1 2 2 2 3 3 3 4 4 4 4 4 4 4 ]
First = [ 1 0 0 0 0 0 0 1 0 0 1 0 0 1 0 0 0 0 0 0 ]
Last = [ 0 0 0 0 0 0 1 0 0 1 0 0 1 0 0 0 0 0 0 1 ]
nS = 1
S = [ 0 1 2 3 4 5 6 7 8 9 10 11 12 13 14 15 16 17 18 19 ]
