n = 20 ; 
T = 192 ; 
Init = [ 1 1 1 1 1 1 1 1 1 1 1 0 0 0 0 0 0 1 1 1 ]
L = [ 9 9 9 9 9 13 13 13 13 16 16 16 16 16 16 16 19 14 14 14 ]
l = [ 9 9 9 9 9 13 13 13 13 16 16 16 16 16 16 16 19 14 14 14 ]
Pmin = [ 52 52 52 52 52 72 72 72 72 89 89 83 83 83 83 83 100 74 74 74 ]
Pmax = [ 185 185 185 185 185 285 285 285 285 349 349 329 329 329 329 329 411 295 295 295 ]
cf = [ 14.741 14.741 14.741 14.741 14.741 51.8473 51.8473 51.8473 51.8473 46.1781 46.1781 38.8837 38.8837 38.8837 38.8837 38.8837 59.6512 64.7202 64.7202 64.7202 ]
c0 = [ 140 140 140 140 140 202 202 202 202 244 244 226 226 226 226 226 250 194 194 194 ]
cp = [ 28.7778 28.7778 28.7778 28.7778 28.7778 23.4737 23.4737 23.4737 23.4737 20.9753 20.9753 28.8102 28.8102 28.8102 28.8102 28.8102 14.898 27.9458 27.9458 27.9458 ]
D = [ 1517 1487 1802 1884 1979 2122 2340 2340 2691 2654 2958 3099 3217 3321 3391 3466 3652 3969 3904 4195 4274 4353 4570 4684 4771 4557 4540 4262 3952 3821 3534 3536 3232 3118 2832 3151 3251 3483 3888 3968 4249 3959 3409 3036 2707 2313 1872 1587 1244 1259 1500 1751 1723 1889 2033 2305 2387 2508 2679 2850 3116 3367 3398 3657 3844 3945 4018 4304 4472 4561 4679 4844 5109 4939 4654 4496 4123 3945 3691 3418 3319 2914 2728 3141 3213 3483 3775 3994 4221 3915 3535 3259 2811 2527 2118 1695 1313 1464 1715 1693 2016 2109 2171 2317 2384 2630 2677 2796 3085 3070 3243 3328 3587 3734 3799 3885 4011 4161 4387 4361 4691 4324 4238 4128 3821 3751 3656 3363 3311 3104 2883 3149 3257 3548 3597 3866 4042 3747 3518 3136 2920 2502 2298 1980 1697 1772 1903 2077 2232 2420 2453 2477 2737 2872 3011 3003 3084 3299 3439 3622 3696 3916 3858 4161 4218 4301 4455 4619 4793 4372 4331 3977 3941 3783 3467 3224 3017 2936 2742 3017 3224 3391 3793 3909 4314 3918 3545 3322 2789 2659 2267 1913 ]
K = 6
nk = [ 1 1 1 1 1 2 2 2 2 3 3 4 4 4 4 4 5 6 6 6 ]
First = [ 1 0 0 0 0 1 0 0 0 1 0 1 0 0 0 0 1 1 0 0 ]
Last = [ 0 0 0 0 1 0 0 0 1 0 1 0 0 0 0 1 1 0 0 1 ]
nS = 1
S = [ 0 1 2 3 4 5 6 7 8 9 10 11 12 13 14 15 16 17 18 19 ]
