n = 20 ; 
T = 192 ; 
Init = [ 1 1 1 1 0 0 0 0 0 0 0 0 0 0 1 1 1 1 1 1 ]
L = [ 7 17 17 17 16 16 16 16 16 16 16 16 16 16 11 11 11 11 11 11 ]
l = [ 7 17 17 17 16 16 16 16 16 16 16 16 16 16 11 11 11 11 11 11 ]
Pmin = [ 32 90 90 90 80 80 80 80 80 80 80 80 80 80 58 58 58 58 58 58 ]
Pmax = [ 109 348 348 348 316 316 316 316 316 316 316 316 316 316 223 223 223 223 223 223 ]
cf = [ 39.8808 17.1371 17.1371 17.1371 21.0381 21.0381 21.0381 21.0381 21.0381 21.0381 21.0381 21.0381 21.0381 21.0381 29.4816 29.4816 29.4816 29.4816 29.4816 29.4816 ]
c0 = [ 95 231 231 231 214 214 214 214 214 214 214 214 214 214 153 153 153 153 153 153 ]
cp = [ 35.6025 20.468 20.468 20.468 21.7196 21.7196 21.7196 21.7196 21.7196 21.7196 21.7196 21.7196 21.7196 21.7196 37.4755 37.4755 37.4755 37.4755 37.4755 37.4755 ]
D = [ 1222 1367 1573 1609 1738 1892 2146 2193 2361 2419 2773 2865 2843 3138 3269 3342 3445 3537 3672 3876 4059 4272 4305 4475 4609 4425 4303 4141 3988 3790 3482 3278 3086 3070 2763 2989 3190 3426 3785 4015 4170 3918 3499 3120 2797 2370 2150 1789 1357 1453 1793 1888 2046 2181 2306 2451 2462 2792 2928 2882 3088 3205 3340 3538 3769 3888 3996 4103 4159 4467 4606 4590 4806 4601 4352 4133 3987 3888 3647 3452 3307 3038 2795 3086 3231 3616 3683 3922 4270 3784 3514 3154 2868 2591 2286 1863 1581 1711 1832 2036 2114 2213 2466 2415 2696 2725 2951 2933 3141 3209 3337 3481 3618 3762 3803 4003 4200 4203 4440 4456 4702 4517 4234 4141 3820 3700 3528 3294 3178 3002 2620 2945 3231 3467 3840 4056 4421 3996 3620 3393 2910 2537 2102 1857 1494 1623 1623 1869 1911 2239 2359 2477 2604 2686 2883 3030 3152 3381 3519 3584 3666 3953 4088 4125 4189 4477 4636 4707 4940 4653 4394 4134 4055 3891 3595 3381 3203 2991 2654 3055 3256 3350 3726 3911 4170 3761 3336 3187 2637 2434 1981 1598 ]
K = 4
nk = [ 1 2 2 2 3 3 3 3 3 3 3 3 3 3 4 4 4 4 4 4 ]
First = [ 1 1 0 0 1 0 0 0 0 0 0 0 0 0 1 0 0 0 0 0 ]
Last = [ 1 0 0 1 0 0 0 0 0 0 0 0 0 1 0 0 0 0 0 1 ]
nS = 1
S = [ 0 1 2 3 4 5 6 7 8 9 10 11 12 13 14 15 16 17 18 19 ]
