n = 20 ; 
T = 192 ; 
Init = [ 0 0 0 0 0 0 0 0 0 0 0 0 0 1 1 0 0 0 0 0 ]
L = [ 9 11 11 11 11 11 11 11 15 15 15 15 15 18 18 11 11 11 11 11 ]
l = [ 9 11 11 11 11 11 11 11 15 15 15 15 15 18 18 11 11 11 11 11 ]
Pmin = [ 43 53 53 53 53 53 53 53 79 79 79 79 79 100 100 61 61 61 61 61 ]
Pmax = [ 164 211 211 211 211 211 211 211 296 296 296 296 296 399 399 232 232 232 232 232 ]
cf = [ 38.3528 49.8513 49.8513 49.8513 49.8513 49.8513 49.8513 49.8513 25.7329 25.7329 25.7329 25.7329 25.7329 15.5095 15.5095 41.6763 41.6763 41.6763 41.6763 41.6763 ]
c0 = [ 131 151 151 151 151 151 151 151 204 204 204 204 204 250 250 176 176 176 176 176 ]
cp = [ 34.0044 28.7636 28.7636 28.7636 28.7636 28.7636 28.7636 28.7636 24.1408 24.1408 24.1408 24.1408 24.1408 11.3697 11.3697 18.712 18.712 18.712 18.712 18.712 ]
D = [ 1518 1700 1816 1876 2078 2082 2135 2374 2503 2523 2643 2783 2988 3072 3224 3393 3522 3618 3714 3795 3890 4002 4213 4340 4444 4197 4086 3793 3698 3462 3344 3048 2873 2751 2598 2698 3060 3237 3456 3624 3903 3577 3219 2835 2473 2147 1811 1458 1179 1278 1359 1465 1638 1815 2010 2132 2173 2460 2592 2696 2812 2833 3086 3167 3398 3404 3553 3791 3772 4072 4078 4270 4364 4224 4067 3804 3605 3405 3309 2939 2907 2555 2360 2585 2900 3188 3401 3622 3860 3551 3222 2923 2702 2290 1937 1812 1357 1544 1749 1869 1892 2030 2147 2369 2403 2550 2733 2813 2960 3142 3108 3317 3485 3649 3666 3816 3945 4159 4178 4390 4543 4207 4055 3841 3776 3427 3332 3004 2919 2699 2570 2781 2972 3030 3338 3437 3719 3384 3145 2951 2470 2273 1960 1724 1387 1538 1652 1815 2008 2102 2192 2230 2424 2583 2730 2899 2919 3074 3230 3306 3361 3615 3770 3782 3887 4141 4167 4368 4399 4371 3988 3983 3629 3588 3339 3163 2941 2882 2538 2776 3078 3293 3441 3606 3853 3465 3115 2902 2540 2016 1752 1317 ]
K = 5
nk = [ 1 2 2 2 2 2 2 2 3 3 3 3 3 4 4 5 5 5 5 5 ]
First = [ 1 1 0 0 0 0 0 0 1 0 0 0 0 1 0 1 0 0 0 0 ]
Last = [ 1 0 0 0 0 0 0 1 0 0 0 0 1 0 1 0 0 0 0 1 ]
nS = 1
S = [ 0 1 2 3 4 5 6 7 8 9 10 11 12 13 14 15 16 17 18 19 ]
