n = 20 ; 
T = 192 ; 
Init = [ 1 1 1 0 0 0 0 0 0 1 1 1 1 1 1 1 1 1 1 1 ]
L = [ 18 18 18 13 13 12 12 12 12 4 4 4 4 9 9 9 11 11 16 16 ]
l = [ 18 18 18 13 13 12 12 12 12 4 4 4 4 9 9 9 11 11 16 16 ]
Pmin = [ 99 99 99 76 76 69 69 69 69 19 19 19 19 52 52 52 50 50 84 84 ]
Pmax = [ 394 394 394 282 282 255 255 255 255 49 49 49 49 179 179 179 204 204 339 339 ]
cf = [ 14.767 14.767 14.767 44.5773 44.5773 39.5836 39.5836 39.5836 39.5836 63.7573 63.7573 63.7573 63.7573 10.6555 10.6555 10.6555 14.8422 14.8422 35.3268 35.3268 ]
c0 = [ 250 250 250 208 208 195 195 195 195 73 73 73 73 145 145 145 141 141 228 228 ]
cp = [ 16.9193 16.9193 16.9193 32.0438 32.0438 23.3748 23.3748 23.3748 23.3748 41.2817 41.2817 41.2817 41.2817 25.8682 25.8682 25.8682 19.2884 19.2884 24.9195 24.9195 ]
D = [ 1346 1431 1468 1525 1730 1875 1872 1981 2111 2179 2316 2459 2586 2613 2827 2876 3021 3052 3295 3403 3415 3616 3681 3724 3803 3669 3452 3326 3183 3027 2787 2680 2500 2373 2214 2345 2652 2963 3095 3424 3510 3296 2918 2649 2354 1898 1569 1311 931 1044 1171 1343 1405 1573 1585 1658 1937 2008 2067 2203 2281 2425 2453 2612 2840 2967 2981 3140 3216 3289 3479 3610 3683 3501 3353 3302 3005 2923 2731 2644 2560 2383 2171 2362 2565 2761 2911 3096 3250 3085 2847 2521 2203 2064 1783 1397 1201 1244 1521 1588 1627 1813 1911 2011 2150 2122 2283 2388 2476 2645 2772 2874 3012 2959 3216 3269 3425 3435 3617 3714 3706 3681 3464 3256 3152 3037 2855 2749 2569 2373 2227 2338 2582 2788 3075 3167 3420 3107 2911 2674 2239 2063 1821 1600 1194 1272 1527 1654 1676 1882 1881 1947 2132 2185 2413 2378 2628 2583 2775 2847 3071 3154 3278 3274 3430 3588 3601 3666 3850 3649 3568 3298 3275 2991 2982 2844 2531 2485 2367 2519 2756 2898 3191 3321 3592 3302 2955 2665 2406 2143 1817 1490 ]
K = 7
nk = [ 1 1 1 2 2 3 3 3 3 4 4 4 4 5 5 5 6 6 7 7 ]
First = [ 1 0 0 1 0 1 0 0 0 1 0 0 0 1 0 0 1 0 1 0 ]
Last = [ 0 0 1 0 1 0 0 0 1 0 0 0 1 0 0 1 0 1 0 1 ]
nS = 1
S = [ 0 1 2 3 4 5 6 7 8 9 10 11 12 13 14 15 16 17 18 19 ]
