n = 20 ; 
T = 192 ; 
Init = [ 1 1 0 0 0 1 1 1 1 1 0 0 0 1 1 1 0 0 0 0 ]
L = [ 6 6 5 5 5 12 8 8 8 8 15 15 15 19 19 19 19 9 9 9 ]
l = [ 6 6 5 5 5 12 8 8 8 8 15 15 15 19 19 19 19 9 9 9 ]
Pmin = [ 26 26 21 21 21 64 42 42 42 42 86 86 86 100 100 100 100 48 48 48 ]
Pmax = [ 72 72 67 67 67 259 151 151 151 151 320 320 320 410 410 410 420 184 184 184 ]
cf = [ 42.5921 42.5921 20.3807 20.3807 20.3807 36.4652 22.4474 22.4474 22.4474 22.4474 18.9369 18.9369 18.9369 69.1058 69.1058 69.1058 53.2951 34.7864 34.7864 34.7864 ]
c0 = [ 80 80 65 65 65 176 116 116 116 116 235 235 235 250 250 250 250 139 139 139 ]
cp = [ 36.5906 36.5906 40.449 40.449 40.449 19.4189 28.811 28.811 28.811 28.811 16.5932 16.5932 16.5932 10.7141 10.7141 10.7141 11.113 25.3143 25.3143 25.3143 ]
D = [ 1175 1257 1432 1569 1565 1651 1806 1916 2046 2163 2262 2357 2430 2653 2743 2743 2869 3006 3093 3182 3305 3427 3439 3659 3682 3611 3425 3354 3037 2893 2871 2643 2477 2351 2155 2400 2599 2799 3049 3274 3486 3059 2777 2459 2151 1854 1608 1321 935 1044 1129 1400 1471 1634 1736 1813 1927 1951 2185 2146 2298 2407 2547 2703 2866 2861 3034 3071 3261 3417 3448 3644 3680 3454 3415 3218 2991 2833 2690 2544 2384 2214 2052 2227 2483 2688 3001 3085 3377 3114 2699 2507 2066 1854 1532 1141 960 1046 1179 1343 1375 1470 1566 1775 1887 1997 2030 2307 2415 2407 2549 2646 2735 2920 3093 3226 3304 3418 3593 3592 3691 3672 3365 3225 3049 2975 2750 2684 2403 2192 2171 2313 2414 2531 2763 3032 3140 2852 2670 2333 2092 1759 1574 1304 980 1101 1145 1291 1446 1516 1652 1725 1911 1973 2106 2248 2280 2386 2460 2614 2783 2783 3050 3020 3103 3298 3468 3482 3583 3493 3253 3234 2979 2870 2806 2615 2517 2388 2235 2300 2423 2589 2793 2993 3111 2771 2611 2259 2090 1895 1589 1304 ]
K = 8
nk = [ 1 1 2 2 2 3 4 4 4 4 5 5 5 6 6 6 7 8 8 8 ]
First = [ 1 0 1 0 0 1 1 0 0 0 1 0 0 1 0 0 1 1 0 0 ]
Last = [ 0 1 0 0 1 1 0 0 0 1 0 0 1 0 0 1 1 0 0 1 ]
nS = 1
S = [ 0 1 2 3 4 5 6 7 8 9 10 11 12 13 14 15 16 17 18 19 ]
