n = 20 ; 
T = 192 ; 
Init = [ 0 0 1 1 1 1 1 1 0 1 1 1 1 0 0 0 0 0 0 0 ]
L = [ 18 18 8 8 8 14 14 14 19 12 12 6 6 18 18 18 18 18 18 18 ]
l = [ 18 18 8 8 8 14 14 14 19 12 12 6 6 18 18 18 18 18 18 18 ]
Pmin = [ 92 92 37 37 37 74 74 74 100 58 58 32 32 95 95 95 95 97 97 97 ]
Pmax = [ 369 369 143 143 143 287 287 287 420 238 238 104 104 373 373 373 373 389 389 389 ]
cf = [ 20.7663 20.7663 23.2684 23.2684 23.2684 12.9257 12.9257 12.9257 43.804 33.2642 33.2642 38.9551 38.9551 48.9795 48.9795 48.9795 48.9795 18.5315 18.5315 18.5315 ]
c0 = [ 241 241 112 112 112 198 198 198 250 170 170 99 99 240 240 240 240 250 250 250 ]
cp = [ 17.1343 17.1343 34.4 34.4 34.4 18.9731 18.9731 18.9731 10.4915 20.9759 20.9759 36.9346 36.9346 11.9928 11.9928 11.9928 11.9928 10.0169 10.0169 10.0169 ]
D = [ 1465 1678 1888 1937 2201 2220 2418 2460 2673 2753 2988 2990 3338 3461 3485 3647 3934 3860 4095 4277 4439 4519 4747 4799 4880 4785 4469 4277 4143 4023 3842 3623 3342 3226 3145 3176 3591 3756 3916 4170 4502 4169 3697 3418 3064 2704 2211 2000 1507 1814 1780 2052 2235 2203 2534 2560 2771 2845 3014 3071 3257 3459 3470 3590 3722 3988 3979 4132 4280 4578 4732 4874 5033 4760 4571 4345 4022 3860 3756 3466 3238 3193 3036 3010 3414 3606 3698 3942 4068 3665 3301 3179 2839 2346 1973 1625 1273 1622 1751 1830 1958 2059 2247 2411 2377 2706 2842 2961 3101 3253 3355 3496 3550 3706 3783 4002 4130 4189 4403 4605 4627 4503 4349 4092 3970 3793 3508 3403 3207 2914 2752 3040 3437 3588 3904 4362 4706 4066 3784 3409 3016 2468 2098 1623 1237 1335 1516 1603 1736 2081 2235 2381 2398 2637 2776 2921 2955 3311 3317 3430 3566 3725 3879 4025 4322 4518 4459 4627 4872 4650 4602 4267 4071 3905 3713 3619 3401 3239 3081 3209 3374 3583 3707 3969 4034 3671 3452 3157 2767 2635 2302 1897 ]
K = 8
nk = [ 1 1 2 2 2 3 3 3 4 5 5 6 6 7 7 7 7 8 8 8 ]
First = [ 1 0 1 0 0 1 0 0 1 1 0 1 0 1 0 0 0 1 0 0 ]
Last = [ 0 1 0 0 1 0 0 1 1 0 1 0 1 0 0 0 1 0 0 1 ]
nS = 1
S = [ 0 1 2 3 4 5 6 7 8 9 10 11 12 13 14 15 16 17 18 19 ]
