n = 20 ; 
T = 192 ; 
Init = [ 1 0 0 0 0 1 1 1 0 1 0 0 0 0 0 0 0 0 0 0 ]
L = [ 5 18 18 18 18 9 9 9 14 19 14 14 14 14 14 18 18 18 18 18 ]
l = [ 5 18 18 18 18 9 9 9 14 19 14 14 14 14 14 18 18 18 18 18 ]
Pmin = [ 26 100 100 100 100 45 45 45 70 100 75 75 75 75 75 97 97 97 97 97 ]
Pmax = [ 90 410 410 410 410 181 181 181 283 420 281 281 281 281 281 385 385 385 385 385 ]
cf = [ 15.105 54.8972 54.8972 54.8972 54.8972 65.6476 65.6476 65.6476 34.4346 69.2255 61.8064 61.8064 61.8064 61.8064 61.8064 32.9401 32.9401 32.9401 32.9401 32.9401 ]
c0 = [ 89 250 250 250 250 128 128 128 184 250 192 192 192 192 192 250 250 250 250 250 ]
cp = [ 35.0836 29.3491 29.3491 29.3491 29.3491 26.5033 26.5033 26.5033 13.8074 12.4381 25.299 25.299 25.299 25.299 25.299 13.3207 13.3207 13.3207 13.3207 13.3207 ]
D = [ 1670 1702 1926 2062 2193 2476 2548 2586 2912 2859 3036 3333 3416 3672 3636 3996 3907 4108 4456 4485 4637 4738 4830 5006 5162 5034 4904 4524 4559 4139 4135 3900 3613 3429 3178 3595 3762 4155 4458 4548 4990 4372 4164 3591 3330 2935 2319 2069 1540 1805 1926 2148 2228 2418 2620 2728 2859 3022 3292 3436 3546 3706 3742 3973 4161 4265 4410 4653 4719 4964 5114 5206 5508 5168 4928 4823 4532 4369 3963 3662 3600 3404 3161 3289 3645 3968 4040 4363 4686 4432 3797 3633 3123 2613 2264 2030 1579 1654 1815 1859 2191 2238 2488 2650 2788 2981 3074 3259 3454 3645 3653 3888 4121 4169 4445 4575 4644 4907 4930 5144 5209 5027 4953 4679 4493 4155 3998 3794 3625 3470 3152 3425 3678 3971 4247 4733 5061 4541 4072 3706 3219 2851 2310 1898 1483 1808 1980 2021 2237 2350 2421 2768 2687 3022 3164 3144 3377 3487 3670 3893 3976 4089 4336 4579 4649 4958 4887 5269 5211 5018 4960 4516 4309 4111 4028 3672 3391 3323 2851 3192 3642 3900 4178 4644 4827 4630 4206 3752 3509 3112 2724 2154 ]
K = 7
nk = [ 1 2 2 2 2 3 3 3 4 5 6 6 6 6 6 7 7 7 7 7 ]
First = [ 1 1 0 0 0 1 0 0 1 1 1 0 0 0 0 1 0 0 0 0 ]
Last = [ 1 0 0 0 1 0 0 1 1 1 0 0 0 0 1 0 0 0 0 1 ]
nS = 1
S = [ 0 1 2 3 4 5 6 7 8 9 10 11 12 13 14 15 16 17 18 19 ]
