n = 20 ; 
T = 192 ; 
Init = [ 0 1 1 1 0 0 0 0 0 1 1 1 1 1 1 0 0 0 0 0 ]
L = [ 6 14 14 14 14 14 14 14 14 20 20 20 20 20 15 12 12 6 6 6 ]
l = [ 6 14 14 14 14 14 14 14 14 20 20 20 20 20 15 12 12 6 6 6 ]
Pmin = [ 34 75 75 75 82 82 82 82 82 100 100 100 100 100 81 66 66 29 29 29 ]
Pmax = [ 111 298 298 298 301 301 301 301 301 420 420 420 420 420 307 250 250 102 102 102 ]
cf = [ 30.5237 39.7252 39.7252 39.7252 36.1707 36.1707 36.1707 36.1707 36.1707 29.2153 29.2153 29.2153 29.2153 29.2153 9.46849 47.5909 47.5909 35.8742 35.8742 35.8742 ]
c0 = [ 106 192 192 192 207 207 207 207 207 250 250 250 250 250 219 177 177 84 84 84 ]
cp = [ 33.3231 19.2404 19.2404 19.2404 18.7867 18.7867 18.7867 18.7867 18.7867 11.583 11.583 11.583 11.583 11.583 20.6237 20.6835 20.6835 37.5228 37.5228 37.5228 ]
D = [ 1679 1664 1980 1905 2201 2211 2405 2506 2732 2901 2930 3065 3192 3345 3440 3735 3740 3942 4063 4138 4407 4533 4633 4676 4824 4791 4604 4422 4191 3925 3635 3573 3383 3270 2995 3114 3253 3415 3725 3951 4144 3860 3370 3067 2797 2493 2346 1942 1776 1770 2030 2113 2115 2388 2435 2596 2773 2725 2891 3151 3252 3351 3566 3644 3638 3894 3980 3990 4284 4366 4405 4694 4701 4538 4332 4147 4045 3800 3510 3429 3051 2893 2768 2979 3223 3504 3977 4271 4376 3987 3743 3380 2962 2577 2164 1842 1494 1624 1750 1775 1898 2038 2159 2236 2514 2524 2650 2969 3052 3102 3378 3456 3462 3746 3871 3872 4068 4213 4409 4375 4492 4460 4263 4020 3933 3800 3672 3440 3305 3169 3058 3282 3524 3770 3938 4095 4219 4053 3612 3360 2882 2585 2277 1902 1579 1814 1752 1919 2112 2194 2429 2647 2757 2917 2927 3058 3263 3513 3672 3682 3887 3991 4140 4291 4525 4536 4780 4830 5104 4720 4599 4305 4213 3892 3637 3441 3210 2978 2805 3132 3349 3776 3948 4359 4573 4171 3900 3507 2981 2726 2198 1961 ]
K = 7
nk = [ 1 2 2 2 3 3 3 3 3 4 4 4 4 4 5 6 6 7 7 7 ]
First = [ 1 1 0 0 1 0 0 0 0 1 0 0 0 0 1 1 0 1 0 0 ]
Last = [ 1 0 0 1 0 0 0 0 1 0 0 0 0 1 1 0 1 0 0 1 ]
nS = 1
S = [ 0 1 2 3 4 5 6 7 8 9 10 11 12 13 14 15 16 17 18 19 ]
