n = 20 ; 
T = 192 ; 
Init = [ 1 1 1 1 1 1 0 0 0 0 0 0 0 1 1 1 0 0 0 0 ]
L = [ 10 10 10 9 9 9 16 16 6 6 16 17 17 13 13 7 5 5 5 5 ]
l = [ 10 10 10 9 9 9 16 16 6 6 16 17 17 13 13 7 5 5 5 5 ]
Pmin = [ 49 49 51 40 40 40 93 93 30 30 82 93 93 66 66 27 28 28 28 28 ]
Pmax = [ 179 179 179 147 147 147 353 353 85 85 325 359 359 251 251 103 80 80 80 80 ]
cf = [ 26.0845 26.0845 39.4841 46.4221 46.4221 46.4221 32.7658 32.7658 17.4242 17.4242 34.0376 50.6357 50.6357 64.7807 64.7807 38.4928 32.5493 32.5493 32.5493 32.5493 ]
c0 = [ 144 144 154 108 108 108 250 250 93 93 227 247 247 178 178 87 80 80 80 80 ]
cp = [ 22.1059 22.1059 30.7154 28.7609 28.7609 28.7609 22.4734 22.4734 26.4988 26.4988 13.2081 15.1219 15.1219 20.7819 20.7819 31.4433 39.2375 39.2375 39.2375 39.2375 ]
D = [ 1098 1166 1308 1316 1462 1519 1640 1819 1892 1980 1968 2082 2210 2233 2436 2550 2529 2744 2726 2834 2890 3123 3115 3291 3277 3251 3105 2881 2793 2668 2499 2470 2321 2202 2088 2084 2174 2332 2415 2638 2640 2442 2205 2065 1798 1671 1401 1172 903 1108 1229 1335 1371 1552 1547 1742 1732 1828 2005 2006 2119 2331 2309 2466 2647 2734 2780 2824 3043 3012 3157 3312 3378 3268 3087 2899 2792 2632 2572 2366 2158 2121 1921 2108 2304 2457 2586 2826 2976 2628 2521 2284 2048 1667 1488 1333 1039 1157 1251 1306 1385 1586 1675 1737 1867 1892 2041 2123 2243 2263 2379 2489 2628 2667 2765 2947 2964 3063 3247 3274 3432 3284 3046 2946 2826 2552 2478 2280 2178 1945 1855 1896 2080 2297 2452 2513 2655 2468 2274 2045 1778 1599 1381 1151 809 896 1061 1188 1201 1275 1445 1499 1662 1644 1758 1851 1905 2059 2180 2297 2298 2480 2584 2634 2704 2815 2833 2961 3089 2893 2795 2717 2609 2425 2361 2271 2081 1936 1880 2043 2161 2311 2434 2621 2812 2586 2247 2028 1861 1703 1507 1248 ]
K = 10
nk = [ 1 1 2 3 3 3 4 4 5 5 6 7 7 8 8 9 10 10 10 10 ]
First = [ 1 0 1 1 0 0 1 0 1 0 1 1 0 1 0 1 1 0 0 0 ]
Last = [ 0 1 1 0 0 1 0 1 0 1 1 0 1 0 1 1 0 0 0 1 ]
nS = 1
S = [ 0 1 2 3 4 5 6 7 8 9 10 11 12 13 14 15 16 17 18 19 ]
