n = 20 ; 
T = 192 ; 
Init = [ 1 1 0 0 0 0 0 0 0 1 1 1 1 1 0 1 1 1 1 1 ]
L = [ 19 19 16 16 16 16 16 8 8 8 8 17 17 17 6 14 18 18 18 18 ]
l = [ 19 19 16 16 16 16 16 8 8 8 8 17 17 17 6 14 18 18 18 18 ]
Pmin = [ 100 100 89 89 89 89 89 44 44 40 40 91 91 91 26 80 100 100 100 100 ]
Pmax = [ 395 395 339 339 339 339 339 139 139 125 125 371 371 371 96 298 420 420 420 420 ]
cf = [ 59.1465 59.1465 69.9162 69.9162 69.9162 69.9162 69.9162 65.1757 65.1757 10.6067 10.6067 45.8342 45.8342 45.8342 25.0361 51.1443 54.0676 54.0676 54.0676 54.0676 ]
c0 = [ 250 250 228 228 228 228 228 134 134 107 107 240 240 240 87 217 250 250 250 250 ]
cp = [ 12.3626 12.3626 23.4757 23.4757 23.4757 23.4757 23.4757 33.3417 33.3417 34.3858 34.3858 19.726 19.726 19.726 40.209 24.1183 12.9614 12.9614 12.9614 12.9614 ]
D = [ 1966 2074 2232 2365 2479 2548 2735 2892 2942 3163 3210 3426 3502 3561 3742 3996 4141 4091 4293 4434 4694 4732 4873 4977 5100 4832 4677 4505 4401 4106 3741 3752 3427 3331 3088 3235 3565 3868 4033 4275 4661 4344 4024 3708 3310 2786 2586 2196 1806 1929 2176 2238 2422 2465 2639 2744 2886 3039 3034 3296 3422 3533 3597 3746 3991 4017 4273 4313 4629 4682 4686 4838 5051 4929 4633 4479 4331 4054 3777 3607 3315 3149 2904 3411 3654 3950 4176 4424 4736 4340 3985 3557 3135 2706 2290 1728 1356 1371 1676 1827 2002 2113 2324 2429 2719 2970 2991 3322 3536 3520 3799 4013 4176 4407 4390 4589 4897 5132 5094 5406 5658 5319 5106 4826 4509 4367 4138 3957 3654 3305 3098 3253 3546 3834 3918 4324 4438 4047 3794 3378 3043 2644 2266 1916 1641 1826 1895 2015 2229 2509 2553 2868 2912 3017 3271 3456 3597 3788 3800 4011 4315 4515 4622 4636 4931 4970 5245 5490 5499 5360 4948 4817 4451 4175 4125 3814 3562 3171 3066 3363 3587 3860 4063 4169 4386 4058 3812 3385 3085 2690 2312 1906 ]
K = 8
nk = [ 1 1 2 2 2 2 2 3 3 4 4 5 5 5 6 7 8 8 8 8 ]
First = [ 1 0 1 0 0 0 0 1 0 1 0 1 0 0 1 1 1 0 0 0 ]
Last = [ 0 1 0 0 0 0 1 0 1 0 1 0 0 1 1 1 0 0 0 1 ]
nS = 1
S = [ 0 1 2 3 4 5 6 7 8 9 10 11 12 13 14 15 16 17 18 19 ]
