n = 20 ; 
T = 192 ; 
Init = [ 1 1 0 0 0 1 1 1 1 0 0 0 0 0 1 0 0 0 0 0 ]
L = [ 9 9 13 13 13 15 15 15 15 6 6 6 6 12 15 6 6 6 6 6 ]
l = [ 9 9 13 13 13 15 15 15 15 6 6 6 6 12 15 6 6 6 6 6 ]
Pmin = [ 39 39 73 73 73 80 80 80 80 28 28 28 28 68 72 23 23 34 34 34 ]
Pmax = [ 148 148 274 274 274 315 315 315 315 84 84 84 84 267 296 72 72 102 102 102 ]
cf = [ 32.7365 32.7365 60.9642 60.9642 60.9642 63.879 63.879 63.879 63.879 32.1899 32.1899 32.1899 32.1899 36.4394 19.7844 23.8615 23.8615 14.2794 14.2794 14.2794 ]
c0 = [ 112 112 204 204 204 225 225 225 225 85 85 85 85 183 195 76 76 100 100 100 ]
cp = [ 34.8926 34.8926 16.0063 16.0063 16.0063 21.0751 21.0751 21.0751 21.0751 41.0148 41.0148 41.0148 41.0148 24.8375 28.0825 37.1748 37.1748 36.4487 36.4487 36.4487 ]
D = [ 880 1075 1092 1239 1323 1389 1601 1604 1677 1814 1975 2009 2156 2295 2397 2456 2562 2687 2739 2825 2879 3087 3176 3285 3334 3172 3013 2962 2746 2564 2496 2326 2090 1938 1814 2038 2177 2342 2616 2728 2930 2671 2419 2073 1853 1603 1365 1000 749 852 986 1095 1187 1269 1310 1519 1531 1700 1821 1830 2023 2041 2160 2341 2306 2508 2564 2686 2754 2880 2899 2985 3140 2976 2872 2773 2646 2537 2376 2274 2020 1895 1803 1963 2093 2215 2336 2529 2572 2367 2271 2061 1775 1550 1423 1152 905 1050 1123 1223 1249 1358 1466 1665 1749 1740 1820 1913 2096 2200 2286 2306 2393 2536 2613 2707 2816 2895 3064 3162 3176 3054 3011 2837 2679 2548 2444 2320 2089 1962 1844 1960 2116 2279 2351 2493 2702 2398 2179 1967 1671 1443 1304 1000 771 937 1011 1122 1231 1267 1507 1473 1689 1793 1813 1890 2012 2165 2265 2418 2511 2621 2700 2717 2836 2931 3028 3146 3329 3116 3047 2917 2775 2618 2541 2394 2151 2046 1910 2074 2153 2255 2432 2477 2730 2486 2165 1949 1757 1583 1269 1068 ]
K = 8
nk = [ 1 1 2 2 2 3 3 3 3 4 4 4 4 5 6 7 7 8 8 8 ]
First = [ 1 0 1 0 0 1 0 0 0 1 0 0 0 1 1 1 0 1 0 0 ]
Last = [ 0 1 0 0 1 0 0 0 1 0 0 0 1 1 1 0 1 0 0 1 ]
nS = 1
S = [ 0 1 2 3 4 5 6 7 8 9 10 11 12 13 14 15 16 17 18 19 ]
