n = 20 ; 
T = 192 ; 
Init = [ 0 1 1 1 1 1 1 0 0 1 1 1 1 1 1 1 1 1 1 1 ]
L = [ 10 12 12 12 12 12 12 8 8 11 11 12 12 12 12 15 5 5 5 5 ]
l = [ 10 12 12 12 12 12 12 8 8 11 11 12 12 12 12 15 5 5 5 5 ]
Pmin = [ 44 62 62 62 62 62 62 45 45 60 60 66 66 66 66 78 30 30 30 30 ]
Pmax = [ 175 218 218 218 218 218 218 149 149 226 226 250 250 250 250 314 80 80 80 80 ]
cf = [ 8.0513 31.8422 31.8422 31.8422 31.8422 31.8422 31.8422 63.1884 63.1884 60.9666 60.9666 69.9125 69.9125 69.9125 69.9125 30.8442 17.5171 17.5171 17.5171 17.5171 ]
c0 = [ 128 176 176 176 176 176 176 134 134 155 155 175 175 175 175 199 99 99 99 99 ]
cp = [ 28.1301 30.7223 30.7223 30.7223 30.7223 30.7223 30.7223 32.7533 32.7533 22.3826 22.3826 30.122 30.122 30.122 30.122 11.8025 36.3711 36.3711 36.3711 36.3711 ]
D = [ 978 1018 1179 1285 1382 1357 1560 1561 1613 1811 1834 1945 2110 2082 2285 2255 2465 2555 2669 2657 2828 2823 3017 3064 3093 2999 2854 2761 2714 2544 2546 2329 2263 2179 1978 2185 2408 2587 2704 2887 3019 2801 2427 2212 1875 1613 1431 1213 823 963 1015 1180 1285 1353 1582 1626 1651 1773 1861 2067 2097 2234 2350 2401 2497 2639 2818 2806 2992 3064 3133 3321 3321 3188 3130 2988 2798 2664 2531 2387 2289 2104 2021 2089 2342 2548 2711 2885 2954 2808 2482 2185 1917 1603 1407 1131 912 1010 1115 1215 1243 1349 1401 1593 1554 1759 1842 1914 2025 2152 2146 2286 2399 2389 2576 2658 2746 2905 2988 3032 3110 2972 2948 2804 2697 2439 2412 2301 2202 2031 1927 2069 2217 2535 2620 2790 3064 2698 2563 2260 2082 1692 1435 1277 934 1045 1125 1278 1332 1544 1557 1629 1780 1804 1898 2000 2195 2245 2309 2481 2584 2632 2737 2882 2893 3103 3168 3197 3403 3175 3038 2945 2800 2727 2478 2405 2191 2080 1908 2103 2249 2445 2614 2815 2937 2680 2463 2104 1955 1705 1421 1122 ]
K = 7
nk = [ 1 2 2 2 2 2 2 3 3 4 4 5 5 5 5 6 7 7 7 7 ]
First = [ 1 1 0 0 0 0 0 1 0 1 0 1 0 0 0 1 1 0 0 0 ]
Last = [ 1 0 0 0 0 0 1 0 1 0 1 0 0 0 1 1 0 0 0 1 ]
nS = 1
S = [ 0 1 2 3 4 5 6 7 8 9 10 11 12 13 14 15 16 17 18 19 ]
