n = 20 ; 
T = 192 ; 
Init = [ 1 1 1 1 1 1 1 1 1 1 1 1 1 1 0 0 0 0 1 1 ]
L = [ 7 7 7 7 7 7 10 10 10 10 10 7 10 10 12 12 12 12 14 14 ]
l = [ 7 7 7 7 7 7 10 10 10 10 10 7 10 10 12 12 12 12 14 14 ]
Pmin = [ 32 32 32 32 32 32 55 55 55 55 55 29 55 55 59 59 59 59 73 73 ]
Pmax = [ 122 122 122 122 122 122 213 213 213 213 213 108 198 198 242 242 242 242 283 283 ]
cf = [ 19.2949 19.2949 19.2949 19.2949 19.2949 19.2949 12.4953 12.4953 12.4953 12.4953 12.4953 53.509 59.9304 59.9304 38.088 38.088 38.088 38.088 58.1287 58.1287 ]
c0 = [ 104 104 104 104 104 104 146 146 146 146 146 82 146 146 171 171 171 171 187 187 ]
cp = [ 34.1862 34.1862 34.1862 34.1862 34.1862 34.1862 34.0621 34.0621 34.0621 34.0621 34.0621 31.0161 31.899 31.899 17.9797 17.9797 17.9797 17.9797 24.085 24.085 ]
D = [ 742 945 1013 1137 1307 1412 1495 1495 1699 1797 1898 1997 2176 2247 2309 2469 2569 2589 2787 2899 3046 3082 3241 3302 3437 3187 3118 2888 2784 2647 2540 2350 2153 2004 1831 2024 2199 2481 2565 2835 2954 2749 2423 2178 1935 1715 1367 1116 933 973 1180 1243 1367 1495 1454 1593 1765 1840 1934 2110 2163 2274 2294 2453 2624 2585 2685 2909 2952 3065 3148 3228 3403 3250 3036 2967 2822 2747 2603 2362 2224 2183 2055 2210 2314 2467 2505 2678 2802 2639 2385 2113 1957 1774 1558 1317 1125 1165 1320 1305 1423 1493 1624 1652 1716 1897 1924 2085 2124 2172 2301 2359 2464 2478 2679 2678 2804 2792 2999 2999 3136 2961 2803 2734 2649 2471 2403 2235 2167 2018 1905 2117 2201 2380 2537 2601 2726 2465 2244 1962 1819 1492 1338 1064 880 925 1022 1055 1211 1353 1417 1510 1546 1711 1852 1854 2021 2092 2203 2266 2365 2411 2470 2542 2755 2765 2928 3048 3138 2901 2808 2737 2682 2470 2349 2294 2188 2070 1956 2041 2254 2393 2632 2789 2999 2730 2548 2277 1986 1822 1522 1237 ]
K = 6
nk = [ 1 1 1 1 1 1 2 2 2 2 2 3 4 4 5 5 5 5 6 6 ]
First = [ 1 0 0 0 0 0 1 0 0 0 0 1 1 0 1 0 0 0 1 0 ]
Last = [ 0 0 0 0 0 1 0 0 0 0 1 1 0 1 0 0 0 1 0 1 ]
nS = 1
S = [ 0 1 2 3 4 5 6 7 8 9 10 11 12 13 14 15 16 17 18 19 ]
