n = 20 ; 
T = 192 ; 
Init = [ 1 1 1 1 1 1 0 0 0 0 0 0 0 0 0 0 1 1 1 0 ]
L = [ 7 7 7 7 7 7 13 13 13 13 12 12 12 12 12 12 15 15 15 15 ]
l = [ 7 7 7 7 7 7 13 13 13 13 12 12 12 12 12 12 15 15 15 15 ]
Pmin = [ 39 39 39 39 39 39 70 70 70 70 62 62 62 62 62 62 84 84 84 85 ]
Pmax = [ 131 131 131 131 131 131 282 282 282 282 237 237 237 237 237 237 344 344 344 326 ]
cf = [ 60.9137 60.9137 60.9137 60.9137 60.9137 60.9137 49.6831 49.6831 49.6831 49.6831 52.779 52.779 52.779 52.779 52.779 52.779 38.3624 38.3624 38.3624 59.2961 ]
c0 = [ 117 117 117 117 117 117 182 182 182 182 173 173 173 173 173 173 218 218 218 214 ]
cp = [ 37.1088 37.1088 37.1088 37.1088 37.1088 37.1088 32.2761 32.2761 32.2761 32.2761 31.7354 31.7354 31.7354 31.7354 31.7354 31.7354 16.3264 16.3264 16.3264 18.7367 ]
D = [ 1348 1399 1532 1723 1741 1826 2046 2030 2313 2302 2536 2613 2677 2903 2992 3052 3169 3303 3458 3559 3670 3678 3839 4021 4115 3886 3748 3519 3326 3179 3019 2952 2739 2595 2414 2623 2781 2848 2924 3247 3374 3155 2838 2500 2389 2045 1837 1539 1305 1406 1476 1708 1844 1857 2070 2043 2257 2386 2508 2563 2684 2854 2907 3123 3210 3238 3421 3542 3694 3792 3869 3929 4073 4001 3696 3633 3313 3304 3029 2881 2669 2536 2316 2504 2835 2904 3137 3378 3647 3175 2830 2581 2350 1942 1605 1345 1067 1183 1180 1434 1421 1718 1827 1793 1991 2127 2244 2296 2577 2677 2669 2813 2943 3158 3181 3345 3535 3628 3694 3795 4059 3906 3740 3587 3312 3192 3071 3009 2692 2630 2510 2586 2854 3061 3166 3506 3538 3313 3072 2751 2314 1938 1637 1392 979 1171 1309 1483 1474 1613 1853 1878 2049 2192 2241 2317 2493 2615 2768 2773 2997 3112 3145 3274 3466 3495 3694 3828 3873 3674 3557 3420 3334 3127 2871 2840 2519 2470 2306 2436 2798 2957 3181 3408 3591 3422 3095 2823 2469 2177 1979 1543 ]
K = 5
nk = [ 1 1 1 1 1 1 2 2 2 2 3 3 3 3 3 3 4 4 4 5 ]
First = [ 1 0 0 0 0 0 1 0 0 0 1 0 0 0 0 0 1 0 0 1 ]
Last = [ 0 0 0 0 0 1 0 0 0 1 0 0 0 0 0 1 0 0 1 1 ]
nS = 1
S = [ 0 1 2 3 4 5 6 7 8 9 10 11 12 13 14 15 16 17 18 19 ]
