n = 20 ; 
T = 192 ; 
Init = [ 0 0 0 0 0 0 0 0 0 0 0 1 1 1 1 1 1 1 1 1 ]
L = [ 10 10 10 10 10 20 9 9 9 9 9 6 6 6 6 18 18 18 18 18 ]
l = [ 10 10 10 10 10 20 9 9 9 9 9 6 6 6 6 18 18 18 18 18 ]
Pmin = [ 55 55 55 55 55 100 43 43 43 43 43 19 19 19 19 100 100 100 100 100 ]
Pmax = [ 198 198 198 198 198 420 170 170 170 170 170 67 67 67 67 384 384 384 384 384 ]
cf = [ 35.009 35.009 35.009 35.009 35.009 10.948 53.1388 53.1388 53.1388 53.1388 53.1388 42.666 42.666 42.666 42.666 13.6209 13.6209 13.6209 13.6209 13.6209 ]
c0 = [ 149 149 149 149 149 250 115 115 115 115 115 57 57 57 57 250 250 250 250 250 ]
cp = [ 29.7021 29.7021 29.7021 29.7021 29.7021 8.14685 32.6993 32.6993 32.6993 32.6993 32.6993 40.8106 40.8106 40.8106 40.8106 14.1953 14.1953 14.1953 14.1953 14.1953 ]
D = [ 1261 1402 1482 1564 1728 1893 1977 2073 2178 2233 2425 2526 2565 2635 2855 2954 3098 3068 3218 3391 3468 3617 3669 3759 3873 3832 3511 3518 3355 3167 3024 2788 2630 2455 2368 2457 2708 2966 3040 3285 3487 3282 2978 2570 2147 1951 1532 1319 991 1042 1148 1325 1397 1494 1671 1718 1835 1939 1989 2273 2275 2383 2530 2581 2732 2915 2959 3054 3262 3405 3405 3568 3620 3474 3367 3284 3135 2986 2890 2681 2467 2361 2213 2443 2626 2672 2832 3016 3228 2899 2649 2501 2164 1946 1733 1430 1219 1230 1288 1405 1633 1754 1868 1914 2085 2136 2293 2502 2552 2596 2826 2936 2977 3227 3208 3358 3442 3535 3786 3912 4053 3782 3537 3351 3195 2974 2791 2635 2484 2241 2083 2283 2639 2896 3024 3254 3623 3267 2889 2669 2417 2150 1744 1593 1323 1382 1411 1556 1733 1760 1933 2073 2102 2304 2299 2447 2498 2636 2728 2979 3010 3098 3306 3445 3441 3537 3711 3727 3881 3723 3602 3389 3219 3038 2898 2671 2438 2393 2200 2387 2435 2659 2874 3018 3154 2972 2693 2308 2153 1855 1611 1198 ]
K = 5
nk = [ 1 1 1 1 1 2 3 3 3 3 3 4 4 4 4 5 5 5 5 5 ]
First = [ 1 0 0 0 0 1 1 0 0 0 0 1 0 0 0 1 0 0 0 0 ]
Last = [ 0 0 0 0 1 1 0 0 0 0 1 0 0 0 1 0 0 0 0 1 ]
nS = 1
S = [ 0 1 2 3 4 5 6 7 8 9 10 11 12 13 14 15 16 17 18 19 ]
