n = 20 ; 
T = 192 ; 
Init = [ 1 1 1 1 1 1 0 0 0 0 0 0 1 1 1 1 0 0 0 1 ]
L = [ 11 11 11 11 6 6 11 11 5 5 5 5 11 18 9 7 12 12 12 13 ]
l = [ 11 11 11 11 6 6 11 11 5 5 5 5 11 18 9 7 12 12 12 13 ]
Pmin = [ 59 59 59 59 34 34 61 61 18 18 18 18 56 97 48 35 66 66 66 69 ]
Pmax = [ 222 222 222 222 97 97 222 222 45 45 45 45 216 393 172 128 245 245 245 271 ]
cf = [ 29.0181 29.0181 29.0181 29.0181 59.1635 59.1635 15.6104 15.6104 22.0097 22.0097 22.0097 22.0097 10.6507 55.7534 66.2893 16.5077 61.318 61.318 61.318 41.3117 ]
c0 = [ 152 152 152 152 103 103 173 173 60 60 60 60 146 250 144 109 180 180 180 177 ]
cp = [ 17.4455 17.4455 17.4455 17.4455 38.15 38.15 15.9901 15.9901 37.8795 37.8795 37.8795 37.8795 19.3666 13.8035 30.4662 34.5096 34.2441 34.2441 34.2441 30.5976 ]
D = [ 667 797 992 988 1182 1244 1355 1474 1580 1706 1799 1864 2014 2137 2160 2264 2453 2461 2587 2737 2796 2922 3088 3097 3213 3113 2917 2870 2636 2488 2447 2223 2099 2003 1815 1897 2020 2245 2341 2465 2565 2330 2095 1922 1705 1532 1358 1224 933 1099 1122 1279 1391 1365 1575 1536 1757 1742 1866 1989 2073 2159 2286 2329 2391 2522 2546 2716 2809 2859 3009 2983 3202 3053 2882 2782 2597 2451 2418 2256 2185 1940 1843 2042 2071 2197 2411 2426 2591 2363 2226 1909 1677 1576 1356 1096 965 939 1035 1188 1263 1387 1482 1540 1613 1674 1788 1889 1981 2029 2040 2138 2280 2331 2474 2454 2577 2758 2716 2803 2974 2837 2738 2643 2535 2442 2375 2211 2152 1951 1854 2016 2085 2230 2364 2566 2687 2342 2197 1962 1726 1506 1285 960 748 869 930 1110 1092 1308 1339 1477 1587 1558 1743 1756 1881 1956 2057 2201 2284 2461 2455 2575 2699 2839 2815 2957 3113 2926 2832 2697 2607 2390 2279 2159 2111 1965 1784 2042 2148 2322 2478 2596 2791 2494 2280 2108 1790 1579 1310 1123 ]
K = 10
nk = [ 1 1 1 1 2 2 3 3 4 4 4 4 5 6 7 8 9 9 9 10 ]
First = [ 1 0 0 0 1 0 1 0 1 0 0 0 1 1 1 1 1 0 0 1 ]
Last = [ 0 0 0 1 0 1 0 1 0 0 0 1 1 1 1 1 0 0 1 1 ]
nS = 1
S = [ 0 1 2 3 4 5 6 7 8 9 10 11 12 13 14 15 16 17 18 19 ]
