n = 20 ; 
T = 192 ; 
Init = [ 1 1 1 1 0 0 1 1 0 0 0 0 0 0 0 0 0 0 0 0 ]
L = [ 6 6 6 6 8 8 20 20 11 11 11 19 19 19 19 13 13 13 13 13 ]
l = [ 6 6 6 6 8 8 20 20 11 11 11 19 19 19 19 13 13 13 13 13 ]
Pmin = [ 28 28 28 28 41 41 100 100 57 57 57 100 100 100 100 75 75 75 75 75 ]
Pmax = [ 96 96 96 96 125 125 420 420 204 204 204 413 413 413 413 278 278 278 278 278 ]
cf = [ 15.3494 15.3494 15.3494 15.3494 60.498 60.498 16.4139 16.4139 36.8595 36.8595 36.8595 14.0595 14.0595 14.0595 14.0595 59.3507 59.3507 59.3507 59.3507 59.3507 ]
c0 = [ 97 97 97 97 123 123 250 250 156 156 156 250 250 250 250 207 207 207 207 207 ]
cp = [ 39.7343 39.7343 39.7343 39.7343 31.5678 31.5678 12.5362 12.5362 24.9753 24.9753 24.9753 10.8236 10.8236 10.8236 10.8236 12.5179 12.5179 12.5179 12.5179 12.5179 ]
D = [ 1215 1307 1468 1637 1697 1816 1840 2046 2227 2317 2449 2572 2740 2897 3042 3138 3154 3278 3466 3672 3798 3878 3948 4039 4251 4063 3903 3688 3581 3464 3256 3030 2879 2705 2522 2857 3025 3087 3297 3520 3750 3442 3138 2681 2403 2118 1630 1446 976 1116 1193 1470 1612 1636 1762 1950 2132 2195 2392 2358 2604 2744 2896 3017 3180 3163 3327 3517 3533 3781 3825 3891 4193 3905 3742 3674 3618 3297 3297 3006 2902 2850 2708 2756 2942 3142 3455 3489 3828 3519 3110 2877 2579 2399 1954 1690 1405 1519 1607 1799 1899 2071 2151 2286 2402 2547 2524 2738 2892 2928 3135 3296 3246 3500 3601 3740 3877 3833 3967 4215 4224 4101 3826 3842 3606 3388 3203 3177 2956 2741 2583 2707 2907 3074 3420 3618 3812 3483 3038 2734 2323 1968 1706 1333 1001 1210 1350 1543 1643 1762 1885 2140 2240 2300 2501 2554 2828 2958 3017 3264 3340 3403 3649 3735 3899 3975 4195 4343 4497 4335 4050 3918 3744 3392 3365 2990 2908 2671 2550 2636 2792 3067 3263 3581 3771 3478 3159 2728 2421 2016 1688 1312 ]
K = 6
nk = [ 1 1 1 1 2 2 3 3 4 4 4 5 5 5 5 6 6 6 6 6 ]
First = [ 1 0 0 0 1 0 1 0 1 0 0 1 0 0 0 1 0 0 0 0 ]
Last = [ 0 0 0 1 0 1 0 1 0 0 1 0 0 0 1 0 0 0 0 1 ]
nS = 1
S = [ 0 1 2 3 4 5 6 7 8 9 10 11 12 13 14 15 16 17 18 19 ]
