n = 20 ; 
T = 192 ; 
Init = [ 0 0 0 0 0 0 1 1 1 1 1 1 1 1 1 0 0 0 0 0 ]
L = [ 5 5 5 5 5 5 14 14 14 14 14 14 14 14 14 18 18 18 18 18 ]
l = [ 5 5 5 5 5 5 14 14 14 14 14 14 14 14 14 18 18 18 18 18 ]
Pmin = [ 30 30 30 30 30 30 80 80 80 80 80 80 80 80 80 91 91 91 91 91 ]
Pmax = [ 80 80 80 80 80 80 298 298 298 298 298 298 298 298 298 375 375 375 375 375 ]
cf = [ 17.6846 17.6846 17.6846 17.6846 17.6846 17.6846 44.391 44.391 44.391 44.391 44.391 44.391 44.391 44.391 44.391 21.1434 21.1434 21.1434 21.1434 21.1434 ]
c0 = [ 96 96 96 96 96 96 205 205 205 205 205 205 205 205 205 239 239 239 239 239 ]
cp = [ 39.3811 39.3811 39.3811 39.3811 39.3811 39.3811 25.7511 25.7511 25.7511 25.7511 25.7511 25.7511 25.7511 25.7511 25.7511 10.3557 10.3557 10.3557 10.3557 10.3557 ]
D = [ 1095 1339 1472 1529 1720 1814 1984 2059 2280 2366 2626 2729 2915 2908 3029 3160 3385 3461 3636 3759 3856 4010 4315 4367 4483 4247 4188 3914 3803 3621 3315 3305 3025 2913 2619 2786 3025 3360 3462 3782 3860 3541 3282 2864 2600 2322 1894 1714 1228 1419 1480 1660 1775 1949 2001 2322 2375 2402 2628 2755 2874 3056 3210 3250 3524 3584 3692 3775 3906 4127 4275 4456 4579 4343 4180 3908 3804 3583 3263 3052 2888 2695 2530 2767 3035 3208 3430 3616 3883 3627 3238 2920 2509 2139 1728 1456 1063 1329 1430 1546 1643 1669 1878 1952 2057 2252 2359 2467 2493 2612 2765 2941 3058 3173 3392 3396 3466 3713 3852 3897 4077 3812 3685 3497 3455 3224 3028 3020 2732 2718 2505 2803 2900 3182 3433 3716 4073 3713 3388 3054 2694 2198 1921 1556 1245 1492 1564 1662 1733 1973 1981 2177 2374 2327 2590 2726 2821 2927 3108 3233 3336 3345 3574 3660 3888 3925 3993 4271 4373 4108 3915 3667 3465 3468 3107 2986 2908 2694 2545 2658 3005 3186 3569 3787 3995 3710 3334 2908 2602 2280 2054 1724 ]
K = 3
nk = [ 1 1 1 1 1 1 2 2 2 2 2 2 2 2 2 3 3 3 3 3 ]
First = [ 1 0 0 0 0 0 1 0 0 0 0 0 0 0 0 1 0 0 0 0 ]
Last = [ 0 0 0 0 0 1 0 0 0 0 0 0 0 0 1 0 0 0 0 1 ]
nS = 1
S = [ 0 1 2 3 4 5 6 7 8 9 10 11 12 13 14 15 16 17 18 19 ]
