n = 20 ; 
T = 192 ; 
Init = [ 1 1 1 1 0 0 0 0 0 0 0 0 0 0 0 0 0 0 0 0 ]
L = [ 6 6 6 6 16 16 16 16 16 11 11 11 11 11 11 11 11 11 18 19 ]
l = [ 6 6 6 6 16 16 16 16 16 11 11 11 11 11 11 11 11 11 18 19 ]
Pmin = [ 30 30 30 30 94 94 94 94 94 59 59 59 59 59 59 59 59 59 93 100 ]
Pmax = [ 113 113 113 113 360 360 360 360 360 207 207 207 207 207 207 207 207 207 375 420 ]
cf = [ 38.0731 38.0731 38.0731 38.0731 22.2451 22.2451 22.2451 22.2451 22.2451 47.1964 47.1964 47.1964 47.1964 47.1964 47.1964 47.1964 47.1964 47.1964 21.4504 40.0311 ]
c0 = [ 101 101 101 101 249 249 249 249 249 165 165 165 165 165 165 165 165 165 250 250 ]
cp = [ 35.7 35.7 35.7 35.7 13.5511 13.5511 13.5511 13.5511 13.5511 22.6548 22.6548 22.6548 22.6548 22.6548 22.6548 22.6548 22.6548 22.6548 17.0055 11.7183 ]
D = [ 1412 1480 1559 1673 1876 1924 2114 2267 2393 2503 2517 2591 2789 2785 3037 3186 3163 3252 3506 3651 3655 3787 3831 4014 4091 3933 3776 3580 3504 3382 3252 2958 2790 2624 2526 2814 2950 3099 3425 3573 3717 3395 3150 2830 2389 2084 1799 1417 1093 1194 1306 1553 1656 1730 1864 2003 2106 2301 2431 2526 2782 2793 3010 3207 3334 3489 3621 3568 3816 3967 4008 4290 4297 4166 3935 3809 3663 3331 3219 2988 2819 2683 2369 2599 2835 3147 3382 3585 3958 3605 3186 2901 2424 2088 1864 1576 1080 1297 1427 1582 1758 1756 1956 1991 2263 2227 2479 2610 2646 2887 3013 3119 3158 3245 3483 3509 3715 3812 3898 4108 4322 4158 3893 3722 3619 3295 3254 2922 2883 2647 2538 2707 2893 3014 3286 3421 3573 3324 3012 2819 2487 2173 1958 1732 1495 1488 1626 1847 1946 2088 2184 2331 2409 2544 2630 2647 2847 2921 3139 3279 3248 3419 3530 3713 3840 3829 3948 4224 4266 4115 3796 3689 3477 3345 3172 2856 2796 2447 2235 2565 2648 3019 3181 3422 3614 3248 3088 2668 2455 2200 1803 1637 ]
K = 5
nk = [ 1 1 1 1 2 2 2 2 2 3 3 3 3 3 3 3 3 3 4 5 ]
First = [ 1 0 0 0 1 0 0 0 0 1 0 0 0 0 0 0 0 0 1 1 ]
Last = [ 0 0 0 1 0 0 0 0 1 0 0 0 0 0 0 0 0 1 1 1 ]
nS = 1
S = [ 0 1 2 3 4 5 6 7 8 9 10 11 12 13 14 15 16 17 18 19 ]
