n = 30 ; 
T = 96 ; 
Init = [ 0 0 1 1 1 1 1 1 1 0 0 0 0 0 0 0 0 0 0 0 0 0 0 1 1 1 1 1 1 1 ]
L = [ 5 5 10 10 10 10 10 10 10 7 7 7 7 7 9 9 9 9 9 9 9 9 9 16 16 5 5 5 5 5 ]
l = [ 5 5 10 10 10 10 10 10 10 7 7 7 7 7 9 9 9 9 9 9 9 9 9 16 16 5 5 5 5 5 ]
Pmin = [ 24 24 51 51 51 51 51 51 51 31 31 31 31 31 49 49 49 49 49 49 49 49 49 88 88 23 23 23 23 23 ]
Pmax = [ 68 68 181 181 181 181 181 181 181 111 111 111 111 111 169 169 169 169 169 169 169 169 169 356 356 47 47 47 47 47 ]
cf = [ 15.134 15.134 24.4599 24.4599 24.4599 24.4599 24.4599 24.4599 24.4599 31.8213 31.8213 31.8213 31.8213 31.8213 61.6024 61.6024 61.6024 61.6024 61.6024 61.6024 61.6024 61.6024 61.6024 60.4613 60.4613 62.6468 62.6468 62.6468 62.6468 62.6468 ]
c0 = [ 75 75 150 150 150 150 150 150 150 102 102 102 102 102 140 140 140 140 140 140 140 140 140 232 232 67 67 67 67 67 ]
cp = [ 38.8852 38.8852 15.6307 15.6307 15.6307 15.6307 15.6307 15.6307 15.6307 38.2323 38.2323 38.2323 38.2323 38.2323 32.8439 32.8439 32.8439 32.8439 32.8439 32.8439 32.8439 32.8439 32.8439 16.7753 16.7753 39.5057 39.5057 39.5057 39.5057 39.5057 ]
D = [ 870 1056 1143 1293 1480 1455 1641 1829 1914 1963 2110 2274 2301 2496 2560 2735 2780 2971 3121 3214 3371 3358 3560 3646 3775 3624 3476 3388 3187 2923 2800 2722 2526 2373 2150 2355 2566 2743 2841 3020 3304 2973 2737 2472 2041 1751 1544 1216 969 1162 1268 1407 1432 1608 1703 1799 1832 2007 2064 2278 2386 2475 2550 2660 2850 2930 3151 3117 3246 3488 3485 3609 3752 3605 3521 3319 3104 2951 2729 2707 2454 2398 2221 2401 2575 2724 2884 3151 3358 3024 2777 2540 2355 2066 1823 1534 ]
K = 6
nk = [ 1 1 2 2 2 2 2 2 2 3 3 3 3 3 4 4 4 4 4 4 4 4 4 5 5 6 6 6 6 6 ]
First = [ 1 0 1 0 0 0 0 0 0 1 0 0 0 0 1 0 0 0 0 0 0 0 0 1 0 1 0 0 0 0 ]
Last = [ 0 1 0 0 0 0 0 0 1 0 0 0 0 1 0 0 0 0 0 0 0 0 1 0 1 0 0 0 0 1 ]
nS = 1
S = [ 0 1 2 3 4 5 6 7 8 9 10 11 12 13 14 15 16 17 18 19 20 21 22 23 24 25 26 27 28 29 ]
