n = 30 ; 
T = 96 ; 
Init = [ 1 1 1 1 1 1 1 1 0 0 0 0 0 0 0 0 0 0 0 0 0 0 1 1 1 1 1 1 1 1 ]
L = [ 19 19 19 19 19 19 19 19 8 8 8 8 8 6 6 6 6 6 6 6 6 6 15 15 15 15 15 15 15 15 ]
l = [ 19 19 19 19 19 19 19 19 8 8 8 8 8 6 6 6 6 6 6 6 6 6 15 15 15 15 15 15 15 15 ]
Pmin = [ 100 100 100 100 100 100 100 100 41 41 41 41 41 28 28 28 28 28 28 28 28 28 85 85 85 85 85 85 85 85 ]
Pmax = [ 411 411 411 411 411 411 411 411 133 133 133 133 133 96 96 96 96 96 96 96 96 96 330 330 330 330 330 330 330 330 ]
cf = [ 38.2323 38.2323 38.2323 38.2323 38.2323 38.2323 38.2323 38.2323 47.9662 47.9662 47.9662 47.9662 47.9662 40.2007 40.2007 40.2007 40.2007 40.2007 40.2007 40.2007 40.2007 40.2007 65.7294 65.7294 65.7294 65.7294 65.7294 65.7294 65.7294 65.7294 ]
c0 = [ 250 250 250 250 250 250 250 250 119 119 119 119 119 88 88 88 88 88 88 88 88 88 233 233 233 233 233 233 233 233 ]
cp = [ 11.2323 11.2323 11.2323 11.2323 11.2323 11.2323 11.2323 11.2323 29.3049 29.3049 29.3049 29.3049 29.3049 33.3171 33.3171 33.3171 33.3171 33.3171 33.3171 33.3171 33.3171 33.3171 15.8717 15.8717 15.8717 15.8717 15.8717 15.8717 15.8717 15.8717 ]
D = [ 1741 1863 2154 2278 2579 2714 2957 3162 3195 3619 3609 3882 4256 4328 4503 4605 5033 5109 5466 5580 5643 5934 6033 6312 6639 6357 6054 5785 5340 5186 4911 4754 4520 4035 3800 4248 4579 4970 5122 5581 5895 5304 4705 4361 3639 3311 2568 2070 1806 1991 2020 2314 2464 2789 2904 3166 3185 3411 3705 3805 4063 4188 4301 4631 4889 4844 5169 5347 5512 5707 5971 6022 6282 6133 5813 5568 5343 5238 5004 4599 4488 4091 4087 4143 4386 4814 4940 5310 5474 4987 4549 4361 3808 3291 2943 2456 ]
K = 4
nk = [ 1 1 1 1 1 1 1 1 2 2 2 2 2 3 3 3 3 3 3 3 3 3 4 4 4 4 4 4 4 4 ]
First = [ 1 0 0 0 0 0 0 0 1 0 0 0 0 1 0 0 0 0 0 0 0 0 1 0 0 0 0 0 0 0 ]
Last = [ 0 0 0 0 0 0 0 1 0 0 0 0 1 0 0 0 0 0 0 0 0 1 0 0 0 0 0 0 0 1 ]
nS = 1
S = [ 0 1 2 3 4 5 6 7 8 9 10 11 12 13 14 15 16 17 18 19 20 21 22 23 24 25 26 27 28 29 ]
