n = 30 ; 
T = 96 ; 
Init = [ 0 0 0 0 0 0 0 0 0 0 0 0 0 0 0 0 0 0 1 1 1 1 1 1 1 1 1 1 1 1 ]
L = [ 7 7 7 7 7 7 7 7 7 7 7 10 10 10 10 10 10 10 16 16 16 16 16 16 16 16 16 16 16 16 ]
l = [ 7 7 7 7 7 7 7 7 7 7 7 10 10 10 10 10 10 10 16 16 16 16 16 16 16 16 16 16 16 16 ]
Pmin = [ 29 29 29 29 29 29 29 29 29 29 29 51 51 51 51 51 51 51 89 89 89 89 89 89 89 89 89 89 89 89 ]
Pmax = [ 107 107 107 107 107 107 107 107 107 107 107 172 172 172 172 172 172 172 348 348 348 348 348 348 348 348 348 348 348 348 ]
cf = [ 27.5411 27.5411 27.5411 27.5411 27.5411 27.5411 27.5411 27.5411 27.5411 27.5411 27.5411 17.3955 17.3955 17.3955 17.3955 17.3955 17.3955 17.3955 31.4892 31.4892 31.4892 31.4892 31.4892 31.4892 31.4892 31.4892 31.4892 31.4892 31.4892 31.4892 ]
c0 = [ 88 88 88 88 88 88 88 88 88 88 88 139 139 139 139 139 139 139 245 245 245 245 245 245 245 245 245 245 245 245 ]
cp = [ 34.0049 34.0049 34.0049 34.0049 34.0049 34.0049 34.0049 34.0049 34.0049 34.0049 34.0049 28.4693 28.4693 28.4693 28.4693 28.4693 28.4693 28.4693 17.1824 17.1824 17.1824 17.1824 17.1824 17.1824 17.1824 17.1824 17.1824 17.1824 17.1824 17.1824 ]
D = [ 1320 1623 1607 1889 1948 2214 2454 2580 2768 2857 3139 3423 3594 3615 3757 4108 4073 4414 4520 4688 4961 5063 5267 5483 5664 5394 5236 4894 4767 4429 4202 3909 3700 3544 3359 3569 4040 4193 4618 4840 5169 4656 4205 3748 3344 2860 2317 1965 1543 1478 1699 1961 1962 2327 2424 2573 2673 2963 3127 3294 3361 3686 3751 3921 4097 4335 4523 4658 4654 4857 5058 5304 5435 5130 4905 4794 4602 4368 4306 3995 3793 3525 3311 3647 4020 4178 4498 4543 4825 4479 4123 3643 3194 2737 2262 1824 ]
K = 3
nk = [ 1 1 1 1 1 1 1 1 1 1 1 2 2 2 2 2 2 2 3 3 3 3 3 3 3 3 3 3 3 3 ]
First = [ 1 0 0 0 0 0 0 0 0 0 0 1 0 0 0 0 0 0 1 0 0 0 0 0 0 0 0 0 0 0 ]
Last = [ 0 0 0 0 0 0 0 0 0 0 1 0 0 0 0 0 0 1 0 0 0 0 0 0 0 0 0 0 0 1 ]
nS = 1
S = [ 0 1 2 3 4 5 6 7 8 9 10 11 12 13 14 15 16 17 18 19 20 21 22 23 24 25 26 27 28 29 ]
