n = 30 ; 
T = 96 ; 
Init = [ 1 1 1 1 1 1 1 1 1 1 1 1 1 1 1 1 1 1 1 1 1 0 0 0 0 0 0 0 0 0 ]
L = [ 17 17 17 6 6 6 6 6 6 6 6 10 10 10 10 10 10 10 10 10 10 16 16 16 16 16 16 16 16 16 ]
l = [ 17 17 17 6 6 6 6 6 6 6 6 10 10 10 10 10 10 10 10 10 10 16 16 16 16 16 16 16 16 16 ]
Pmin = [ 95 95 95 24 24 24 24 24 24 24 24 51 51 51 51 51 51 51 51 51 51 83 83 83 83 83 83 83 83 83 ]
Pmax = [ 385 385 385 69 69 69 69 69 69 69 69 166 166 166 166 166 166 166 166 166 166 324 324 324 324 324 324 324 324 324 ]
cf = [ 40.9749 40.9749 40.9749 21.7803 21.7803 21.7803 21.7803 21.7803 21.7803 21.7803 21.7803 39.1869 39.1869 39.1869 39.1869 39.1869 39.1869 39.1869 39.1869 39.1869 39.1869 63.3762 63.3762 63.3762 63.3762 63.3762 63.3762 63.3762 63.3762 63.3762 ]
c0 = [ 250 250 250 88 88 88 88 88 88 88 88 140 140 140 140 140 140 140 140 140 140 227 227 227 227 227 227 227 227 227 ]
cp = [ 18.2478 18.2478 18.2478 37.9385 37.9385 37.9385 37.9385 37.9385 37.9385 37.9385 37.9385 29.0116 29.0116 29.0116 29.0116 29.0116 29.0116 29.0116 29.0116 29.0116 29.0116 16.0098 16.0098 16.0098 16.0098 16.0098 16.0098 16.0098 16.0098 16.0098 ]
D = [ 1546 1808 1947 2058 2213 2374 2566 2677 2794 3164 3112 3353 3443 3626 3835 4092 4136 4314 4669 4732 5053 5110 5221 5531 5718 5418 5094 5005 4619 4384 4266 4076 3681 3531 3282 3622 3963 3984 4264 4552 5023 4402 4080 3790 3182 2899 2444 1962 1723 1806 2012 2118 2359 2456 2658 2644 2854 3098 3170 3463 3436 3832 3945 3923 4079 4463 4643 4589 4812 5113 5114 5213 5470 5249 5079 4824 4424 4288 4060 3674 3460 3277 3086 3504 3809 3960 4203 4557 5042 4473 3985 3812 3227 2942 2585 1995 ]
K = 4
nk = [ 1 1 1 2 2 2 2 2 2 2 2 3 3 3 3 3 3 3 3 3 3 4 4 4 4 4 4 4 4 4 ]
First = [ 1 0 0 1 0 0 0 0 0 0 0 1 0 0 0 0 0 0 0 0 0 1 0 0 0 0 0 0 0 0 ]
Last = [ 0 0 1 0 0 0 0 0 0 0 1 0 0 0 0 0 0 0 0 0 1 0 0 0 0 0 0 0 0 1 ]
nS = 1
S = [ 0 1 2 3 4 5 6 7 8 9 10 11 12 13 14 15 16 17 18 19 20 21 22 23 24 25 26 27 28 29 ]
