n = 30 ; 
T = 96 ; 
Init = [ 1 1 1 1 1 1 1 1 1 1 1 0 0 0 0 0 0 0 0 1 1 1 1 1 1 1 1 1 1 1 ]
L = [ 16 20 12 12 12 12 12 12 12 12 12 6 6 6 6 6 6 6 6 15 15 15 6 6 6 6 6 6 6 6 ]
l = [ 16 20 12 12 12 12 12 12 12 12 12 6 6 6 6 6 6 6 6 15 15 15 6 6 6 6 6 6 6 6 ]
Pmin = [ 88 100 61 61 61 61 61 61 61 61 61 29 29 29 29 29 29 29 29 83 83 83 30 30 30 30 30 30 30 30 ]
Pmax = [ 336 420 245 245 245 245 245 245 245 245 245 85 85 85 85 85 85 85 85 319 319 319 77 77 77 77 77 77 77 77 ]
cf = [ 22.6723 33.1311 65.3996 65.3996 65.3996 65.3996 65.3996 65.3996 65.3996 65.3996 65.3996 14.4773 14.4773 14.4773 14.4773 14.4773 14.4773 14.4773 14.4773 19.9846 19.9846 19.9846 54.6816 54.6816 54.6816 54.6816 54.6816 54.6816 54.6816 54.6816 ]
c0 = [ 237 250 176 176 176 176 176 176 176 176 176 98 98 98 98 98 98 98 98 228 228 228 95 95 95 95 95 95 95 95 ]
cp = [ 12.4082 8.17548 33.3543 33.3543 33.3543 33.3543 33.3543 33.3543 33.3543 33.3543 33.3543 29.2607 29.2607 29.2607 29.2607 29.2607 29.2607 29.2607 29.2607 13.2865 13.2865 13.2865 38.9922 38.9922 38.9922 38.9922 38.9922 38.9922 38.9922 38.9922 ]
D = [ 1124 1240 1415 1498 1766 1901 1883 2101 2249 2337 2509 2548 2853 2870 3064 3195 3191 3426 3437 3755 3834 3919 4079 4127 4344 4050 3980 3710 3715 3518 3309 3006 3004 2842 2494 2820 3060 3171 3586 3638 3917 3635 3275 2992 2806 2512 2022 1704 1527 1633 1702 1905 1905 2084 2256 2230 2372 2621 2765 2709 2989 3026 3194 3360 3377 3581 3592 3841 3781 4023 4183 4135 4401 4245 4011 3881 3692 3318 3259 3068 2890 2782 2467 2812 2990 3161 3571 3773 4074 3747 3428 3129 2719 2450 2198 1896 ]
K = 6
nk = [ 1 2 3 3 3 3 3 3 3 3 3 4 4 4 4 4 4 4 4 5 5 5 6 6 6 6 6 6 6 6 ]
First = [ 1 1 1 0 0 0 0 0 0 0 0 1 0 0 0 0 0 0 0 1 0 0 1 0 0 0 0 0 0 0 ]
Last = [ 1 1 0 0 0 0 0 0 0 0 1 0 0 0 0 0 0 0 1 0 0 1 0 0 0 0 0 0 0 1 ]
nS = 1
S = [ 0 1 2 3 4 5 6 7 8 9 10 11 12 13 14 15 16 17 18 19 20 21 22 23 24 25 26 27 28 29 ]
