n = 30 ; 
T = 96 ; 
Init = [ 0 0 0 0 1 1 1 1 1 1 1 1 1 1 1 1 1 0 0 0 0 1 0 0 0 0 1 1 1 1 ]
L = [ 10 10 10 10 13 13 13 18 18 8 8 8 8 8 12 12 12 6 6 6 6 11 7 17 17 17 11 11 11 11 ]
l = [ 10 10 10 10 13 13 13 18 18 8 8 8 8 8 12 12 12 6 6 6 6 11 7 17 17 17 11 11 11 11 ]
Pmin = [ 56 56 56 56 70 70 70 100 100 41 41 41 41 41 61 61 61 26 26 26 26 60 37 91 91 91 66 66 66 66 ]
Pmax = [ 206 206 206 206 277 277 277 393 393 152 152 152 152 152 244 244 244 82 82 82 82 225 106 358 358 358 235 235 235 235 ]
cf = [ 36.9246 36.9246 36.9246 36.9246 56.097 56.097 56.097 37.2489 37.2489 37.5941 37.5941 37.5941 37.5941 37.5941 40.6376 40.6376 40.6376 66.9509 66.9509 66.9509 66.9509 48.6312 52.4728 67.8629 67.8629 67.8629 59.0241 59.0241 59.0241 59.0241 ]
c0 = [ 166 166 166 166 181 181 181 250 250 127 127 127 127 127 167 167 167 78 78 78 78 159 100 233 233 233 185 185 185 185 ]
cp = [ 30.2614 30.2614 30.2614 30.2614 13.4603 13.4603 13.4603 10.5393 10.5393 36.4393 36.4393 36.4393 36.4393 36.4393 29.8127 29.8127 29.8127 36.6998 36.6998 36.6998 36.6998 30.4108 34.9142 24.1013 24.1013 24.1013 27.6383 27.6383 27.6383 27.6383 ]
D = [ 1692 1941 2067 2071 2385 2473 2664 2804 2869 3119 3076 3378 3527 3614 3796 3989 4089 4159 4469 4466 4731 4784 5045 5233 5301 5229 4879 4656 4409 4311 4140 3994 3730 3534 3506 3558 3718 4147 4190 4528 4792 4252 3824 3432 3092 2695 2082 1691 1254 1533 1769 1794 2178 2380 2349 2560 2782 3058 3195 3411 3585 3811 3959 4069 4373 4368 4513 4702 4958 5138 5412 5432 5688 5589 5150 4970 4752 4638 4331 4105 3824 3572 3455 3552 3762 4135 4262 4513 4718 4459 3875 3466 3253 2636 2421 2066 ]
K = 10
nk = [ 1 1 1 1 2 2 2 3 3 4 4 4 4 4 5 5 5 6 6 6 6 7 8 9 9 9 10 10 10 10 ]
First = [ 1 0 0 0 1 0 0 1 0 1 0 0 0 0 1 0 0 1 0 0 0 1 1 1 0 0 1 0 0 0 ]
Last = [ 0 0 0 1 0 0 1 0 1 0 0 0 0 1 0 0 1 0 0 0 1 1 1 0 0 1 0 0 0 1 ]
nS = 1
S = [ 0 1 2 3 4 5 6 7 8 9 10 11 12 13 14 15 16 17 18 19 20 21 22 23 24 25 26 27 28 29 ]
