n = 30 ; 
T = 96 ; 
Init = [ 1 1 1 1 1 1 0 0 0 0 1 0 1 1 1 1 1 1 1 1 0 0 0 0 0 0 1 1 0 0 ]
L = [ 17 17 17 17 17 17 5 5 5 5 8 8 5 14 14 14 14 19 19 19 8 8 8 6 13 13 14 14 6 6 ]
l = [ 17 17 17 17 17 17 5 5 5 5 8 8 5 14 14 14 14 19 19 19 8 8 8 6 13 13 14 14 6 6 ]
Pmin = [ 92 92 92 92 92 92 22 22 22 22 34 47 26 83 83 83 83 100 100 100 39 39 39 27 69 69 75 75 32 32 ]
Pmax = [ 347 347 347 347 347 347 73 73 73 73 122 149 71 309 309 309 309 416 416 416 147 147 147 80 259 259 301 301 115 115 ]
cf = [ 48.0617 48.0617 48.0617 48.0617 48.0617 48.0617 60.834 60.834 60.834 60.834 48.8096 57.7168 16.1316 23.5613 23.5613 23.5613 23.5613 46.793 46.793 46.793 27.5348 27.5348 27.5348 42.4457 46.7307 46.7307 12.7367 12.7367 42.6903 42.6903 ]
c0 = [ 231 231 231 231 231 231 77 77 77 77 94 128 86 227 227 227 227 250 250 250 110 110 110 98 194 194 191 191 94 94 ]
cp = [ 11.2765 11.2765 11.2765 11.2765 11.2765 11.2765 40.6592 40.6592 40.6592 40.6592 35.8681 28.3956 38.9432 19.5217 19.5217 19.5217 19.5217 11.1147 11.1147 11.1147 31.3214 31.3214 31.3214 40.2607 19.0283 19.0283 24.1043 24.1043 37.881 37.881 ]
D = [ 1929 2016 2095 2239 2393 2774 2765 3054 3253 3295 3615 3785 3877 4122 4144 4315 4533 4732 4780 4973 5314 5414 5480 5697 5952 5542 5313 5234 5074 4732 4461 4364 4225 3866 3747 3815 4175 4384 4856 4966 5333 4955 4632 3920 3622 3152 2729 2198 1976 2074 2146 2225 2596 2807 2946 2910 3069 3331 3375 3677 3755 3865 4242 4244 4542 4461 4827 4900 4929 5303 5228 5507 5608 5356 5266 5176 4855 4655 4390 4181 3920 3851 3564 3996 4177 4351 4589 5054 5331 4741 4353 3836 3480 3029 2638 2139 ]
K = 12
nk = [ 1 1 1 1 1 1 2 2 2 2 3 4 5 6 6 6 6 7 7 7 8 8 8 9 10 10 11 11 12 12 ]
First = [ 1 0 0 0 0 0 1 0 0 0 1 1 1 1 0 0 0 1 0 0 1 0 0 1 1 0 1 0 1 0 ]
Last = [ 0 0 0 0 0 1 0 0 0 1 1 1 1 0 0 0 1 0 0 1 0 0 1 1 0 1 0 1 0 1 ]
nS = 1
S = [ 0 1 2 3 4 5 6 7 8 9 10 11 12 13 14 15 16 17 18 19 20 21 22 23 24 25 26 27 28 29 ]
