n = 30 ; 
T = 96 ; 
Init = [ 1 1 0 1 1 1 1 0 0 0 1 1 0 0 0 0 0 0 0 0 0 0 1 1 1 1 1 1 1 1 ]
L = [ 7 7 9 15 15 15 15 18 18 18 20 20 10 10 10 10 10 5 5 5 5 5 9 15 15 15 17 17 13 13 ]
l = [ 7 7 9 15 15 15 15 18 18 18 20 20 10 10 10 10 10 5 5 5 5 5 9 15 15 15 17 17 13 13 ]
Pmin = [ 34 34 49 86 86 86 86 93 93 93 100 100 47 47 47 47 47 24 24 24 24 24 44 78 78 78 91 91 72 72 ]
Pmax = [ 115 115 169 340 340 340 340 374 374 374 420 420 185 185 185 185 185 68 68 68 68 68 159 316 316 316 351 351 276 276 ]
cf = [ 42.0856 42.0856 49.7062 11.845 11.845 11.845 11.845 14.8594 14.8594 14.8594 29.6345 29.6345 18.2837 18.2837 18.2837 18.2837 18.2837 55.9438 55.9438 55.9438 55.9438 55.9438 15.8073 56.2632 56.2632 56.2632 60.5783 60.5783 12.2438 12.2438 ]
c0 = [ 98 98 144 228 228 228 228 248 248 248 250 250 137 137 137 137 137 85 85 85 85 85 129 198 198 198 249 249 192 192 ]
cp = [ 33.8292 33.8292 32.5445 18.8958 18.8958 18.8958 18.8958 15.5225 15.5225 15.5225 8.2959 8.2959 24.5001 24.5001 24.5001 24.5001 24.5001 38.7799 38.7799 38.7799 38.7799 38.7799 33.9795 15.3066 15.3066 15.3066 12.2622 12.2622 19.3375 19.3375 ]
D = [ 1931 2201 2261 2530 2695 2775 3112 3290 3491 3657 3860 4052 4076 4400 4442 4713 4902 5219 5250 5420 5536 5886 6001 6170 6435 5967 5701 5488 5221 5092 4872 4580 4243 3896 3687 3921 4353 4594 5113 5267 5487 5201 4539 4068 3626 3114 2728 1995 1761 1697 2096 2360 2299 2754 2726 3099 3309 3259 3564 3696 4000 4217 4458 4679 4799 4871 5284 5324 5527 5675 6066 6257 6225 6204 5747 5496 5225 5111 4689 4390 4015 3794 3563 3764 4049 4427 4804 4808 5232 4738 4283 3834 3359 2948 2524 2265 ]
K = 11
nk = [ 1 1 2 3 3 3 3 4 4 4 5 5 6 6 6 6 6 7 7 7 7 7 8 9 9 9 10 10 11 11 ]
First = [ 1 0 1 1 0 0 0 1 0 0 1 0 1 0 0 0 0 1 0 0 0 0 1 1 0 0 1 0 1 0 ]
Last = [ 0 1 1 0 0 0 1 0 0 1 0 1 0 0 0 0 1 0 0 0 0 1 1 0 0 1 0 1 0 1 ]
nS = 1
S = [ 0 1 2 3 4 5 6 7 8 9 10 11 12 13 14 15 16 17 18 19 20 21 22 23 24 25 26 27 28 29 ]
