n = 30 ; 
T = 96 ; 
Init = [ 0 0 0 0 0 0 0 0 0 0 0 0 0 0 0 0 0 0 0 0 0 0 0 0 0 0 0 0 0 0 ]
L = [ 15 6 6 6 6 6 6 6 6 6 6 6 6 17 17 17 17 17 17 17 17 17 17 17 10 16 16 16 16 16 ]
l = [ 15 6 6 6 6 6 6 6 6 6 6 6 6 17 17 17 17 17 17 17 17 17 17 17 10 16 16 16 16 16 ]
Pmin = [ 80 32 32 32 32 32 32 32 32 32 32 32 32 98 98 98 98 98 98 98 98 98 98 98 51 85 85 85 85 85 ]
Pmax = [ 306 112 112 112 112 112 112 112 112 112 112 112 112 380 380 380 380 380 380 380 380 380 380 380 180 334 334 334 334 334 ]
cf = [ 32.0823 33.8312 33.8312 33.8312 33.8312 33.8312 33.8312 33.8312 33.8312 33.8312 33.8312 33.8312 33.8312 38.6659 38.6659 38.6659 38.6659 38.6659 38.6659 38.6659 38.6659 38.6659 38.6659 38.6659 40.5161 66.2456 66.2456 66.2456 66.2456 66.2456 ]
c0 = [ 218 102 102 102 102 102 102 102 102 102 102 102 102 248 248 248 248 248 248 248 248 248 248 248 143 220 220 220 220 220 ]
cp = [ 23.7093 38.1628 38.1628 38.1628 38.1628 38.1628 38.1628 38.1628 38.1628 38.1628 38.1628 38.1628 38.1628 12.2434 12.2434 12.2434 12.2434 12.2434 12.2434 12.2434 12.2434 12.2434 12.2434 12.2434 25.5881 23.8773 23.8773 23.8773 23.8773 23.8773 ]
D = [ 2040 2256 2408 2739 2953 3072 3120 3534 3688 3708 3972 4156 4302 4566 4753 4790 4985 5156 5222 5534 5730 5867 6054 6258 6390 6034 5863 5718 5267 5182 4902 4482 4437 4133 3868 4199 4482 5042 5304 5565 5968 5376 5009 4439 3935 3272 2562 2078 1507 1652 2127 2156 2393 2679 2828 2935 3205 3503 3521 3750 4047 4321 4451 4618 4772 5088 5276 5399 5601 5780 5959 6367 6397 6161 5970 5556 5226 4947 4849 4435 4096 3962 3679 4012 4292 4593 5136 5481 5875 5424 4984 4355 3973 3459 3100 2667 ]
K = 5
nk = [ 1 2 2 2 2 2 2 2 2 2 2 2 2 3 3 3 3 3 3 3 3 3 3 3 4 5 5 5 5 5 ]
First = [ 1 1 0 0 0 0 0 0 0 0 0 0 0 1 0 0 0 0 0 0 0 0 0 0 1 1 0 0 0 0 ]
Last = [ 1 0 0 0 0 0 0 0 0 0 0 0 1 0 0 0 0 0 0 0 0 0 0 1 1 0 0 0 0 1 ]
nS = 1
S = [ 0 1 2 3 4 5 6 7 8 9 10 11 12 13 14 15 16 17 18 19 20 21 22 23 24 25 26 27 28 29 ]
