n = 30 ; 
T = 96 ; 
Init = [ 0 0 0 0 0 0 1 1 1 1 1 1 1 1 1 1 1 0 0 0 0 0 0 0 0 0 0 0 0 0 ]
L = [ 5 5 5 18 18 18 16 5 5 5 5 5 9 9 9 9 9 10 10 10 10 15 15 15 14 14 14 14 14 14 ]
l = [ 5 5 5 18 18 18 16 5 5 5 5 5 9 9 9 9 9 10 10 10 10 15 15 15 14 14 14 14 14 14 ]
Pmin = [ 18 18 18 100 100 100 87 23 23 23 23 23 51 51 51 51 51 51 51 51 51 80 80 80 66 66 66 66 66 66 ]
Pmax = [ 52 52 52 381 381 381 325 55 55 55 55 55 169 169 169 169 169 172 172 172 172 299 299 299 261 261 261 261 261 261 ]
cf = [ 66.1525 66.1525 66.1525 44.5816 44.5816 44.5816 12.7529 18.3336 18.3336 18.3336 18.3336 18.3336 64.8852 64.8852 64.8852 64.8852 64.8852 34.2006 34.2006 34.2006 34.2006 32.4072 32.4072 32.4072 12.637 12.637 12.637 12.637 12.637 12.637 ]
c0 = [ 62 62 62 250 250 250 225 73 73 73 73 73 141 141 141 141 141 137 137 137 137 206 206 206 173 173 173 173 173 173 ]
cp = [ 38.034 38.034 38.034 12.8763 12.8763 12.8763 17.7702 39.2667 39.2667 39.2667 39.2667 39.2667 32.6022 32.6022 32.6022 32.6022 32.6022 24.8812 24.8812 24.8812 24.8812 20.6574 20.6574 20.6574 24.1896 24.1896 24.1896 24.1896 24.1896 24.1896 ]
D = [ 1649 1888 2096 2045 2171 2456 2458 2603 2663 2922 3080 3238 3229 3394 3619 3707 3775 3779 4030 4075 4217 4331 4507 4708 4786 4688 4451 4285 3909 3902 3589 3348 3218 2989 2807 3123 3262 3636 3972 4046 4318 4037 3496 3220 2744 2537 1990 1692 1231 1308 1612 1687 1952 2043 2168 2379 2583 2655 2690 2854 3169 3266 3314 3513 3690 3794 4011 4065 4257 4358 4565 4710 4894 4627 4504 4326 4074 4036 3819 3635 3521 3219 3193 3327 3570 3651 3844 4137 4137 3950 3521 3184 2941 2642 2353 2132 ]
K = 8
nk = [ 1 1 1 2 2 2 3 4 4 4 4 4 5 5 5 5 5 6 6 6 6 7 7 7 8 8 8 8 8 8 ]
First = [ 1 0 0 1 0 0 1 1 0 0 0 0 1 0 0 0 0 1 0 0 0 1 0 0 1 0 0 0 0 0 ]
Last = [ 0 0 1 0 0 1 1 0 0 0 0 1 0 0 0 0 1 0 0 0 1 0 0 1 0 0 0 0 0 1 ]
nS = 1
S = [ 0 1 2 3 4 5 6 7 8 9 10 11 12 13 14 15 16 17 18 19 20 21 22 23 24 25 26 27 28 29 ]
