n = 30 ; 
T = 96 ; 
Init = [ 0 0 1 1 1 1 1 1 1 1 0 1 1 1 1 1 1 0 0 0 0 0 0 0 0 0 0 0 0 0 ]
L = [ 4 4 8 8 8 8 8 8 7 7 12 9 9 9 9 9 9 11 11 11 11 6 6 6 6 6 11 11 11 11 ]
l = [ 4 4 8 8 8 8 8 8 7 7 12 9 9 9 9 9 9 11 11 11 11 6 6 6 6 6 11 11 11 11 ]
Pmin = [ 22 22 40 40 40 40 40 40 42 42 62 53 53 53 53 53 53 59 59 59 59 30 30 30 30 30 58 58 58 58 ]
Pmax = [ 66 66 145 145 145 145 145 145 139 139 249 178 178 178 178 178 178 219 219 219 219 81 81 81 81 81 198 198 198 198 ]
cf = [ 60.7991 60.7991 54.4876 54.4876 54.4876 54.4876 54.4876 54.4876 11.7093 11.7093 33.8546 43.078 43.078 43.078 43.078 43.078 43.078 16.8523 16.8523 16.8523 16.8523 68.3523 68.3523 68.3523 68.3523 68.3523 68.6925 68.6925 68.6925 68.6925 ]
c0 = [ 67 67 127 127 127 127 127 127 124 124 178 140 140 140 140 140 140 164 164 164 164 91 91 91 91 91 170 170 170 170 ]
cp = [ 38.2489 38.2489 32.4282 32.4282 32.4282 32.4282 32.4282 32.4282 36.4514 36.4514 21.4893 33.6507 33.6507 33.6507 33.6507 33.6507 33.6507 31.646 31.646 31.646 31.646 39.4569 39.4569 39.4569 39.4569 39.4569 24.1314 24.1314 24.1314 24.1314 ]
D = [ 1381 1349 1548 1731 1721 1996 2111 2220 2301 2399 2479 2607 2654 2849 2968 3140 3267 3335 3421 3505 3684 3880 3839 3970 4089 3980 3854 3524 3452 3253 3037 2843 2682 2359 2231 2349 2591 2868 3164 3369 3439 3177 2871 2537 2352 2047 1767 1403 1153 1119 1320 1470 1504 1754 1839 2055 2096 2180 2428 2527 2676 2827 2955 2979 3211 3329 3395 3484 3601 3825 3847 3965 4213 4047 3798 3535 3463 3225 3033 2896 2681 2561 2257 2507 2694 2906 3055 3155 3507 3142 2954 2693 2351 2160 1794 1554 ]
K = 8
nk = [ 1 1 2 2 2 2 2 2 3 3 4 5 5 5 5 5 5 6 6 6 6 7 7 7 7 7 8 8 8 8 ]
First = [ 1 0 1 0 0 0 0 0 1 0 1 1 0 0 0 0 0 1 0 0 0 1 0 0 0 0 1 0 0 0 ]
Last = [ 0 1 0 0 0 0 0 1 0 1 1 0 0 0 0 0 1 0 0 0 1 0 0 0 0 1 0 0 0 1 ]
nS = 1
S = [ 0 1 2 3 4 5 6 7 8 9 10 11 12 13 14 15 16 17 18 19 20 21 22 23 24 25 26 27 28 29 ]
