n = 30 ; 
T = 96 ; 
Init = [ 0 1 1 1 1 1 1 1 1 1 1 1 1 1 1 1 1 1 1 1 1 1 1 1 1 0 0 0 0 0 ]
L = [ 17 19 19 19 19 19 17 17 17 17 17 5 5 5 5 5 6 6 6 6 6 6 6 6 6 6 6 6 6 6 ]
l = [ 17 19 19 19 19 19 17 17 17 17 17 5 5 5 5 5 6 6 6 6 6 6 6 6 6 6 6 6 6 6 ]
Pmin = [ 86 100 100 100 100 100 92 92 92 92 92 20 20 20 20 20 33 33 33 33 33 33 33 33 33 29 29 29 29 29 ]
Pmax = [ 359 420 420 420 420 420 376 376 376 376 376 50 50 50 50 50 93 93 93 93 93 93 93 93 93 89 89 89 89 89 ]
cf = [ 23.3418 56.6926 56.6926 56.6926 56.6926 56.6926 38.4441 38.4441 38.4441 38.4441 38.4441 63.2869 63.2869 63.2869 63.2869 63.2869 39.7107 39.7107 39.7107 39.7107 39.7107 39.7107 39.7107 39.7107 39.7107 61.846 61.846 61.846 61.846 61.846 ]
c0 = [ 228 250 250 250 250 250 245 245 245 245 245 75 75 75 75 75 98 98 98 98 98 98 98 98 98 92 92 92 92 92 ]
cp = [ 16.9765 10.3672 10.3672 10.3672 10.3672 10.3672 15.1442 15.1442 15.1442 15.1442 15.1442 41.7718 41.7718 41.7718 41.7718 41.7718 38.3877 38.3877 38.3877 38.3877 38.3877 38.3877 38.3877 38.3877 38.3877 38.7627 38.7627 38.7627 38.7627 38.7627 ]
D = [ 1340 1649 1751 2009 2025 2179 2440 2425 2748 2936 3008 3216 3310 3401 3550 3762 4059 4179 4290 4374 4611 4691 4981 5024 5156 5022 4801 4484 4214 4061 3787 3529 3291 2960 2801 3118 3245 3416 3795 3850 4285 3791 3580 3164 2837 2615 2253 1828 1494 1657 1840 2040 1988 2330 2265 2536 2609 2761 2799 3016 3250 3383 3503 3451 3740 3927 3852 4210 4279 4352 4476 4651 4690 4624 4304 4169 3932 3757 3698 3419 3273 3028 2814 3165 3339 3609 3860 4207 4260 4033 3610 3379 2916 2478 2296 1752 ]
K = 6
nk = [ 1 2 2 2 2 2 3 3 3 3 3 4 4 4 4 4 5 5 5 5 5 5 5 5 5 6 6 6 6 6 ]
First = [ 1 1 0 0 0 0 1 0 0 0 0 1 0 0 0 0 1 0 0 0 0 0 0 0 0 1 0 0 0 0 ]
Last = [ 1 0 0 0 0 1 0 0 0 0 1 0 0 0 0 1 0 0 0 0 0 0 0 0 1 0 0 0 0 1 ]
nS = 1
S = [ 0 1 2 3 4 5 6 7 8 9 10 11 12 13 14 15 16 17 18 19 20 21 22 23 24 25 26 27 28 29 ]
