n = 30 ; 
T = 96 ; 
Init = [ 1 1 1 1 1 1 1 0 0 0 0 0 0 1 1 1 1 1 1 1 1 1 1 1 0 0 0 0 0 0 ]
L = [ 11 11 11 11 11 11 11 14 14 14 14 14 14 16 16 16 16 9 9 9 9 9 9 9 18 18 18 18 18 5 ]
l = [ 11 11 11 11 11 11 11 14 14 14 14 14 14 16 16 16 16 9 9 9 9 9 9 9 18 18 18 18 18 5 ]
Pmin = [ 61 61 61 61 61 61 61 76 76 76 76 76 76 88 88 88 88 46 46 46 46 46 46 46 94 94 94 94 94 22 ]
Pmax = [ 214 214 214 214 214 214 214 286 286 286 286 286 286 332 332 332 332 171 171 171 171 171 171 171 382 382 382 382 382 78 ]
cf = [ 54.279 54.279 54.279 54.279 54.279 54.279 54.279 48.1265 48.1265 48.1265 48.1265 48.1265 48.1265 68.2195 68.2195 68.2195 68.2195 35.2613 35.2613 35.2613 35.2613 35.2613 35.2613 35.2613 25.6043 25.6043 25.6043 25.6043 25.6043 27.9231 ]
c0 = [ 174 174 174 174 174 174 174 215 215 215 215 215 215 236 236 236 236 136 136 136 136 136 136 136 243 243 243 243 243 85 ]
cp = [ 23.7644 23.7644 23.7644 23.7644 23.7644 23.7644 23.7644 14.6209 14.6209 14.6209 14.6209 14.6209 14.6209 25.0873 25.0873 25.0873 25.0873 32.2079 32.2079 32.2079 32.2079 32.2079 32.2079 32.2079 13.1099 13.1099 13.1099 13.1099 13.1099 38.0295 ]
D = [ 1965 2381 2352 2552 2891 3117 3114 3533 3583 3886 3937 4119 4272 4573 4831 4992 5160 5307 5633 5650 5789 6144 6353 6567 6609 6230 6082 5874 5664 5110 4968 4571 4240 4186 3797 4273 4601 4986 5379 5565 6060 5464 5102 4711 4224 3618 3196 2684 2233 2526 2607 2817 2936 3095 3380 3539 3842 4015 4128 4352 4421 4636 4815 5204 5438 5429 5629 6050 6153 6435 6533 6813 6838 6706 6307 6016 5670 5349 5099 4864 4334 3973 3755 4045 4232 4690 4947 5245 5374 4857 4489 4108 3614 3234 2739 2597 ]
K = 6
nk = [ 1 1 1 1 1 1 1 2 2 2 2 2 2 3 3 3 3 4 4 4 4 4 4 4 5 5 5 5 5 6 ]
First = [ 1 0 0 0 0 0 0 1 0 0 0 0 0 1 0 0 0 1 0 0 0 0 0 0 1 0 0 0 0 1 ]
Last = [ 0 0 0 0 0 0 1 0 0 0 0 0 1 0 0 0 1 0 0 0 0 0 0 1 0 0 0 0 1 1 ]
nS = 1
S = [ 0 1 2 3 4 5 6 7 8 9 10 11 12 13 14 15 16 17 18 19 20 21 22 23 24 25 26 27 28 29 ]
