n = 30 ; 
T = 96 ; 
Init = [ 0 0 0 0 0 0 1 1 1 1 0 0 0 0 0 0 0 1 1 1 1 1 1 1 1 1 1 0 0 0 ]
L = [ 7 7 7 7 7 7 14 14 14 14 15 5 5 5 5 5 5 12 12 12 12 12 12 12 8 8 5 8 8 8 ]
l = [ 7 7 7 7 7 7 14 14 14 14 15 5 5 5 5 5 5 12 12 12 12 12 12 12 8 8 5 8 8 8 ]
Pmin = [ 38 38 38 38 38 38 75 75 75 75 77 13 13 13 13 13 13 65 65 68 68 68 68 68 37 37 25 40 40 40 ]
Pmax = [ 124 124 124 124 124 124 299 299 299 299 304 40 40 40 40 40 40 252 252 243 243 243 243 243 135 135 65 147 147 147 ]
cf = [ 34.05 34.05 34.05 34.05 34.05 34.05 30.764 30.764 30.764 30.764 55.9537 53.5474 53.5474 53.5474 53.5474 53.5474 53.5474 12.5568 12.5568 26.6835 26.6835 26.6835 26.6835 26.6835 37.7195 37.7195 56.2841 15.4877 15.4877 15.4877 ]
c0 = [ 108 108 108 108 108 108 202 202 202 202 203 57 57 57 57 57 57 179 179 191 191 191 191 191 115 115 89 118 118 118 ]
cp = [ 36.8728 36.8728 36.8728 36.8728 36.8728 36.8728 30.4526 30.4526 30.4526 30.4526 21.0171 41.1209 41.1209 41.1209 41.1209 41.1209 41.1209 33.7014 33.7014 20.3995 20.3995 20.3995 20.3995 20.3995 22.5816 22.5816 40.6321 38.1308 38.1308 38.1308 ]
D = [ 1170 1300 1457 1486 1686 1808 1812 2078 2079 2289 2416 2564 2616 2694 2902 3035 3093 3236 3326 3522 3540 3797 3850 3924 4157 3922 3802 3567 3511 3356 3123 2918 2773 2578 2480 2559 2908 3038 3263 3294 3513 3261 3034 2701 2407 2069 1750 1393 1179 1342 1470 1474 1677 1728 1836 2042 2220 2281 2502 2445 2568 2883 2992 3061 3217 3373 3478 3484 3714 3787 4000 3994 4248 3923 3821 3744 3440 3422 3234 3085 2906 2720 2649 2722 3036 3322 3475 3643 3865 3594 3260 2959 2679 2329 2171 1723 ]
K = 9
nk = [ 1 1 1 1 1 1 2 2 2 2 3 4 4 4 4 4 4 5 5 6 6 6 6 6 7 7 8 9 9 9 ]
First = [ 1 0 0 0 0 0 1 0 0 0 1 1 0 0 0 0 0 1 0 1 0 0 0 0 1 0 1 1 0 0 ]
Last = [ 0 0 0 0 0 1 0 0 0 1 1 0 0 0 0 0 1 0 1 0 0 0 0 1 0 1 1 0 0 1 ]
nS = 1
S = [ 0 1 2 3 4 5 6 7 8 9 10 11 12 13 14 15 16 17 18 19 20 21 22 23 24 25 26 27 28 29 ]
