n = 30 ; 
T = 96 ; 
Init = [ 0 0 0 0 0 0 0 0 0 1 0 0 0 0 0 1 1 1 0 0 0 0 0 0 1 0 0 0 0 0 ]
L = [ 5 5 5 5 5 5 5 5 5 11 5 5 5 5 5 5 5 5 15 15 15 11 11 11 11 6 6 6 6 6 ]
l = [ 5 5 5 5 5 5 5 5 5 11 5 5 5 5 5 5 5 5 15 15 15 11 11 11 11 6 6 6 6 6 ]
Pmin = [ 26 26 26 26 30 30 30 30 30 51 16 16 16 16 16 11 11 11 74 74 74 58 58 58 60 23 23 23 23 23 ]
Pmax = [ 58 58 58 58 82 82 82 82 82 200 42 42 42 42 42 34 34 34 301 301 301 216 216 216 225 83 83 83 83 83 ]
cf = [ 25.4688 25.4688 25.4688 25.4688 49.9265 49.9265 49.9265 49.9265 49.9265 33.1268 67.9889 67.9889 67.9889 67.9889 67.9889 64.8447 64.8447 64.8447 68.7279 68.7279 68.7279 49.5668 49.5668 49.5668 26.2291 13.7462 13.7462 13.7462 13.7462 13.7462 ]
c0 = [ 74 74 74 74 88 88 88 88 88 147 53 53 53 53 53 51 51 51 204 204 204 159 159 159 158 71 71 71 71 71 ]
cp = [ 41.4008 41.4008 41.4008 41.4008 37.4512 37.4512 37.4512 37.4512 37.4512 27.3389 41.0968 41.0968 41.0968 41.0968 41.0968 38.7911 38.7911 38.7911 23.7501 23.7501 23.7501 28.506 28.506 28.506 27.6989 37.0408 37.0408 37.0408 37.0408 37.0408 ]
D = [ 685 757 814 994 1039 1076 1227 1292 1421 1451 1514 1688 1761 1852 1977 2025 2124 2168 2286 2342 2449 2530 2659 2705 2830 2718 2569 2425 2326 2285 2148 2057 1864 1829 1694 1844 2009 2055 2180 2384 2505 2263 2076 1839 1731 1446 1301 1069 845 913 1114 1178 1212 1250 1463 1437 1586 1689 1718 1812 1895 1935 2056 2181 2208 2395 2369 2490 2560 2634 2716 2839 2971 2803 2712 2576 2344 2279 2088 1967 1884 1673 1531 1680 1837 1972 2141 2362 2514 2278 2027 1828 1680 1463 1303 1096 ]
K = 9
nk = [ 1 1 1 1 2 2 2 2 2 3 4 4 4 4 4 5 5 5 6 6 6 7 7 7 8 9 9 9 9 9 ]
First = [ 1 0 0 0 1 0 0 0 0 1 1 0 0 0 0 1 0 0 1 0 0 1 0 0 1 1 0 0 0 0 ]
Last = [ 0 0 0 1 0 0 0 0 1 1 0 0 0 0 1 0 0 1 0 0 1 0 0 1 1 0 0 0 0 1 ]
nS = 1
S = [ 0 1 2 3 4 5 6 7 8 9 10 11 12 13 14 15 16 17 18 19 20 21 22 23 24 25 26 27 28 29 ]
