n = 30 ; 
T = 96 ; 
Init = [ 0 0 0 0 0 0 0 0 0 0 0 0 0 0 0 0 0 1 1 0 0 0 0 0 1 1 1 1 1 1 ]
L = [ 8 8 8 8 8 8 17 17 17 17 17 14 14 14 14 14 14 10 10 8 8 8 8 8 4 11 11 11 11 11 ]
l = [ 8 8 8 8 8 8 17 17 17 17 17 14 14 14 14 14 14 10 10 8 8 8 8 8 4 11 11 11 11 11 ]
Pmin = [ 43 43 43 43 43 43 88 88 88 88 88 72 72 72 72 72 72 51 51 42 42 42 42 42 17 61 61 61 61 61 ]
Pmax = [ 136 136 136 136 136 136 360 360 360 360 360 289 289 289 289 289 289 190 190 131 131 131 131 131 45 219 219 219 219 219 ]
cf = [ 69.9457 69.9457 69.9457 69.9457 69.9457 69.9457 38.2028 38.2028 38.2028 38.2028 38.2028 48.8813 48.8813 48.8813 48.8813 48.8813 48.8813 49.5672 49.5672 50.4691 50.4691 50.4691 50.4691 50.4691 63.1377 20.8253 20.8253 20.8253 20.8253 20.8253 ]
c0 = [ 114 114 114 114 114 114 240 240 240 240 240 197 197 197 197 197 197 136 136 115 115 115 115 115 62 168 168 168 168 168 ]
cp = [ 34.2484 34.2484 34.2484 34.2484 34.2484 34.2484 14.0394 14.0394 14.0394 14.0394 14.0394 19.8775 19.8775 19.8775 19.8775 19.8775 19.8775 31.244 31.244 22.445 22.445 22.445 22.445 22.445 40.6455 25.6177 25.6177 25.6177 25.6177 25.6177 ]
D = [ 1725 1769 2074 2237 2207 2545 2562 2884 3037 3167 3332 3504 3513 3796 3860 3901 4134 4446 4470 4700 4894 5012 5144 5302 5434 5096 4954 4795 4469 4426 4072 4023 3869 3666 3365 3740 3912 4186 4468 4640 4890 4553 4114 3851 3383 3114 2738 2349 1836 2045 2277 2342 2609 2622 2821 2983 3103 3453 3401 3517 3767 3837 4135 4407 4508 4725 4735 4876 5032 5156 5467 5471 5596 5485 5084 4928 4621 4527 4205 3942 3636 3388 3290 3324 3684 3859 4157 4477 4582 4317 3982 3566 3212 2755 2451 2038 ]
K = 7
nk = [ 1 1 1 1 1 1 2 2 2 2 2 3 3 3 3 3 3 4 4 5 5 5 5 5 6 7 7 7 7 7 ]
First = [ 1 0 0 0 0 0 1 0 0 0 0 1 0 0 0 0 0 1 0 1 0 0 0 0 1 1 0 0 0 0 ]
Last = [ 0 0 0 0 0 1 0 0 0 0 1 0 0 0 0 0 1 0 1 0 0 0 0 1 1 0 0 0 0 1 ]
nS = 1
S = [ 0 1 2 3 4 5 6 7 8 9 10 11 12 13 14 15 16 17 18 19 20 21 22 23 24 25 26 27 28 29 ]
