n = 30 ; 
T = 96 ; 
Init = [ 0 0 0 0 0 0 0 0 0 0 0 0 0 0 0 0 0 0 0 0 1 1 1 0 1 1 1 1 1 1 ]
L = [ 16 16 16 16 16 16 9 9 9 9 9 9 9 9 9 9 9 9 9 9 18 18 18 11 15 15 15 18 18 18 ]
l = [ 16 16 16 16 16 16 9 9 9 9 9 9 9 9 9 9 9 9 9 9 18 18 18 11 15 15 15 18 18 18 ]
Pmin = [ 88 88 88 88 88 88 45 45 45 45 45 45 45 45 45 45 45 45 45 45 97 97 97 62 84 84 84 99 99 99 ]
Pmax = [ 349 349 349 349 349 349 173 173 173 173 173 173 173 173 173 173 173 173 173 173 382 382 382 213 327 327 327 400 400 400 ]
cf = [ 44.5381 44.5381 44.5381 44.5381 44.5381 44.5381 44.0494 44.0494 44.0494 44.0494 44.0494 44.0494 44.0494 44.0494 44.0494 44.0494 44.0494 44.0494 44.0494 44.0494 60.5509 60.5509 60.5509 58.513 35.5225 35.5225 35.5225 18.0373 18.0373 18.0373 ]
c0 = [ 228 228 228 228 228 228 126 126 126 126 126 126 126 126 126 126 126 126 126 126 247 247 247 177 218 218 218 250 250 250 ]
cp = [ 22.1687 22.1687 22.1687 22.1687 22.1687 22.1687 38.1662 38.1662 38.1662 38.1662 38.1662 38.1662 38.1662 38.1662 38.1662 38.1662 38.1662 38.1662 38.1662 38.1662 23.6538 23.6538 23.6538 24.4374 27.0406 27.0406 27.0406 10.0409 10.0409 10.0409 ]
D = [ 2380 2662 2574 2871 2964 3240 3634 3606 3916 4197 4406 4483 4810 5014 5238 5343 5396 5651 5982 6047 6132 6392 6735 6841 6988 6706 6411 6299 5882 5441 5229 4882 4527 4353 4107 4262 4780 5023 5276 5585 5913 5333 5002 4294 3721 3417 2940 2224 1765 2050 2130 2495 2458 2722 2966 3106 3453 3647 3727 3874 4118 4358 4706 4875 5050 5068 5571 5692 5906 5906 6304 6419 6791 6545 6165 5944 5700 5492 5197 4779 4651 4233 3976 4437 4586 4875 5273 5243 5523 5111 4660 4292 3917 3610 3210 2483 ]
K = 6
nk = [ 1 1 1 1 1 1 2 2 2 2 2 2 2 2 2 2 2 2 2 2 3 3 3 4 5 5 5 6 6 6 ]
First = [ 1 0 0 0 0 0 1 0 0 0 0 0 0 0 0 0 0 0 0 0 1 0 0 1 1 0 0 1 0 0 ]
Last = [ 0 0 0 0 0 1 0 0 0 0 0 0 0 0 0 0 0 0 0 1 0 0 1 1 0 0 1 0 0 1 ]
nS = 1
S = [ 0 1 2 3 4 5 6 7 8 9 10 11 12 13 14 15 16 17 18 19 20 21 22 23 24 25 26 27 28 29 ]
