n = 30 ; 
T = 96 ; 
Init = [ 1 0 0 0 0 0 1 1 1 1 0 0 0 0 0 0 1 1 1 1 1 0 0 0 0 1 1 1 1 1 ]
L = [ 13 6 6 6 6 6 16 16 16 16 8 8 8 8 8 8 8 8 8 8 8 5 5 5 5 16 16 16 16 16 ]
l = [ 13 6 6 6 6 6 16 16 16 16 8 8 8 8 8 8 8 8 8 8 8 5 5 5 5 16 16 16 16 16 ]
Pmin = [ 70 25 25 25 25 25 93 93 93 93 42 42 42 42 42 42 39 39 39 39 39 14 14 14 14 86 86 86 86 86 ]
Pmax = [ 272 89 89 89 89 89 352 352 352 352 154 154 154 154 154 154 127 127 127 127 127 41 41 41 41 340 340 340 340 340 ]
cf = [ 22.3752 36.4119 36.4119 36.4119 36.4119 36.4119 38.0417 38.0417 38.0417 38.0417 19.7247 19.7247 19.7247 19.7247 19.7247 19.7247 43.979 43.979 43.979 43.979 43.979 17.8222 17.8222 17.8222 17.8222 58.7628 58.7628 58.7628 58.7628 58.7628 ]
c0 = [ 182 76 76 76 76 76 250 250 250 250 115 115 115 115 115 115 118 118 118 118 118 58 58 58 58 221 221 221 221 221 ]
cp = [ 24.2 37.072 37.072 37.072 37.072 37.072 16.1695 16.1695 16.1695 16.1695 36.9122 36.9122 36.9122 36.9122 36.9122 36.9122 38.5557 38.5557 38.5557 38.5557 38.5557 33.2522 33.2522 33.2522 33.2522 15.8523 15.8523 15.8523 15.8523 15.8523 ]
D = [ 1323 1430 1705 1736 1945 2029 2274 2451 2538 2670 2860 3101 3180 3335 3544 3534 3706 3875 3997 4230 4297 4454 4671 4803 4996 4816 4627 4279 4114 3974 3607 3543 3360 3117 2935 3058 3441 3601 3752 4071 4435 4014 3591 3271 2856 2491 2234 1840 1503 1548 1804 1863 2155 2276 2384 2528 2497 2755 2929 3090 3158 3200 3489 3460 3619 3749 4051 4144 4207 4323 4579 4633 4848 4516 4474 4209 3922 3808 3619 3444 3240 2949 2919 3101 3470 3642 3833 4256 4329 3951 3793 3412 2941 2713 2390 1942 ]
K = 7
nk = [ 1 2 2 2 2 2 3 3 3 3 4 4 4 4 4 4 5 5 5 5 5 6 6 6 6 7 7 7 7 7 ]
First = [ 1 1 0 0 0 0 1 0 0 0 1 0 0 0 0 0 1 0 0 0 0 1 0 0 0 1 0 0 0 0 ]
Last = [ 1 0 0 0 0 1 0 0 0 1 0 0 0 0 0 1 0 0 0 0 1 0 0 0 1 0 0 0 0 1 ]
nS = 1
S = [ 0 1 2 3 4 5 6 7 8 9 10 11 12 13 14 15 16 17 18 19 20 21 22 23 24 25 26 27 28 29 ]
