n = 30 ; 
T = 96 ; 
Init = [ 1 1 1 1 1 1 0 0 1 1 1 1 1 1 1 1 1 1 1 1 1 1 1 1 1 0 0 0 0 0 ]
L = [ 18 18 18 8 8 8 11 11 15 15 15 19 19 19 19 19 19 9 9 9 9 9 9 15 15 9 9 9 18 18 ]
l = [ 18 18 18 8 8 8 11 11 15 15 15 19 19 19 19 19 19 9 9 9 9 9 9 15 15 9 9 9 18 18 ]
Pmin = [ 100 100 100 32 32 32 62 62 82 82 82 100 100 100 100 100 100 44 44 44 44 44 44 85 85 50 50 50 91 91 ]
Pmax = [ 389 389 389 117 117 117 240 240 319 319 319 404 404 404 404 404 404 152 152 152 152 152 152 331 331 175 175 175 368 368 ]
cf = [ 37.7814 37.7814 37.7814 69.4214 69.4214 69.4214 15.5684 15.5684 27.3217 27.3217 27.3217 36.673 36.673 36.673 36.673 36.673 36.673 53.0448 53.0448 53.0448 53.0448 53.0448 53.0448 68.0141 68.0141 41.0986 41.0986 41.0986 68.0967 68.0967 ]
c0 = [ 250 250 250 87 87 87 177 177 218 218 218 250 250 250 250 250 250 130 130 130 130 130 130 217 217 135 135 135 234 234 ]
cp = [ 21.3965 21.3965 21.3965 30.6117 30.6117 30.6117 21.88 21.88 16.4226 16.4226 16.4226 14.3565 14.3565 14.3565 14.3565 14.3565 14.3565 32.294 32.294 32.294 32.294 32.294 32.294 19.4938 19.4938 27.843 27.843 27.843 14.4342 14.4342 ]
D = [ 2233 2569 2865 3041 3189 3258 3634 3807 3824 4316 4398 4457 4861 4927 5244 5296 5731 5797 6099 6366 6380 6839 6986 7235 7190 7032 6747 6452 6022 5778 5490 5167 4720 4519 4161 4691 5060 5251 5744 6248 6393 6163 5593 5009 4308 3845 3432 2955 2234 2530 2605 3012 3010 3435 3401 3800 3925 4213 4480 4393 4640 5043 5259 5303 5476 5802 5925 6068 6353 6421 6720 7070 7253 6753 6503 6372 5980 5456 5124 4778 4676 4216 4075 4400 4464 5046 5240 5556 5894 5374 4949 4553 3905 3494 2940 2591 ]
K = 9
nk = [ 1 1 1 2 2 2 3 3 4 4 4 5 5 5 5 5 5 6 6 6 6 6 6 7 7 8 8 8 9 9 ]
First = [ 1 0 0 1 0 0 1 0 1 0 0 1 0 0 0 0 0 1 0 0 0 0 0 1 0 1 0 0 1 0 ]
Last = [ 0 0 1 0 0 1 0 1 0 0 1 0 0 0 0 0 1 0 0 0 0 0 1 0 1 0 0 1 0 1 ]
nS = 1
S = [ 0 1 2 3 4 5 6 7 8 9 10 11 12 13 14 15 16 17 18 19 20 21 22 23 24 25 26 27 28 29 ]
