n = 30 ; 
T = 96 ; 
Init = [ 1 1 0 0 0 0 0 0 0 0 0 0 0 0 0 0 0 0 0 0 0 0 0 0 0 0 0 0 0 0 ]
L = [ 6 6 14 14 14 14 7 7 7 7 7 7 7 18 18 18 18 18 18 18 13 13 13 13 8 8 8 8 8 8 ]
l = [ 6 6 14 14 14 14 7 7 7 7 7 7 7 18 18 18 18 18 18 18 13 13 13 13 8 8 8 8 8 8 ]
Pmin = [ 30 30 80 80 80 80 30 30 30 30 30 30 30 98 98 98 98 98 98 98 66 66 66 66 48 48 48 48 48 48 ]
Pmax = [ 85 85 313 313 313 313 104 104 104 104 104 104 104 400 400 400 400 400 400 400 255 255 255 255 160 160 160 160 160 160 ]
cf = [ 32.696 32.696 55.1601 55.1601 55.1601 55.1601 68.5733 68.5733 68.5733 68.5733 68.5733 68.5733 68.5733 46.503 46.503 46.503 46.503 46.503 46.503 46.503 43.1857 43.1857 43.1857 43.1857 66.6524 66.6524 66.6524 66.6524 66.6524 66.6524 ]
c0 = [ 93 93 219 219 219 219 88 88 88 88 88 88 88 250 250 250 250 250 250 250 190 190 190 190 139 139 139 139 139 139 ]
cp = [ 35.9918 35.9918 20.0896 20.0896 20.0896 20.0896 29.0236 29.0236 29.0236 29.0236 29.0236 29.0236 29.0236 18.9182 18.9182 18.9182 18.9182 18.9182 18.9182 18.9182 20.2941 20.2941 20.2941 20.2941 26.2312 26.2312 26.2312 26.2312 26.2312 26.2312 ]
D = [ 2056 2154 2204 2348 2653 2814 2913 3210 3246 3413 3620 3827 4050 4286 4464 4440 4569 4987 4897 5134 5301 5484 5746 5969 5988 5724 5548 5290 5036 4682 4488 4230 3801 3762 3476 3799 4093 4354 4802 5236 5491 5134 4487 3953 3660 3018 2565 2228 1697 1724 2075 2273 2390 2472 2682 2988 3142 3083 3503 3608 3805 3918 3961 4341 4270 4670 4674 5007 4967 5198 5445 5524 5787 5492 5246 5143 4782 4618 4294 3958 3926 3505 3472 3657 3973 4251 4571 4869 5193 4699 4145 3710 3434 2751 2248 2007 ]
K = 6
nk = [ 1 1 2 2 2 2 3 3 3 3 3 3 3 4 4 4 4 4 4 4 5 5 5 5 6 6 6 6 6 6 ]
First = [ 1 0 1 0 0 0 1 0 0 0 0 0 0 1 0 0 0 0 0 0 1 0 0 0 1 0 0 0 0 0 ]
Last = [ 0 1 0 0 0 1 0 0 0 0 0 0 1 0 0 0 0 0 0 1 0 0 0 1 0 0 0 0 0 1 ]
nS = 1
S = [ 0 1 2 3 4 5 6 7 8 9 10 11 12 13 14 15 16 17 18 19 20 21 22 23 24 25 26 27 28 29 ]
