n = 30 ; 
T = 96 ; 
Init = [ 1 1 1 1 1 1 1 1 1 1 0 0 0 0 0 0 0 0 0 0 0 0 0 0 0 0 0 0 0 0 ]
L = [ 10 10 10 10 10 10 10 10 10 10 7 7 7 7 7 7 7 7 7 7 9 9 9 9 9 9 9 9 9 9 ]
l = [ 10 10 10 10 10 10 10 10 10 10 7 7 7 7 7 7 7 7 7 7 9 9 9 9 9 9 9 9 9 9 ]
Pmin = [ 55 55 55 55 55 55 55 55 55 55 35 35 35 35 35 35 35 35 35 35 42 42 42 42 42 42 42 42 42 52 ]
Pmax = [ 189 189 189 189 189 189 189 189 189 189 116 116 116 116 116 116 116 116 116 116 160 160 160 160 160 160 160 160 160 190 ]
cf = [ 16.6574 16.6574 16.6574 16.6574 16.6574 16.6574 16.6574 16.6574 16.6574 16.6574 10.8595 10.8595 10.8595 10.8595 10.8595 10.8595 10.8595 10.8595 10.8595 10.8595 66.2394 66.2394 66.2394 66.2394 66.2394 66.2394 66.2394 66.2394 66.2394 66.1891 ]
c0 = [ 148 148 148 148 148 148 148 148 148 148 96 96 96 96 96 96 96 96 96 96 129 129 129 129 129 129 129 129 129 145 ]
cp = [ 32.3443 32.3443 32.3443 32.3443 32.3443 32.3443 32.3443 32.3443 32.3443 32.3443 37.6245 37.6245 37.6245 37.6245 37.6245 37.6245 37.6245 37.6245 37.6245 37.6245 34.7372 34.7372 34.7372 34.7372 34.7372 34.7372 34.7372 34.7372 34.7372 36.5536 ]
D = [ 1178 1231 1415 1593 1613 1771 1910 1967 2144 2276 2416 2388 2676 2648 2854 2890 2990 3078 3360 3442 3422 3574 3792 3900 3953 3831 3595 3507 3312 3182 3049 2883 2689 2438 2334 2398 2729 2814 3006 3211 3313 3090 2902 2551 2371 2086 1842 1647 1300 1389 1641 1733 1755 1900 1965 2026 2206 2274 2497 2595 2540 2829 2886 2919 3028 3106 3243 3383 3526 3564 3590 3702 3935 3752 3536 3489 3331 3107 2895 2676 2624 2372 2327 2557 2711 2805 2991 3221 3464 3268 2804 2574 2375 2050 1748 1366 ]
K = 4
nk = [ 1 1 1 1 1 1 1 1 1 1 2 2 2 2 2 2 2 2 2 2 3 3 3 3 3 3 3 3 3 4 ]
First = [ 1 0 0 0 0 0 0 0 0 0 1 0 0 0 0 0 0 0 0 0 1 0 0 0 0 0 0 0 0 1 ]
Last = [ 0 0 0 0 0 0 0 0 0 1 0 0 0 0 0 0 0 0 0 1 0 0 0 0 0 0 0 0 1 1 ]
nS = 1
S = [ 0 1 2 3 4 5 6 7 8 9 10 11 12 13 14 15 16 17 18 19 20 21 22 23 24 25 26 27 28 29 ]
