n = 30 ; 
T = 96 ; 
Init = [ 0 0 0 0 0 0 1 1 1 1 1 1 1 1 1 1 1 1 0 0 0 0 0 0 0 0 0 0 0 0 ]
L = [ 18 18 18 7 7 7 14 14 14 14 14 14 14 14 14 14 14 14 18 18 18 18 18 18 18 18 18 18 18 18 ]
l = [ 18 18 18 7 7 7 14 14 14 14 14 14 14 14 14 14 14 14 18 18 18 18 18 18 18 18 18 18 18 18 ]
Pmin = [ 92 92 92 30 30 30 79 79 79 79 79 79 79 79 79 79 79 79 90 90 90 90 90 90 90 90 90 90 90 90 ]
Pmax = [ 377 377 377 115 115 115 295 295 295 295 295 295 295 295 295 295 295 295 376 376 376 376 376 376 376 376 376 376 376 376 ]
cf = [ 48.7328 48.7328 48.7328 38.4799 38.4799 38.4799 51.4749 51.4749 51.4749 51.4749 51.4749 51.4749 51.4749 51.4749 51.4749 51.4749 51.4749 51.4749 33.1205 33.1205 33.1205 33.1205 33.1205 33.1205 33.1205 33.1205 33.1205 33.1205 33.1205 33.1205 ]
c0 = [ 250 250 250 100 100 100 216 216 216 216 216 216 216 216 216 216 216 216 241 241 241 241 241 241 241 241 241 241 241 241 ]
cp = [ 14.3327 14.3327 14.3327 36.9504 36.9504 36.9504 21.6377 21.6377 21.6377 21.6377 21.6377 21.6377 21.6377 21.6377 21.6377 21.6377 21.6377 21.6377 17.2466 17.2466 17.2466 17.2466 17.2466 17.2466 17.2466 17.2466 17.2466 17.2466 17.2466 17.2466 ]
D = [ 2320 2773 2913 3182 3177 3739 3645 4209 4202 4387 4692 5044 5046 5318 5534 5660 6011 6463 6366 6908 6854 7042 7525 7778 7694 7480 7226 6998 6560 6410 6079 5704 5400 4983 4651 5112 5266 5611 6028 6329 6633 6223 5363 4918 4171 3683 3137 2515 1791 2132 2532 2671 3064 3162 3551 3719 4174 4114 4665 4629 4924 5247 5436 5766 6196 6377 6700 6935 7233 7326 7792 7816 8340 7807 7571 7229 6985 6421 6147 5687 5583 5067 4865 5264 5718 6015 6702 6969 7324 6865 6161 5495 4716 4321 3724 3113 ]
K = 4
nk = [ 1 1 1 2 2 2 3 3 3 3 3 3 3 3 3 3 3 3 4 4 4 4 4 4 4 4 4 4 4 4 ]
First = [ 1 0 0 1 0 0 1 0 0 0 0 0 0 0 0 0 0 0 1 0 0 0 0 0 0 0 0 0 0 0 ]
Last = [ 0 0 1 0 0 1 0 0 0 0 0 0 0 0 0 0 0 1 0 0 0 0 0 0 0 0 0 0 0 1 ]
nS = 1
S = [ 0 1 2 3 4 5 6 7 8 9 10 11 12 13 14 15 16 17 18 19 20 21 22 23 24 25 26 27 28 29 ]
