n = 30 ; 
T = 96 ; 
Init = [ 0 1 1 1 0 0 0 0 0 1 1 1 1 1 1 1 1 1 1 1 1 1 1 1 1 0 0 0 0 1 ]
L = [ 12 13 13 13 6 6 6 6 6 15 15 15 15 9 9 9 17 17 17 17 13 13 13 13 13 17 17 17 17 19 ]
l = [ 12 13 13 13 6 6 6 6 6 15 15 15 15 9 9 9 17 17 17 17 13 13 13 13 13 17 17 17 17 19 ]
Pmin = [ 70 73 73 73 24 24 24 24 24 75 75 75 75 52 52 52 90 90 90 90 69 69 69 69 69 94 94 94 94 100 ]
Pmax = [ 263 268 268 268 74 74 74 74 74 311 311 311 311 191 191 191 364 364 364 364 259 259 259 259 259 373 373 373 373 420 ]
cf = [ 66.0504 48.3674 48.3674 48.3674 51.1116 51.1116 51.1116 51.1116 51.1116 10.6031 10.6031 10.6031 10.6031 44.5178 44.5178 44.5178 44.6331 44.6331 44.6331 44.6331 51.5025 51.5025 51.5025 51.5025 51.5025 59.1809 59.1809 59.1809 59.1809 19.0526 ]
c0 = [ 190 204 204 204 72 72 72 72 72 211 211 211 211 156 156 156 240 240 240 240 182 182 182 182 182 250 250 250 250 250 ]
cp = [ 15.8617 21.4587 21.4587 21.4587 35.5917 35.5917 35.5917 35.5917 35.5917 19.0375 19.0375 19.0375 19.0375 31.164 31.164 31.164 17.7113 17.7113 17.7113 17.7113 17.1898 17.1898 17.1898 17.1898 17.1898 14.7767 14.7767 14.7767 14.7767 10.8351 ]
D = [ 1856 2222 2475 2366 2847 3019 3192 3212 3408 3771 3918 4129 4317 4545 4568 4870 5113 5187 5234 5447 5770 5997 5946 6226 6329 6357 6032 5599 5438 5290 4888 4708 4421 4084 3923 4199 4432 4843 4951 5509 5778 5378 4861 4347 3988 3305 2905 2601 1922 2319 2382 2492 2829 3040 3254 3390 3464 3762 3876 4194 4280 4664 4577 5068 5238 5388 5510 5741 5834 5902 6235 6423 6552 6265 5973 5878 5456 5279 5143 4665 4378 4115 3873 4303 4632 4984 5044 5574 5717 5199 4722 4259 3618 3182 2703 2042 ]
K = 9
nk = [ 1 2 2 2 3 3 3 3 3 4 4 4 4 5 5 5 6 6 6 6 7 7 7 7 7 8 8 8 8 9 ]
First = [ 1 1 0 0 1 0 0 0 0 1 0 0 0 1 0 0 1 0 0 0 1 0 0 0 0 1 0 0 0 1 ]
Last = [ 1 0 0 1 0 0 0 0 1 0 0 0 1 0 0 1 0 0 0 1 0 0 0 0 1 0 0 0 1 1 ]
nS = 1
S = [ 0 1 2 3 4 5 6 7 8 9 10 11 12 13 14 15 16 17 18 19 20 21 22 23 24 25 26 27 28 29 ]
