n = 30 ; 
T = 96 ; 
Init = [ 0 0 0 0 0 0 0 1 1 1 1 1 1 1 1 1 1 1 1 1 1 1 1 1 1 1 1 1 0 0 ]
L = [ 7 7 7 7 7 7 7 8 8 8 8 8 8 8 8 8 8 8 8 8 18 18 18 18 18 18 18 18 4 4 ]
l = [ 7 7 7 7 7 7 7 8 8 8 8 8 8 8 8 8 8 8 8 8 18 18 18 18 18 18 18 18 4 4 ]
Pmin = [ 34 34 34 34 34 34 34 44 44 44 44 44 44 44 44 44 44 44 44 44 97 97 97 97 97 97 97 97 20 20 ]
Pmax = [ 109 109 109 109 109 109 109 164 164 164 164 164 164 164 164 164 164 164 164 164 401 401 401 401 401 401 401 401 56 56 ]
cf = [ 11.8538 11.8538 11.8538 11.8538 11.8538 11.8538 11.8538 48.4412 48.4412 48.4412 48.4412 48.4412 48.4412 48.4412 48.4412 48.4412 48.4412 48.4412 48.4412 48.4412 28.8233 28.8233 28.8233 28.8233 28.8233 28.8233 28.8233 28.8233 14.5355 14.5355 ]
c0 = [ 108 108 108 108 108 108 108 123 123 123 123 123 123 123 123 123 123 123 123 123 243 243 243 243 243 243 243 243 78 78 ]
cp = [ 34.5231 34.5231 34.5231 34.5231 34.5231 34.5231 34.5231 27.3598 27.3598 27.3598 27.3598 27.3598 27.3598 27.3598 27.3598 27.3598 27.3598 27.3598 27.3598 27.3598 11.3681 11.3681 11.3681 11.3681 11.3681 11.3681 11.3681 11.3681 39.6019 39.6019 ]
D = [ 1310 1514 1625 1800 2067 2191 2400 2555 2773 2896 3010 3109 3289 3466 3619 3832 3929 4206 4261 4393 4608 4890 4957 5118 5373 5105 4851 4677 4370 4022 3762 3762 3452 3139 2901 3182 3315 3609 3880 4316 4568 4205 3741 3425 3075 2848 2332 2164 1766 1942 2015 2173 2330 2464 2799 2842 2951 3272 3489 3520 3589 3835 3995 4106 4371 4467 4578 4812 5025 5152 5369 5438 5630 5351 4980 4717 4569 4219 4029 3914 3582 3307 2944 3354 3551 3861 4157 4304 4528 4300 3735 3536 3147 2833 2587 2056 ]
K = 4
nk = [ 1 1 1 1 1 1 1 2 2 2 2 2 2 2 2 2 2 2 2 2 3 3 3 3 3 3 3 3 4 4 ]
First = [ 1 0 0 0 0 0 0 1 0 0 0 0 0 0 0 0 0 0 0 0 1 0 0 0 0 0 0 0 1 0 ]
Last = [ 0 0 0 0 0 0 1 0 0 0 0 0 0 0 0 0 0 0 0 1 0 0 0 0 0 0 0 1 0 1 ]
nS = 1
S = [ 0 1 2 3 4 5 6 7 8 9 10 11 12 13 14 15 16 17 18 19 20 21 22 23 24 25 26 27 28 29 ]
