n = 30 ; 
T = 96 ; 
Init = [ 1 1 1 1 1 1 1 1 1 0 0 1 1 1 1 1 0 0 0 0 0 0 0 0 1 1 0 0 0 0 ]
L = [ 17 17 17 17 17 17 17 17 17 8 8 7 7 7 7 7 13 13 13 13 13 13 13 13 18 18 17 17 17 17 ]
l = [ 17 17 17 17 17 17 17 17 17 8 8 7 7 7 7 7 13 13 13 13 13 13 13 13 18 18 17 17 17 17 ]
Pmin = [ 89 89 89 89 89 89 89 89 89 44 44 37 37 37 37 37 72 72 72 72 72 72 72 72 96 96 90 90 90 90 ]
Pmax = [ 368 368 368 368 368 368 368 368 368 141 141 112 112 112 112 112 282 282 282 282 282 282 282 282 371 371 373 373 373 373 ]
cf = [ 14.5623 14.5623 14.5623 14.5623 14.5623 14.5623 14.5623 14.5623 14.5623 43.0189 43.0189 33.0157 33.0157 33.0157 33.0157 33.0157 47.9858 47.9858 47.9858 47.9858 47.9858 47.9858 47.9858 47.9858 39.4413 39.4413 16.6348 16.6348 16.6348 16.6348 ]
c0 = [ 226 226 226 226 226 226 226 226 226 123 123 111 111 111 111 111 203 203 203 203 203 203 203 203 250 250 234 234 234 234 ]
cp = [ 11.2381 11.2381 11.2381 11.2381 11.2381 11.2381 11.2381 11.2381 11.2381 37.871 37.871 27.5813 27.5813 27.5813 27.5813 27.5813 23.6745 23.6745 23.6745 23.6745 23.6745 23.6745 23.6745 23.6745 10.6572 10.6572 11.796 11.796 11.796 11.796 ]
D = [ 1789 2115 2415 2671 2833 3104 3090 3484 3780 4057 4046 4267 4717 4682 5060 5139 5524 5895 6034 6242 6323 6606 6881 7034 7332 7132 6664 6449 6135 5887 5446 4970 4817 4446 4341 4530 4954 5362 6059 6203 6657 6136 5640 5336 4550 4201 3401 3113 2582 2552 2876 3137 3304 3733 3652 3891 4197 4306 4711 4965 4942 5444 5340 5632 6049 5996 6305 6739 6728 6926 7112 7291 7572 7470 7095 6829 6265 6069 5846 5208 5113 4655 4409 4658 5150 5692 5965 6550 6986 6427 5682 5204 4587 3869 3123 2708 ]
K = 6
nk = [ 1 1 1 1 1 1 1 1 1 2 2 3 3 3 3 3 4 4 4 4 4 4 4 4 5 5 6 6 6 6 ]
First = [ 1 0 0 0 0 0 0 0 0 1 0 1 0 0 0 0 1 0 0 0 0 0 0 0 1 0 1 0 0 0 ]
Last = [ 0 0 0 0 0 0 0 0 1 0 1 0 0 0 0 1 0 0 0 0 0 0 0 1 0 1 0 0 0 1 ]
nS = 1
S = [ 0 1 2 3 4 5 6 7 8 9 10 11 12 13 14 15 16 17 18 19 20 21 22 23 24 25 26 27 28 29 ]
