n = 30 ; 
T = 96 ; 
Init = [ 1 1 1 1 1 1 1 1 1 1 1 1 1 1 1 1 1 1 1 1 1 1 1 1 1 1 1 0 0 0 ]
L = [ 11 11 11 11 11 17 17 17 17 17 17 17 17 17 13 13 13 13 13 13 13 13 13 13 13 13 13 12 12 12 ]
l = [ 11 11 11 11 11 17 17 17 17 17 17 17 17 17 13 13 13 13 13 13 13 13 13 13 13 13 13 12 12 12 ]
Pmin = [ 47 47 47 47 47 87 87 87 87 87 87 87 87 87 69 69 69 69 69 69 69 69 69 69 69 69 69 63 63 63 ]
Pmax = [ 191 191 191 191 191 360 360 360 360 360 360 360 360 360 254 254 254 254 254 254 254 254 254 254 254 254 254 241 241 241 ]
cf = [ 59.5511 59.5511 59.5511 59.5511 59.5511 18.1385 18.1385 18.1385 18.1385 18.1385 18.1385 18.1385 18.1385 18.1385 69.6234 69.6234 69.6234 69.6234 69.6234 69.6234 69.6234 69.6234 69.6234 69.6234 69.6234 69.6234 69.6234 19.4229 19.4229 19.4229 ]
c0 = [ 125 125 125 125 125 220 220 220 220 220 220 220 220 220 183 183 183 183 183 183 183 183 183 183 183 183 183 178 178 178 ]
cp = [ 30.7702 30.7702 30.7702 30.7702 30.7702 13.1909 13.1909 13.1909 13.1909 13.1909 13.1909 13.1909 13.1909 13.1909 23.9774 23.9774 23.9774 23.9774 23.9774 23.9774 23.9774 23.9774 23.9774 23.9774 23.9774 23.9774 23.9774 22.8633 22.8633 22.8633 ]
D = [ 1623 2031 2191 2306 2749 2726 3119 3126 3544 3764 3897 4009 4175 4397 4721 4940 5200 5300 5628 5824 6026 6078 6359 6387 6710 6498 6165 5949 5803 5495 5253 5088 4653 4695 4438 4408 4716 5141 5240 5433 5873 5462 4794 4428 3705 3155 2804 2135 1827 2060 2208 2375 2516 2689 2951 3354 3525 3863 4072 4198 4519 4773 4953 5117 5217 5666 5688 5890 6183 6353 6674 6931 7263 6905 6494 6257 6064 5837 5402 5120 4899 4385 4044 4311 4646 4914 5357 5637 5686 5324 4717 4402 3739 3414 2707 2245 ]
K = 4
nk = [ 1 1 1 1 1 2 2 2 2 2 2 2 2 2 3 3 3 3 3 3 3 3 3 3 3 3 3 4 4 4 ]
First = [ 1 0 0 0 0 1 0 0 0 0 0 0 0 0 1 0 0 0 0 0 0 0 0 0 0 0 0 1 0 0 ]
Last = [ 0 0 0 0 1 0 0 0 0 0 0 0 0 1 0 0 0 0 0 0 0 0 0 0 0 0 1 0 0 1 ]
nS = 1
S = [ 0 1 2 3 4 5 6 7 8 9 10 11 12 13 14 15 16 17 18 19 20 21 22 23 24 25 26 27 28 29 ]
