n = 30 ; 
T = 96 ; 
Init = [ 1 1 1 0 0 0 0 0 0 0 0 0 0 1 0 0 0 0 0 0 0 0 0 1 1 1 1 1 1 0 ]
L = [ 4 15 15 5 5 5 5 5 5 18 18 18 18 17 14 14 15 15 15 15 15 15 15 16 16 16 16 16 16 13 ]
l = [ 4 15 15 5 5 5 5 5 5 18 18 18 18 17 14 14 15 15 15 15 15 15 15 16 16 16 16 16 16 13 ]
Pmin = [ 26 83 83 23 23 23 23 23 23 100 100 100 100 92 67 67 85 85 85 85 85 85 85 93 93 93 93 93 93 76 ]
Pmax = [ 66 324 324 80 80 80 80 80 80 399 399 399 399 380 274 274 318 318 318 318 318 318 318 358 358 358 358 358 358 279 ]
cf = [ 15.495 11.3079 11.3079 38.148 38.148 38.148 38.148 38.148 38.148 60.1659 60.1659 60.1659 60.1659 44.9526 53.8968 53.8968 51.659 51.659 51.659 51.659 51.659 51.659 51.659 18.5914 18.5914 18.5914 18.5914 18.5914 18.5914 63.022 ]
c0 = [ 83 224 224 82 82 82 82 82 82 250 250 250 250 237 190 190 226 226 226 226 226 226 226 235 235 235 235 235 235 205 ]
cp = [ 41.3874 17.4909 17.4909 37.7673 37.7673 37.7673 37.7673 37.7673 37.7673 12.6353 12.6353 12.6353 12.6353 10.6051 21.6872 21.6872 19.9226 19.9226 19.9226 19.9226 19.9226 19.9226 19.9226 14.7732 14.7732 14.7732 14.7732 14.7732 14.7732 23.9389 ]
D = [ 2091 2586 2520 2727 3124 3201 3513 3601 3770 4086 4147 4404 4433 4784 4895 5171 5207 5571 5736 5755 6116 6142 6553 6651 6874 6457 6216 5959 5814 5494 5327 5038 4686 4596 4323 4436 4825 5266 5610 5978 6207 5562 5135 4678 4191 3684 2976 2669 2091 2218 2407 2712 2860 3053 3139 3227 3514 3908 3906 4029 4410 4523 4703 4857 5316 5196 5581 5587 5901 6021 6401 6399 6673 6505 6261 5895 5773 5555 5150 4960 4674 4597 4182 4800 5003 5430 5942 6236 6527 5942 5600 5179 4512 4154 3356 2953 ]
K = 9
nk = [ 1 2 2 3 3 3 3 3 3 4 4 4 4 5 6 6 7 7 7 7 7 7 7 8 8 8 8 8 8 9 ]
First = [ 1 1 0 1 0 0 0 0 0 1 0 0 0 1 1 0 1 0 0 0 0 0 0 1 0 0 0 0 0 1 ]
Last = [ 1 0 1 0 0 0 0 0 1 0 0 0 1 1 0 1 0 0 0 0 0 0 1 0 0 0 0 0 1 1 ]
nS = 1
S = [ 0 1 2 3 4 5 6 7 8 9 10 11 12 13 14 15 16 17 18 19 20 21 22 23 24 25 26 27 28 29 ]
