n = 30 ; 
T = 96 ; 
Init = [ 1 1 1 1 1 0 0 0 1 1 1 1 0 0 0 0 0 0 0 0 0 0 0 1 1 1 1 1 1 1 ]
L = [ 10 10 17 17 17 8 8 8 7 7 7 7 16 16 16 16 17 17 17 20 20 20 20 20 20 20 20 20 9 9 ]
l = [ 10 10 17 17 17 8 8 8 7 7 7 7 16 16 16 16 17 17 17 20 20 20 20 20 20 20 20 20 9 9 ]
Pmin = [ 53 53 89 89 89 42 42 42 33 33 33 33 93 93 93 93 92 92 92 100 100 100 100 100 100 100 100 100 46 46 ]
Pmax = [ 176 176 357 357 357 138 138 138 109 109 109 109 359 359 359 359 363 363 363 420 420 420 420 420 420 420 420 420 155 155 ]
cf = [ 62.885 62.885 8.0769 8.0769 8.0769 35.3156 35.3156 35.3156 40.7491 40.7491 40.7491 40.7491 59.1752 59.1752 59.1752 59.1752 65.6625 65.6625 65.6625 68.29 68.29 68.29 68.29 16.5215 16.5215 16.5215 16.5215 16.5215 15.9734 15.9734 ]
c0 = [ 137 137 245 245 245 127 127 127 108 108 108 108 244 244 244 244 240 240 240 250 250 250 250 250 250 250 250 250 139 139 ]
cp = [ 23.588 23.588 18.2322 18.2322 18.2322 34.7597 34.7597 34.7597 33.8721 33.8721 33.8721 33.8721 19.3208 19.3208 19.3208 19.3208 11.2826 11.2826 11.2826 11.5885 11.5885 11.5885 11.5885 10.059 10.059 10.059 10.059 10.059 26.5744 26.5744 ]
D = [ 2593 2703 2885 3252 3359 3434 3933 4091 4292 4362 4684 4689 5121 5278 5304 5678 5842 6122 6157 6444 6734 6846 6941 7141 7392 7306 6735 6433 6345 6001 5664 5323 5243 4886 4710 4780 5252 5619 5645 6117 6351 6034 5490 4780 4418 4055 3517 2761 2565 2729 2704 3201 3437 3396 3736 3914 4177 4462 4491 4683 5079 5220 5569 5661 5869 6021 6388 6428 6540 7058 7240 7493 7621 7360 6929 6665 6238 5759 5561 5216 5042 4603 4185 4799 5226 5701 5923 6398 6942 6339 5796 5170 4493 4085 3336 3007 ]
K = 9
nk = [ 1 1 2 2 2 3 3 3 4 4 4 4 5 5 5 5 6 6 6 7 7 7 7 8 8 8 8 8 9 9 ]
First = [ 1 0 1 0 0 1 0 0 1 0 0 0 1 0 0 0 1 0 0 1 0 0 0 1 0 0 0 0 1 0 ]
Last = [ 0 1 0 0 1 0 0 1 0 0 0 1 0 0 0 1 0 0 1 0 0 0 1 0 0 0 0 1 0 1 ]
nS = 1
S = [ 0 1 2 3 4 5 6 7 8 9 10 11 12 13 14 15 16 17 18 19 20 21 22 23 24 25 26 27 28 29 ]
