n = 30 ; 
T = 96 ; 
Init = [ 0 0 1 1 1 1 1 0 0 0 0 0 0 0 0 0 0 0 0 0 0 0 1 1 1 1 1 0 0 0 ]
L = [ 10 10 14 14 14 14 14 13 13 16 16 16 18 19 19 19 19 19 14 11 11 11 12 12 12 10 13 15 15 15 ]
l = [ 10 10 14 14 14 14 14 13 13 16 16 16 18 19 19 19 19 19 14 11 11 11 12 12 12 10 13 15 15 15 ]
Pmin = [ 46 46 79 79 79 79 79 75 75 87 87 87 92 100 100 100 100 100 79 62 62 62 61 61 61 56 69 73 73 73 ]
Pmax = [ 184 184 292 292 292 292 292 274 274 340 340 340 377 420 420 420 420 420 305 219 219 219 216 216 216 205 250 300 300 300 ]
cf = [ 67.4872 67.4872 19.259 19.259 19.259 19.259 19.259 11.7119 11.7119 65.7537 65.7537 65.7537 39.1001 27.6815 27.6815 27.6815 27.6815 27.6815 16.7494 53.8687 53.8687 53.8687 16.0139 16.0139 16.0139 23.3684 56.6553 39.8433 39.8433 39.8433 ]
c0 = [ 129 129 214 214 214 214 214 211 211 226 226 226 237 250 250 250 250 250 204 177 177 177 158 158 158 145 184 206 206 206 ]
cp = [ 22.2664 22.2664 29.2536 29.2536 29.2536 29.2536 29.2536 18.5067 18.5067 21.3576 21.3576 21.3576 16.5206 11.1904 11.1904 11.1904 11.1904 11.1904 17.2833 24.8386 24.8386 24.8386 29.5263 29.5263 29.5263 22.4036 19.8229 14.8325 14.8325 14.8325 ]
D = [ 1743 2071 2224 2677 2792 2987 3274 3294 3738 3902 4164 4293 4500 4914 5047 5075 5512 5713 5788 6259 6380 6593 6827 6946 7351 6801 6611 6185 6160 5784 5348 4992 4719 4566 4440 4695 4796 5369 5775 6095 6255 5867 5261 4924 4373 4030 3497 2806 2531 2657 2846 2857 3089 3500 3781 3932 4203 4422 4597 4656 5045 5134 5306 5573 5727 5879 5964 6222 6612 6853 7051 7235 7435 6911 6699 6540 6064 5875 5516 5097 4827 4448 4186 4693 5272 5483 5934 6575 6798 6169 5615 4971 4577 3987 3050 2602 ]
K = 12
nk = [ 1 1 2 2 2 2 2 3 3 4 4 4 5 6 6 6 6 6 7 8 8 8 9 9 9 10 11 12 12 12 ]
First = [ 1 0 1 0 0 0 0 1 0 1 0 0 1 1 0 0 0 0 1 1 0 0 1 0 0 1 1 1 0 0 ]
Last = [ 0 1 0 0 0 0 1 0 1 0 0 1 1 0 0 0 0 1 1 0 0 1 0 0 1 1 1 0 0 1 ]
nS = 1
S = [ 0 1 2 3 4 5 6 7 8 9 10 11 12 13 14 15 16 17 18 19 20 21 22 23 24 25 26 27 28 29 ]
