n = 30 ; 
T = 96 ; 
Init = [ 1 1 1 1 1 1 1 1 1 0 0 0 0 0 1 1 1 1 1 1 1 1 1 0 0 0 0 0 0 0 ]
L = [ 16 16 16 16 16 16 16 16 16 16 16 16 16 16 9 9 9 9 9 9 9 9 9 19 19 19 19 19 15 15 ]
l = [ 16 16 16 16 16 16 16 16 16 16 16 16 16 16 9 9 9 9 9 9 9 9 9 19 19 19 19 19 15 15 ]
Pmin = [ 89 89 89 89 89 89 89 89 89 88 88 88 88 88 41 41 41 41 41 41 41 41 41 98 98 98 98 98 85 85 ]
Pmax = [ 336 336 336 336 336 336 336 336 336 350 350 350 350 350 147 147 147 147 147 147 147 147 147 411 411 411 411 411 332 332 ]
cf = [ 41.5057 41.5057 41.5057 41.5057 41.5057 41.5057 41.5057 41.5057 41.5057 37.3309 37.3309 37.3309 37.3309 37.3309 28.954 28.954 28.954 28.954 28.954 28.954 28.954 28.954 28.954 63.9234 63.9234 63.9234 63.9234 63.9234 32.743 32.743 ]
c0 = [ 233 233 233 233 233 233 233 233 233 242 242 242 242 242 118 118 118 118 118 118 118 118 118 250 250 250 250 250 215 215 ]
cp = [ 19.3998 19.3998 19.3998 19.3998 19.3998 19.3998 19.3998 19.3998 19.3998 23.9274 23.9274 23.9274 23.9274 23.9274 30.7725 30.7725 30.7725 30.7725 30.7725 30.7725 30.7725 30.7725 30.7725 8.775 8.775 8.775 8.775 8.775 27.4994 27.4994 ]
D = [ 2514 2868 2948 3371 3453 3599 3951 3966 4090 4242 4663 4917 4852 5336 5467 5705 5806 6071 6222 6402 6405 6593 7100 7194 7193 6967 6802 6533 6035 6048 5486 5248 5066 4740 4376 4725 4994 5431 5952 6148 6540 6061 5442 5052 4507 4176 3476 2834 2539 2718 2858 3310 3260 3419 3662 3913 4150 4442 4799 4998 5214 5210 5673 5968 6127 6429 6406 6601 6798 7253 7418 7447 7717 7522 7218 6672 6335 6089 5658 5135 4846 4684 4038 4547 5041 5134 5672 5827 6341 5808 5440 4742 4334 3854 3227 2756 ]
K = 5
nk = [ 1 1 1 1 1 1 1 1 1 2 2 2 2 2 3 3 3 3 3 3 3 3 3 4 4 4 4 4 5 5 ]
First = [ 1 0 0 0 0 0 0 0 0 1 0 0 0 0 1 0 0 0 0 0 0 0 0 1 0 0 0 0 1 0 ]
Last = [ 0 0 0 0 0 0 0 0 1 0 0 0 0 1 0 0 0 0 0 0 0 0 1 0 0 0 0 1 0 1 ]
nS = 1
S = [ 0 1 2 3 4 5 6 7 8 9 10 11 12 13 14 15 16 17 18 19 20 21 22 23 24 25 26 27 28 29 ]
