n = 30 ; 
T = 96 ; 
Init = [ 1 1 1 1 1 1 0 0 0 0 0 0 0 0 0 0 0 0 1 1 1 1 1 1 1 0 0 0 0 0 ]
L = [ 16 16 16 11 11 11 16 16 16 16 16 16 16 16 16 15 15 15 15 15 15 15 15 15 15 16 16 16 16 19 ]
l = [ 16 16 16 11 11 11 16 16 16 16 16 16 16 16 16 15 15 15 15 15 15 15 15 15 15 16 16 16 16 19 ]
Pmin = [ 85 85 85 57 57 57 89 89 89 89 89 89 89 89 89 80 80 80 82 82 82 82 82 82 82 91 91 91 91 100 ]
Pmax = [ 337 337 337 235 235 235 361 361 361 361 361 361 361 361 361 316 316 316 312 312 312 312 312 312 312 354 354 354 354 414 ]
cf = [ 45.8766 45.8766 45.8766 13.8805 13.8805 13.8805 27.3566 27.3566 27.3566 27.3566 27.3566 27.3566 27.3566 27.3566 27.3566 69.0553 69.0553 69.0553 50.0496 50.0496 50.0496 50.0496 50.0496 50.0496 50.0496 68.427 68.427 68.427 68.427 9.8195 ]
c0 = [ 221 221 221 153 153 153 232 232 232 232 232 232 232 232 232 215 215 215 220 220 220 220 220 220 220 229 229 229 229 250 ]
cp = [ 23.1895 23.1895 23.1895 24.7863 24.7863 24.7863 11.6611 11.6611 11.6611 11.6611 11.6611 11.6611 11.6611 11.6611 11.6611 19.2569 19.2569 19.2569 14.7566 14.7566 14.7566 14.7566 14.7566 14.7566 14.7566 16.1282 16.1282 16.1282 16.1282 9.42696 ]
D = [ 2340 2618 2965 3084 3321 3419 3958 4159 4477 4641 5105 4994 5606 5590 6118 6106 6513 6569 6998 7329 7663 7758 8107 8127 8619 8202 7830 7513 7131 7057 6400 6330 5876 5305 5093 5389 5827 6270 6903 7397 7743 7142 6622 5882 5400 4749 4133 3400 2889 3100 3156 3741 3924 4006 4155 4608 4774 4800 5142 5478 5636 5841 6184 6354 6761 6769 6853 7266 7362 7711 7853 8303 8245 8058 7656 7156 6912 6731 6224 6010 5412 5127 4871 5046 5433 5917 6314 7033 7313 6807 6223 5814 5283 4413 3943 3589 ]
K = 7
nk = [ 1 1 1 2 2 2 3 3 3 3 3 3 3 3 3 4 4 4 5 5 5 5 5 5 5 6 6 6 6 7 ]
First = [ 1 0 0 1 0 0 1 0 0 0 0 0 0 0 0 1 0 0 1 0 0 0 0 0 0 1 0 0 0 1 ]
Last = [ 0 0 1 0 0 1 0 0 0 0 0 0 0 0 1 0 0 1 0 0 0 0 0 0 1 0 0 0 1 1 ]
nS = 1
S = [ 0 1 2 3 4 5 6 7 8 9 10 11 12 13 14 15 16 17 18 19 20 21 22 23 24 25 26 27 28 29 ]
