n = 30 ; 
T = 96 ; 
Init = [ 0 0 0 0 0 0 1 0 0 0 1 1 1 1 0 0 0 0 1 1 1 1 1 1 1 1 0 0 0 0 ]
L = [ 17 17 17 17 16 16 9 8 8 8 16 16 8 8 19 19 19 19 6 6 6 12 12 12 12 12 19 18 18 18 ]
l = [ 17 17 17 17 16 16 9 8 8 8 16 16 8 8 19 19 19 19 6 6 6 12 12 12 12 12 19 18 18 18 ]
Pmin = [ 97 97 97 97 81 81 47 33 33 33 94 94 39 39 100 100 100 100 30 30 30 58 58 58 58 58 100 92 92 92 ]
Pmax = [ 377 377 377 377 318 318 170 120 120 120 370 370 136 136 414 414 414 414 99 99 99 232 232 232 232 232 420 384 384 384 ]
cf = [ 39.3243 39.3243 39.3243 39.3243 62.7409 62.7409 14.3831 19.3462 19.3462 19.3462 16.6654 16.6654 33.0448 33.0448 39.0561 39.0561 39.0561 39.0561 65.0558 65.0558 65.0558 19.4597 19.4597 19.4597 19.4597 19.4597 19.3445 58.2821 58.2821 58.2821 ]
c0 = [ 250 250 250 250 206 206 139 95 95 95 243 243 112 112 250 250 250 250 99 99 99 164 164 164 164 164 250 242 242 242 ]
cp = [ 19.9037 19.9037 19.9037 19.9037 20.0017 20.0017 29.5156 20.9992 20.9992 20.9992 11.2727 11.2727 33.6627 33.6627 12.3683 12.3683 12.3683 12.3683 39.365 39.365 39.365 23.4777 23.4777 23.4777 23.4777 23.4777 10.2739 13.1075 13.1075 13.1075 ]
D = [ 1857 2244 2377 2471 2615 3083 3049 3484 3700 3844 3947 4400 4596 4680 5035 5286 5338 5631 5776 6049 6133 6444 6729 6869 7208 6645 6649 6369 5897 5653 5596 5201 4795 4658 4478 4528 4835 5266 5538 5513 5875 5263 5039 4277 3870 3453 2728 2160 1832 2042 2223 2573 2719 2886 3365 3534 3576 3926 4290 4462 4564 4720 4941 5217 5721 5659 6039 6112 6341 6808 6989 7317 7574 7153 6774 6540 6125 5794 5715 5378 5022 4554 4332 4511 4934 5245 5692 5923 6014 5799 5176 4677 4383 3746 3288 2928 ]
K = 11
nk = [ 1 1 1 1 2 2 3 4 4 4 5 5 6 6 7 7 7 7 8 8 8 9 9 9 9 9 10 11 11 11 ]
First = [ 1 0 0 0 1 0 1 1 0 0 1 0 1 0 1 0 0 0 1 0 0 1 0 0 0 0 1 1 0 0 ]
Last = [ 0 0 0 1 0 1 1 0 0 1 0 1 0 1 0 0 0 1 0 0 1 0 0 0 0 1 1 0 0 1 ]
nS = 1
S = [ 0 1 2 3 4 5 6 7 8 9 10 11 12 13 14 15 16 17 18 19 20 21 22 23 24 25 26 27 28 29 ]
