n = 30 ; 
T = 96 ; 
Init = [ 0 0 0 0 1 1 1 1 0 1 0 0 0 0 0 0 0 1 1 1 0 1 1 0 1 1 1 1 1 1 ]
L = [ 12 12 12 9 5 5 5 5 6 15 13 13 13 8 8 8 13 9 9 9 16 14 14 4 6 6 6 6 6 6 ]
l = [ 12 12 12 9 5 5 5 5 6 15 13 13 13 8 8 8 13 9 9 9 16 14 14 4 6 6 6 6 6 6 ]
Pmin = [ 59 59 59 48 22 22 22 22 24 80 65 65 65 45 45 45 69 48 48 48 88 74 74 13 32 32 32 32 32 32 ]
Pmax = [ 233 233 233 169 56 56 56 56 78 306 235 235 235 168 168 168 264 171 171 171 369 285 285 30 116 116 116 116 116 116 ]
cf = [ 29.857 29.857 29.857 49.448 34.326 34.326 34.326 34.326 25.8054 14.4351 21.5971 21.5971 21.5971 64.0517 64.0517 64.0517 32.6673 30.5541 30.5541 30.5541 12.6666 22.1198 22.1198 40.9871 57.6196 57.6196 57.6196 57.6196 57.6196 57.6196 ]
c0 = [ 168 168 168 138 85 85 85 85 78 220 180 180 180 125 125 125 180 129 129 129 241 191 191 57 89 89 89 89 89 89 ]
cp = [ 25.0134 25.0134 25.0134 32.7982 40.21 40.21 40.21 40.21 38.0907 23.9243 25.5284 25.5284 25.5284 37.9495 37.9495 37.9495 21.5852 30.1014 30.1014 30.1014 11.5196 34.1383 34.1383 41.0058 39.1502 39.1502 39.1502 39.1502 39.1502 39.1502 ]
D = [ 1268 1437 1383 1558 1721 1814 2020 2244 2391 2496 2637 2797 2946 2901 3080 3166 3454 3585 3677 3839 3967 4172 4282 4260 4482 4386 4102 3908 3784 3508 3395 3207 2962 2863 2713 2841 3046 3107 3322 3536 3770 3333 3120 2915 2500 2329 1867 1603 1411 1466 1718 1735 1892 1927 2002 2270 2375 2443 2649 2631 2730 2899 3125 3119 3336 3406 3467 3737 3672 3814 3952 4206 4170 4045 3919 3788 3503 3474 3188 3125 2828 2676 2512 2834 2973 3140 3408 3534 3856 3496 3180 2972 2662 2249 1918 1708 ]
K = 13
nk = [ 1 1 1 2 3 3 3 3 4 5 6 6 6 7 7 7 8 9 9 9 10 11 11 12 13 13 13 13 13 13 ]
First = [ 1 0 0 1 1 0 0 0 1 1 1 0 0 1 0 0 1 1 0 0 1 1 0 1 1 0 0 0 0 0 ]
Last = [ 0 0 1 1 0 0 0 1 1 1 0 0 1 0 0 1 1 0 0 1 1 0 1 1 0 0 0 0 0 1 ]
nS = 1
S = [ 0 1 2 3 4 5 6 7 8 9 10 11 12 13 14 15 16 17 18 19 20 21 22 23 24 25 26 27 28 29 ]
