n = 30 ; 
T = 96 ; 
Init = [ 1 0 0 0 0 0 0 0 0 1 1 1 1 1 1 1 1 1 0 0 0 0 0 0 0 0 1 1 1 1 ]
L = [ 13 9 9 9 9 9 9 9 9 16 16 16 16 16 16 16 16 16 10 10 10 10 10 10 10 10 11 11 11 4 ]
l = [ 13 9 9 9 9 9 9 9 9 16 16 16 16 16 16 16 16 16 10 10 10 10 10 10 10 10 11 11 11 4 ]
Pmin = [ 68 48 48 48 48 48 48 48 48 89 89 89 89 89 89 89 89 89 48 48 48 48 48 48 48 48 65 65 65 18 ]
Pmax = [ 272 173 173 173 173 173 173 173 173 345 345 345 345 345 345 345 345 345 192 192 192 192 192 192 192 192 233 233 233 35 ]
cf = [ 54.5856 48.231 48.231 48.231 48.231 48.231 48.231 48.231 48.231 66.0875 66.0875 66.0875 66.0875 66.0875 66.0875 66.0875 66.0875 66.0875 15.2987 15.2987 15.2987 15.2987 15.2987 15.2987 15.2987 15.2987 51.3997 51.3997 51.3997 49.7317 ]
c0 = [ 181 141 141 141 141 141 141 141 141 233 233 233 233 233 233 233 233 233 127 127 127 127 127 127 127 127 181 181 181 58 ]
cp = [ 25.3156 37.2324 37.2324 37.2324 37.2324 37.2324 37.2324 37.2324 37.2324 17.4995 17.4995 17.4995 17.4995 17.4995 17.4995 17.4995 17.4995 17.4995 35.6574 35.6574 35.6574 35.6574 35.6574 35.6574 35.6574 35.6574 27.0375 27.0375 27.0375 37.1244 ]
D = [ 1933 1945 2320 2295 2645 2714 2934 3035 3209 3319 3678 3618 3957 4209 4274 4481 4718 4743 4940 5272 5449 5419 5548 5800 6147 5773 5648 5250 5051 4771 4391 4245 4086 3624 3562 3856 4130 4390 4612 5166 5363 4977 4507 3795 3487 2908 2509 1984 1498 1808 1797 1935 2371 2495 2685 2811 3086 3100 3318 3663 3866 4070 4100 4255 4655 4650 4976 5192 5201 5581 5692 5888 6072 5677 5445 5274 4995 4804 4539 4049 3977 3509 3248 3712 4030 4341 4458 4860 4994 4697 4250 3955 3390 3063 2731 2093 ]
K = 6
nk = [ 1 2 2 2 2 2 2 2 2 3 3 3 3 3 3 3 3 3 4 4 4 4 4 4 4 4 5 5 5 6 ]
First = [ 1 1 0 0 0 0 0 0 0 1 0 0 0 0 0 0 0 0 1 0 0 0 0 0 0 0 1 0 0 1 ]
Last = [ 1 0 0 0 0 0 0 0 1 0 0 0 0 0 0 0 0 1 0 0 0 0 0 0 0 1 0 0 1 1 ]
nS = 1
S = [ 0 1 2 3 4 5 6 7 8 9 10 11 12 13 14 15 16 17 18 19 20 21 22 23 24 25 26 27 28 29 ]
