n = 30 ; 
T = 96 ; 
Init = [ 1 1 1 1 1 1 0 0 0 0 0 0 1 1 1 1 0 0 1 1 1 1 0 0 0 1 1 1 1 1 ]
L = [ 14 14 14 6 6 6 6 6 6 6 18 18 7 7 7 7 19 13 8 16 16 16 19 8 8 14 14 9 9 9 ]
l = [ 14 14 14 6 6 6 6 6 6 6 18 18 7 7 7 7 19 13 8 16 16 16 19 8 8 14 14 9 9 9 ]
Pmin = [ 82 82 82 32 32 32 33 33 33 33 100 100 41 41 41 41 100 74 41 91 91 91 100 37 37 76 76 44 44 44 ]
Pmax = [ 305 305 305 87 87 87 92 92 92 92 401 401 139 139 139 139 405 272 158 351 351 351 399 141 141 294 294 171 171 171 ]
cf = [ 24.2577 24.2577 24.2577 50.5203 50.5203 50.5203 66.1457 66.1457 66.1457 66.1457 18.8106 18.8106 17.2408 17.2408 17.2408 17.2408 23.6966 53.6746 33.9369 34.9033 34.9033 34.9033 35.5803 33.7939 33.7939 21.8221 21.8221 28.1094 28.1094 28.1094 ]
c0 = [ 219 219 219 106 106 106 111 111 111 111 250 250 117 117 117 117 250 193 114 244 244 244 250 118 118 212 212 127 127 127 ]
cp = [ 15.5308 15.5308 15.5308 37.2645 37.2645 37.2645 35.8356 35.8356 35.8356 35.8356 11.3126 11.3126 32.4743 32.4743 32.4743 32.4743 8.5368 16.705 34.7036 15.472 15.472 15.472 8.82294 26.8619 26.8619 21.4602 21.4602 31.6763 31.6763 31.6763 ]
D = [ 1500 1508 1644 1838 2113 2251 2437 2400 2564 2918 2924 3051 3226 3599 3603 3702 4015 4098 4248 4604 4526 4922 5058 5015 5415 5189 4791 4601 4496 4178 4100 3845 3636 3531 3307 3441 3807 4100 4297 4665 4887 4515 4174 3734 3311 3073 2569 2297 1855 1891 2122 2275 2384 2634 2629 2893 3011 3222 3223 3445 3641 3754 3794 3998 4286 4408 4549 4591 4760 4850 5120 5177 5415 5186 4960 4718 4536 4402 4267 3842 3858 3541 3383 3574 3836 4264 4570 4801 5027 4519 4158 3766 3485 3013 2676 2271 ]
K = 13
nk = [ 1 1 1 2 2 2 3 3 3 3 4 4 5 5 5 5 6 7 8 9 9 9 10 11 11 12 12 13 13 13 ]
First = [ 1 0 0 1 0 0 1 0 0 0 1 0 1 0 0 0 1 1 1 1 0 0 1 1 0 1 0 1 0 0 ]
Last = [ 0 0 1 0 0 1 0 0 0 1 0 1 0 0 0 1 1 1 1 0 0 1 1 0 1 0 1 0 0 1 ]
nS = 1
S = [ 0 1 2 3 4 5 6 7 8 9 10 11 12 13 14 15 16 17 18 19 20 21 22 23 24 25 26 27 28 29 ]
