n = 30 ; 
T = 96 ; 
Init = [ 1 1 1 1 1 1 1 1 1 1 0 0 0 0 0 1 1 1 1 1 1 1 0 0 0 0 0 1 1 1 ]
L = [ 16 16 16 16 10 10 10 10 10 10 18 18 18 18 18 6 6 6 6 6 6 6 10 10 10 10 10 6 10 10 ]
l = [ 16 16 16 16 10 10 10 10 10 10 18 18 18 18 18 6 6 6 6 6 6 6 10 10 10 10 10 6 10 10 ]
Pmin = [ 89 89 89 89 50 50 50 50 50 50 95 95 95 95 95 26 26 26 26 26 26 26 60 60 60 60 60 28 53 53 ]
Pmax = [ 341 341 341 341 203 203 203 203 203 203 382 382 382 382 382 90 90 90 90 90 90 90 213 213 213 213 213 94 196 196 ]
cf = [ 10.3078 10.3078 10.3078 10.3078 50.3159 50.3159 50.3159 50.3159 50.3159 50.3159 62.4942 62.4942 62.4942 62.4942 62.4942 30.3778 30.3778 30.3778 30.3778 30.3778 30.3778 30.3778 68.304 68.304 68.304 68.304 68.304 66.021 38.6668 38.6668 ]
c0 = [ 243 243 243 243 151 151 151 151 151 151 245 245 245 245 245 79 79 79 79 79 79 79 155 155 155 155 155 82 153 153 ]
cp = [ 14.6734 14.6734 14.6734 14.6734 36.9301 36.9301 36.9301 36.9301 36.9301 36.9301 11.2797 11.2797 11.2797 11.2797 11.2797 38.7113 38.7113 38.7113 38.7113 38.7113 38.7113 38.7113 22.4002 22.4002 22.4002 22.4002 22.4002 37.7922 38.4778 38.4778 ]
D = [ 1292 1647 1665 2032 2097 2232 2435 2821 2876 3065 3386 3350 3543 3902 3930 4357 4318 4510 4770 4965 5113 5480 5478 5694 5862 5748 5360 5146 4749 4533 4263 4010 3691 3514 3170 3570 3918 4166 4494 4705 5218 4643 4129 3878 3205 2794 2512 1875 1567 1765 1798 2021 2098 2453 2546 2676 3029 3137 3216 3393 3693 3860 4073 4041 4225 4604 4773 4835 4886 5258 5367 5460 5736 5507 5222 5050 4641 4355 4333 4085 3822 3392 3192 3599 3849 4068 4163 4592 4745 4380 3914 3561 3188 2761 2469 2106 ]
K = 7
nk = [ 1 1 1 1 2 2 2 2 2 2 3 3 3 3 3 4 4 4 4 4 4 4 5 5 5 5 5 6 7 7 ]
First = [ 1 0 0 0 1 0 0 0 0 0 1 0 0 0 0 1 0 0 0 0 0 0 1 0 0 0 0 1 1 0 ]
Last = [ 0 0 0 1 0 0 0 0 0 1 0 0 0 0 1 0 0 0 0 0 0 1 0 0 0 0 1 1 0 1 ]
nS = 1
S = [ 0 1 2 3 4 5 6 7 8 9 10 11 12 13 14 15 16 17 18 19 20 21 22 23 24 25 26 27 28 29 ]
