n = 30 ; 
T = 96 ; 
Init = [ 0 0 0 0 0 0 0 0 0 0 0 0 0 0 0 0 0 1 1 1 1 1 1 1 1 1 1 1 1 1 ]
L = [ 18 18 18 18 18 18 18 18 18 5 8 8 8 8 8 8 8 12 12 12 12 12 12 12 12 12 12 12 12 4 ]
l = [ 18 18 18 18 18 18 18 18 18 5 8 8 8 8 8 8 8 12 12 12 12 12 12 12 12 12 12 12 12 4 ]
Pmin = [ 100 100 100 100 100 100 100 100 100 30 42 42 42 42 42 42 42 66 66 66 66 66 66 66 66 66 66 66 68 12 ]
Pmax = [ 396 396 396 396 396 396 396 396 396 85 143 143 143 143 143 143 143 251 251 251 251 251 251 251 251 251 251 251 251 22 ]
cf = [ 60.131 60.131 60.131 60.131 60.131 60.131 60.131 60.131 60.131 10.6526 39.4358 39.4358 39.4358 39.4358 39.4358 39.4358 39.4358 65.1552 65.1552 65.1552 65.1552 65.1552 65.1552 65.1552 65.1552 65.1552 65.1552 65.1552 64.0527 59.6026 ]
c0 = [ 250 250 250 250 250 250 250 250 250 101 114 114 114 114 114 114 114 187 187 187 187 187 187 187 187 187 187 187 180 56 ]
cp = [ 11.9033 11.9033 11.9033 11.9033 11.9033 11.9033 11.9033 11.9033 11.9033 38.7753 30.4105 30.4105 30.4105 30.4105 30.4105 30.4105 30.4105 26.6454 26.6454 26.6454 26.6454 26.6454 26.6454 26.6454 26.6454 26.6454 26.6454 26.6454 12.9407 41.8189 ]
D = [ 2290 2346 2527 2845 3093 3018 3199 3538 3506 3728 3911 4291 4429 4608 4594 4993 5142 5351 5277 5465 5690 5884 6249 6287 6348 6250 5922 5767 5401 5282 4856 4522 4283 4169 3976 4076 4593 4979 5242 5549 5674 5472 4897 4513 4007 3549 3080 2546 2077 2214 2356 2836 2902 3148 3211 3416 3801 3788 4011 4234 4285 4599 4714 5142 5095 5506 5436 5648 5945 6259 6426 6419 6725 6347 6210 5786 5655 5293 4936 4624 4515 4108 3776 4187 4787 4972 5396 5882 6169 5732 5047 4609 3986 3531 3022 2467 ]
K = 6
nk = [ 1 1 1 1 1 1 1 1 1 2 3 3 3 3 3 3 3 4 4 4 4 4 4 4 4 4 4 4 5 6 ]
First = [ 1 0 0 0 0 0 0 0 0 1 1 0 0 0 0 0 0 1 0 0 0 0 0 0 0 0 0 0 1 1 ]
Last = [ 0 0 0 0 0 0 0 0 1 1 0 0 0 0 0 0 1 0 0 0 0 0 0 0 0 0 0 1 1 1 ]
nS = 1
S = [ 0 1 2 3 4 5 6 7 8 9 10 11 12 13 14 15 16 17 18 19 20 21 22 23 24 25 26 27 28 29 ]
