n = 30 ; 
T = 96 ; 
Init = [ 0 0 0 0 0 0 0 0 0 0 0 0 0 0 0 0 0 1 1 1 1 1 1 1 1 1 1 1 1 1 ]
L = [ 13 13 13 13 13 13 16 16 16 16 16 16 16 16 16 16 16 4 4 4 4 4 4 4 4 4 14 14 14 14 ]
l = [ 13 13 13 13 13 13 16 16 16 16 16 16 16 16 16 16 16 4 4 4 4 4 4 4 4 4 14 14 14 14 ]
Pmin = [ 67 67 67 67 67 67 91 91 91 91 91 91 91 91 91 91 91 24 24 24 24 24 24 24 24 24 80 80 80 80 ]
Pmax = [ 241 241 241 241 241 241 352 352 352 352 352 352 352 352 352 352 352 65 65 65 65 65 65 65 65 65 300 300 300 300 ]
cf = [ 39.3336 39.3336 39.3336 39.3336 39.3336 39.3336 14.4702 14.4702 14.4702 14.4702 14.4702 14.4702 14.4702 14.4702 14.4702 14.4702 14.4702 65.0849 65.0849 65.0849 65.0849 65.0849 65.0849 65.0849 65.0849 65.0849 48.2727 48.2727 48.2727 48.2727 ]
c0 = [ 177 177 177 177 177 177 244 244 244 244 244 244 244 244 244 244 244 71 71 71 71 71 71 71 71 71 221 221 221 221 ]
cp = [ 28.0233 28.0233 28.0233 28.0233 28.0233 28.0233 21.8084 21.8084 21.8084 21.8084 21.8084 21.8084 21.8084 21.8084 21.8084 21.8084 21.8084 40.809 40.809 40.809 40.809 40.809 40.809 40.809 40.809 40.809 20.7848 20.7848 20.7848 20.7848 ]
D = [ 2018 2114 2295 2663 2863 2764 3056 3148 3486 3491 3769 3993 4034 4169 4610 4642 4852 5006 5255 5348 5582 5693 5738 6000 6157 5917 5580 5411 5226 4969 4567 4248 3911 3799 3389 3717 4256 4602 4848 5265 5725 5226 4559 4319 3779 3094 2711 2206 1857 1951 2214 2189 2506 2593 2660 2996 3242 3267 3543 3669 3844 4085 4102 4259 4382 4737 4705 5098 5271 5201 5539 5795 5827 5731 5351 5145 4946 4687 4310 4162 3827 3542 3484 3873 4084 4502 4773 5059 5331 4946 4425 4223 3625 3235 2735 2374 ]
K = 4
nk = [ 1 1 1 1 1 1 2 2 2 2 2 2 2 2 2 2 2 3 3 3 3 3 3 3 3 3 4 4 4 4 ]
First = [ 1 0 0 0 0 0 1 0 0 0 0 0 0 0 0 0 0 1 0 0 0 0 0 0 0 0 1 0 0 0 ]
Last = [ 0 0 0 0 0 1 0 0 0 0 0 0 0 0 0 0 1 0 0 0 0 0 0 0 0 1 0 0 0 1 ]
nS = 1
S = [ 0 1 2 3 4 5 6 7 8 9 10 11 12 13 14 15 16 17 18 19 20 21 22 23 24 25 26 27 28 29 ]
