n = 30 ; 
T = 96 ; 
Init = [ 1 1 1 1 1 1 0 1 1 0 0 0 0 0 0 1 1 0 0 1 1 1 1 1 1 1 1 1 1 1 ]
L = [ 17 17 17 15 15 15 11 16 16 14 14 14 14 14 14 7 7 4 4 19 15 15 15 15 15 15 17 17 17 17 ]
l = [ 17 17 17 15 15 15 11 16 16 14 14 14 14 14 14 7 7 4 4 19 15 15 15 15 15 15 17 17 17 17 ]
Pmin = [ 90 90 90 82 82 82 57 84 84 79 79 79 79 79 79 33 33 15 15 100 83 83 83 83 83 83 95 95 95 95 ]
Pmax = [ 340 340 340 305 305 305 208 348 348 306 306 306 306 306 306 107 107 46 46 420 327 327 327 327 327 327 367 367 367 367 ]
cf = [ 55.8434 55.8434 55.8434 60.5985 60.5985 60.5985 45.7453 67.7297 67.7297 52.2906 52.2906 52.2906 52.2906 52.2906 52.2906 57.8006 57.8006 55.7168 55.7168 14.8222 17.2908 17.2908 17.2908 17.2908 17.2908 17.2908 43.0735 43.0735 43.0735 43.0735 ]
c0 = [ 233 233 233 209 209 209 150 231 231 205 205 205 205 205 205 107 107 57 57 250 226 226 226 226 226 226 250 250 250 250 ]
cp = [ 13.8536 13.8536 13.8536 33.5187 33.5187 33.5187 24.6617 20.1959 20.1959 16.2708 16.2708 16.2708 16.2708 16.2708 16.2708 29.7079 29.7079 38.4118 38.4118 13.2925 16.7938 16.7938 16.7938 16.7938 16.7938 16.7938 24.8159 24.8159 24.8159 24.8159 ]
D = [ 1794 2210 2481 2569 2998 3060 3295 3491 3861 4280 4537 4761 4867 5238 5407 5671 5975 5979 6314 6548 6858 6942 7273 7480 7732 7288 7165 6776 6493 6158 5808 5599 5437 5113 4748 5120 5316 5643 6320 6643 7146 6487 5792 5162 4630 3861 3251 2780 2153 2350 2502 2798 2830 3259 3230 3593 3984 4056 4217 4596 4616 4759 4945 5257 5688 5808 5881 6261 6295 6698 6801 7029 7077 6837 6537 6548 6082 5802 5744 5492 5197 4724 4555 5115 5541 5813 6171 6774 6906 6501 5855 5084 4609 3936 3263 2653 ]
K = 10
nk = [ 1 1 1 2 2 2 3 4 4 5 5 5 5 5 5 6 6 7 7 8 9 9 9 9 9 9 10 10 10 10 ]
First = [ 1 0 0 1 0 0 1 1 0 1 0 0 0 0 0 1 0 1 0 1 1 0 0 0 0 0 1 0 0 0 ]
Last = [ 0 0 1 0 0 1 1 0 1 0 0 0 0 0 1 0 1 0 1 1 0 0 0 0 0 1 0 0 0 1 ]
nS = 1
S = [ 0 1 2 3 4 5 6 7 8 9 10 11 12 13 14 15 16 17 18 19 20 21 22 23 24 25 26 27 28 29 ]
