n = 30 ; 
T = 96 ; 
Init = [ 0 0 0 0 0 0 0 0 1 1 1 1 0 0 0 0 0 1 1 1 1 1 1 0 0 1 1 1 1 1 ]
L = [ 18 18 18 18 18 18 18 18 10 10 10 10 6 6 6 6 6 16 16 16 16 16 16 5 5 14 14 14 14 14 ]
l = [ 18 18 18 18 18 18 18 18 10 10 10 10 6 6 6 6 6 16 16 16 16 16 16 5 5 14 14 14 14 14 ]
Pmin = [ 98 98 93 93 93 93 93 93 56 56 56 56 24 24 24 24 24 87 87 87 87 87 87 16 16 75 75 75 75 75 ]
Pmax = [ 395 395 386 386 386 386 386 386 204 204 204 204 89 89 89 89 89 347 347 347 347 347 347 46 46 299 299 299 299 299 ]
cf = [ 53.2515 53.2515 38.9926 38.9926 38.9926 38.9926 38.9926 38.9926 20.2542 20.2542 20.2542 20.2542 32.7127 32.7127 32.7127 32.7127 32.7127 63.2066 63.2066 63.2066 63.2066 63.2066 63.2066 32.4703 32.4703 36.5649 36.5649 36.5649 36.5649 36.5649 ]
c0 = [ 250 250 236 236 236 236 236 236 161 161 161 161 78 78 78 78 78 223 223 223 223 223 223 50 50 203 203 203 203 203 ]
cp = [ 15.6062 15.6062 13.6011 13.6011 13.6011 13.6011 13.6011 13.6011 29.9348 29.9348 29.9348 29.9348 38.8777 38.8777 38.8777 38.8777 38.8777 24.7213 24.7213 24.7213 24.7213 24.7213 24.7213 40.4617 40.4617 18.1671 18.1671 18.1671 18.1671 18.1671 ]
D = [ 2227 2253 2436 2678 2848 3297 3498 3696 3841 4011 4105 4405 4660 4976 4883 5202 5388 5721 5984 6188 6394 6421 6695 6876 7227 6927 6331 6045 5947 5647 5315 4932 4451 4093 4066 4245 4826 5168 5338 5856 6160 5678 5108 4601 4226 3677 3281 2885 2194 2414 2708 3064 3007 3334 3591 3554 3867 4060 4182 4457 4621 4864 5020 5147 5503 5477 5850 5883 6088 6434 6573 6709 6818 6540 6233 5982 5784 5530 5237 4863 4637 4124 3914 4106 4716 4916 5200 5609 6131 5478 5103 4409 4129 3396 2957 2519 ]
K = 7
nk = [ 1 1 2 2 2 2 2 2 3 3 3 3 4 4 4 4 4 5 5 5 5 5 5 6 6 7 7 7 7 7 ]
First = [ 1 0 1 0 0 0 0 0 1 0 0 0 1 0 0 0 0 1 0 0 0 0 0 1 0 1 0 0 0 0 ]
Last = [ 0 1 0 0 0 0 0 1 0 0 0 1 0 0 0 0 1 0 0 0 0 0 1 0 1 0 0 0 0 1 ]
nS = 1
S = [ 0 1 2 3 4 5 6 7 8 9 10 11 12 13 14 15 16 17 18 19 20 21 22 23 24 25 26 27 28 29 ]
