n = 30 ; 
T = 96 ; 
Init = [ 0 0 1 1 1 1 1 1 1 1 1 0 0 0 0 0 1 0 0 0 0 0 0 0 0 0 0 0 1 1 ]
L = [ 14 14 12 12 12 12 12 12 12 12 12 10 10 10 10 10 19 10 10 10 10 10 10 10 10 10 10 10 11 11 ]
l = [ 14 14 12 12 12 12 12 12 12 12 12 10 10 10 10 10 19 10 10 10 10 10 10 10 10 10 10 10 11 11 ]
Pmin = [ 71 71 58 58 58 58 58 58 58 58 58 50 50 50 50 50 96 51 51 51 51 51 51 51 51 51 51 51 65 65 ]
Pmax = [ 282 282 225 225 225 225 225 225 225 225 225 200 200 200 200 200 392 191 191 191 191 191 191 191 191 191 191 191 235 235 ]
cf = [ 45.8396 45.8396 36.5432 36.5432 36.5432 36.5432 36.5432 36.5432 36.5432 36.5432 36.5432 36.1723 36.1723 36.1723 36.1723 36.1723 68.8031 14.3009 14.3009 14.3009 14.3009 14.3009 14.3009 14.3009 14.3009 14.3009 14.3009 14.3009 39.0418 39.0418 ]
c0 = [ 193 193 168 168 168 168 168 168 168 168 168 138 138 138 138 138 250 133 133 133 133 133 133 133 133 133 133 133 182 182 ]
cp = [ 16.3998 16.3998 21.0096 21.0096 21.0096 21.0096 21.0096 21.0096 21.0096 21.0096 21.0096 26.2159 26.2159 26.2159 26.2159 26.2159 9.80237 24.4449 24.4449 24.4449 24.4449 24.4449 24.4449 24.4449 24.4449 24.4449 24.4449 24.4449 27.3115 27.3115 ]
D = [ 1441 1426 1754 1857 2085 2292 2318 2726 2811 2912 3261 3419 3594 3735 3735 4089 4213 4406 4570 4594 4769 5023 5215 5414 5635 5404 5182 4970 4671 4417 4301 3968 3786 3558 3415 3789 4097 4308 4651 4868 5266 4801 4280 3957 3457 3022 2614 2061 1735 1918 1934 2069 2245 2527 2579 2716 2835 3032 3202 3309 3578 3571 3958 3886 4194 4247 4544 4555 4778 4921 5123 5078 5242 5216 4814 4620 4317 4188 4079 3779 3683 3442 3128 3308 3709 4070 4238 4610 4757 4479 4078 3615 3180 2755 2334 1796 ]
K = 6
nk = [ 1 1 2 2 2 2 2 2 2 2 2 3 3 3 3 3 4 5 5 5 5 5 5 5 5 5 5 5 6 6 ]
First = [ 1 0 1 0 0 0 0 0 0 0 0 1 0 0 0 0 1 1 0 0 0 0 0 0 0 0 0 0 1 0 ]
Last = [ 0 1 0 0 0 0 0 0 0 0 1 0 0 0 0 1 1 0 0 0 0 0 0 0 0 0 0 1 0 1 ]
nS = 1
S = [ 0 1 2 3 4 5 6 7 8 9 10 11 12 13 14 15 16 17 18 19 20 21 22 23 24 25 26 27 28 29 ]
