n = 30 ; 
T = 96 ; 
Init = [ 1 1 1 1 1 1 1 0 0 0 0 1 1 1 1 1 1 1 1 1 1 1 1 1 1 1 1 1 1 1 ]
L = [ 9 9 9 9 9 18 18 11 11 11 11 19 19 19 19 7 7 7 7 7 7 7 7 8 8 8 8 18 18 18 ]
l = [ 9 9 9 9 9 18 18 11 11 11 11 19 19 19 19 7 7 7 7 7 7 7 7 8 8 8 8 18 18 18 ]
Pmin = [ 49 49 49 49 49 98 98 51 51 51 51 99 99 99 99 38 38 38 38 38 38 38 38 42 42 42 42 92 92 92 ]
Pmax = [ 163 163 163 163 163 400 400 209 209 209 209 412 412 412 412 133 133 133 133 133 133 133 133 138 138 138 138 374 374 374 ]
cf = [ 57.1949 57.1949 57.1949 57.1949 57.1949 49.7492 49.7492 10.7421 10.7421 10.7421 10.7421 43.4824 43.4824 43.4824 43.4824 58.9922 58.9922 58.9922 58.9922 58.9922 58.9922 58.9922 58.9922 29.3942 29.3942 29.3942 29.3942 59.7223 59.7223 59.7223 ]
c0 = [ 131 131 131 131 131 250 250 151 151 151 151 250 250 250 250 109 109 109 109 109 109 109 109 117 117 117 117 250 250 250 ]
cp = [ 38.1337 38.1337 38.1337 38.1337 38.1337 10.4121 10.4121 19.7003 19.7003 19.7003 19.7003 10.6248 10.6248 10.6248 10.6248 29.7127 29.7127 29.7127 29.7127 29.7127 29.7127 29.7127 29.7127 37.0364 37.0364 37.0364 37.0364 17.9643 17.9643 17.9643 ]
D = [ 1788 1985 2080 2229 2475 2502 2733 2794 3077 3126 3338 3602 3858 3964 4096 4373 4444 4561 4751 4918 5112 5288 5375 5804 5917 5551 5327 5209 4784 4439 4385 3970 3922 3517 3351 3696 4012 4223 4729 4881 5242 5042 4538 3961 3694 3150 2951 2583 1986 2232 2291 2565 2569 2764 3142 3055 3451 3394 3515 3760 4066 4194 4417 4324 4621 4659 4862 5095 5312 5348 5450 5806 5780 5499 5240 5019 4775 4618 4355 4062 3718 3627 3175 3519 3760 4097 4467 4670 5063 4639 4174 3685 3229 2826 2357 2037 ]
K = 7
nk = [ 1 1 1 1 1 2 2 3 3 3 3 4 4 4 4 5 5 5 5 5 5 5 5 6 6 6 6 7 7 7 ]
First = [ 1 0 0 0 0 1 0 1 0 0 0 1 0 0 0 1 0 0 0 0 0 0 0 1 0 0 0 1 0 0 ]
Last = [ 0 0 0 0 1 0 1 0 0 0 1 0 0 0 1 0 0 0 0 0 0 0 1 0 0 0 1 0 0 1 ]
nS = 1
S = [ 0 1 2 3 4 5 6 7 8 9 10 11 12 13 14 15 16 17 18 19 20 21 22 23 24 25 26 27 28 29 ]
