n = 30 ; 
T = 96 ; 
Init = [ 1 1 1 1 1 1 1 1 1 0 0 0 0 0 0 1 1 1 1 1 1 1 1 1 1 1 1 1 1 1 ]
L = [ 7 7 13 13 13 13 13 13 13 12 12 12 12 12 12 15 15 15 17 17 17 17 17 6 6 6 6 6 6 6 ]
l = [ 7 7 13 13 13 13 13 13 13 12 12 12 12 12 12 15 15 15 17 17 17 17 17 6 6 6 6 6 6 6 ]
Pmin = [ 38 38 73 73 73 73 73 73 73 64 64 64 64 64 64 77 77 77 91 91 91 91 91 28 28 28 28 28 28 28 ]
Pmax = [ 112 112 268 268 268 268 268 268 268 242 242 242 242 242 242 297 297 297 377 377 377 377 377 96 96 96 96 96 96 96 ]
cf = [ 26.2559 26.2559 21.7054 21.7054 21.7054 21.7054 21.7054 21.7054 21.7054 68.9107 68.9107 68.9107 68.9107 68.9107 68.9107 28.4848 28.4848 28.4848 11.0512 11.0512 11.0512 11.0512 11.0512 43.2953 43.2953 43.2953 43.2953 43.2953 43.2953 43.2953 ]
c0 = [ 108 108 186 186 186 186 186 186 186 165 165 165 165 165 165 212 212 212 242 242 242 242 242 82 82 82 82 82 82 82 ]
cp = [ 31.8091 31.8091 20.8231 20.8231 20.8231 20.8231 20.8231 20.8231 20.8231 23.3961 23.3961 23.3961 23.3961 23.3961 23.3961 21.0839 21.0839 21.0839 13.8664 13.8664 13.8664 13.8664 13.8664 37.6697 37.6697 37.6697 37.6697 37.6697 37.6697 37.6697 ]
D = [ 1410 1686 1901 1983 2046 2391 2415 2650 2776 3144 3268 3406 3583 3871 3853 3987 4305 4532 4519 4670 4861 5190 5201 5431 5616 5353 5240 5014 4827 4673 4507 4320 3987 3862 3583 3851 4048 4331 4659 4808 5004 4603 4316 3835 3268 2789 2546 2123 1460 1722 1792 2011 2357 2397 2626 2734 2804 3042 3294 3436 3591 3875 3979 4180 4277 4573 4734 4873 5046 5169 5464 5602 5646 5548 5291 4936 4835 4612 4145 4157 3743 3453 3231 3584 4033 4459 4747 5094 5307 4821 4285 3907 3533 2928 2299 1849 ]
K = 6
nk = [ 1 1 2 2 2 2 2 2 2 3 3 3 3 3 3 4 4 4 5 5 5 5 5 6 6 6 6 6 6 6 ]
First = [ 1 0 1 0 0 0 0 0 0 1 0 0 0 0 0 1 0 0 1 0 0 0 0 1 0 0 0 0 0 0 ]
Last = [ 0 1 0 0 0 0 0 0 1 0 0 0 0 0 1 0 0 1 0 0 0 0 1 0 0 0 0 0 0 1 ]
nS = 1
S = [ 0 1 2 3 4 5 6 7 8 9 10 11 12 13 14 15 16 17 18 19 20 21 22 23 24 25 26 27 28 29 ]
