n = 30 ; 
T = 96 ; 
Init = [ 1 1 1 1 1 1 1 1 1 1 1 1 1 0 0 1 1 1 1 0 0 0 0 0 0 0 0 0 0 0 ]
L = [ 15 15 15 15 15 15 8 8 8 8 8 8 8 14 14 18 18 18 18 7 7 7 10 10 10 10 10 10 10 10 ]
l = [ 15 15 15 15 15 15 8 8 8 8 8 8 8 14 14 18 18 18 18 7 7 7 10 10 10 10 10 10 10 10 ]
Pmin = [ 80 80 80 80 80 80 44 44 44 44 44 44 44 75 75 99 99 99 99 35 35 35 50 50 50 50 50 50 50 50 ]
Pmax = [ 318 318 318 318 318 318 142 142 142 142 142 142 142 290 290 381 381 381 381 125 125 125 199 199 199 199 199 199 199 199 ]
cf = [ 66.5712 66.5712 66.5712 66.5712 66.5712 66.5712 12.3394 12.3394 12.3394 12.3394 12.3394 12.3394 12.3394 68.6935 68.6935 36.541 36.541 36.541 36.541 33.9465 33.9465 33.9465 46.3805 46.3805 46.3805 46.3805 46.3805 46.3805 46.3805 46.3805 ]
c0 = [ 219 219 219 219 219 219 133 133 133 133 133 133 133 203 203 250 250 250 250 108 108 108 148 148 148 148 148 148 148 148 ]
cp = [ 15.3127 15.3127 15.3127 15.3127 15.3127 15.3127 33.6124 33.6124 33.6124 33.6124 33.6124 33.6124 33.6124 21.5144 21.5144 16.2041 16.2041 16.2041 16.2041 34.258 34.258 34.258 27.918 27.918 27.918 27.918 27.918 27.918 27.918 27.918 ]
D = [ 1763 1921 2098 2243 2406 2787 2986 2966 3181 3440 3424 3653 3867 4074 4355 4481 4496 4810 5023 5036 5217 5339 5678 5853 6017 5710 5419 5128 4916 4834 4370 4242 3866 3683 3527 3736 4078 4543 4836 5220 5492 5081 4728 4248 3871 3347 2818 2561 2056 2011 2345 2366 2559 2853 2912 2995 3354 3536 3493 3641 3917 4017 4161 4278 4604 4787 4831 4914 5192 5480 5634 5554 5761 5688 5255 5002 4957 4595 4247 4119 3830 3655 3386 3656 3863 4019 4490 4615 4793 4361 4052 3645 3152 2826 2376 2048 ]
K = 6
nk = [ 1 1 1 1 1 1 2 2 2 2 2 2 2 3 3 4 4 4 4 5 5 5 6 6 6 6 6 6 6 6 ]
First = [ 1 0 0 0 0 0 1 0 0 0 0 0 0 1 0 1 0 0 0 1 0 0 1 0 0 0 0 0 0 0 ]
Last = [ 0 0 0 0 0 1 0 0 0 0 0 0 1 0 1 0 0 0 1 0 0 1 0 0 0 0 0 0 0 1 ]
nS = 1
S = [ 0 1 2 3 4 5 6 7 8 9 10 11 12 13 14 15 16 17 18 19 20 21 22 23 24 25 26 27 28 29 ]
