n = 30 ; 
T = 96 ; 
Init = [ 0 0 0 0 0 0 0 1 1 1 1 1 1 1 1 1 1 1 1 1 1 1 0 0 0 0 0 0 1 1 ]
L = [ 10 9 9 9 9 9 9 17 17 17 17 17 17 17 17 5 5 5 5 5 8 8 7 7 7 7 7 7 11 11 ]
l = [ 10 9 9 9 9 9 9 17 17 17 17 17 17 17 17 5 5 5 5 5 8 8 7 7 7 7 7 7 11 11 ]
Pmin = [ 52 40 40 40 40 40 40 89 89 89 89 89 89 89 89 18 18 18 18 18 41 41 37 37 37 37 37 37 62 62 ]
Pmax = [ 206 155 155 155 155 155 155 335 335 335 335 335 335 335 335 57 57 57 57 57 150 150 113 113 113 113 113 113 221 221 ]
cf = [ 27.2237 27.2459 27.2459 27.2459 27.2459 27.2459 27.2459 60.0668 60.0668 60.0668 60.0668 60.0668 60.0668 60.0668 60.0668 22.1016 22.1016 22.1016 22.1016 22.1016 64.3635 64.3635 60.6563 60.6563 60.6563 60.6563 60.6563 60.6563 37.786 37.786 ]
c0 = [ 149 126 126 126 126 126 126 245 245 245 245 245 245 245 245 67 67 67 67 67 109 109 106 106 106 106 106 106 169 169 ]
cp = [ 22.2493 33.208 33.208 33.208 33.208 33.208 33.208 19.8205 19.8205 19.8205 19.8205 19.8205 19.8205 19.8205 19.8205 36.0217 36.0217 36.0217 36.0217 36.0217 30.429 30.429 32.846 32.846 32.846 32.846 32.846 32.846 16.3784 16.3784 ]
D = [ 1482 1481 1705 1746 2038 2101 2208 2293 2448 2528 2824 2812 3000 3064 3343 3364 3572 3724 3787 3968 4170 4201 4354 4470 4735 4365 4378 4198 3833 3723 3492 3502 3256 3115 2811 3071 3207 3444 3655 3812 3994 3681 3445 2995 2832 2519 2176 1866 1578 1741 1764 1954 2082 2318 2317 2508 2465 2647 2765 2975 3026 3229 3179 3512 3530 3682 3802 3797 4004 4185 4309 4273 4401 4222 4119 4060 3909 3647 3582 3258 3261 3100 2847 2983 3285 3257 3465 3827 3862 3596 3354 3068 2664 2475 2182 1898 ]
K = 7
nk = [ 1 2 2 2 2 2 2 3 3 3 3 3 3 3 3 4 4 4 4 4 5 5 6 6 6 6 6 6 7 7 ]
First = [ 1 1 0 0 0 0 0 1 0 0 0 0 0 0 0 1 0 0 0 0 1 0 1 0 0 0 0 0 1 0 ]
Last = [ 1 0 0 0 0 0 1 0 0 0 0 0 0 0 1 0 0 0 0 1 0 1 0 0 0 0 0 1 0 1 ]
nS = 1
S = [ 0 1 2 3 4 5 6 7 8 9 10 11 12 13 14 15 16 17 18 19 20 21 22 23 24 25 26 27 28 29 ]
