n = 30 ; 
T = 96 ; 
Init = [ 0 0 0 0 0 0 0 1 1 1 1 1 1 1 1 1 1 1 1 1 1 1 0 0 0 0 0 0 0 0 ]
L = [ 10 10 10 10 10 10 10 9 9 9 9 9 9 9 9 5 5 5 5 5 5 5 12 12 12 12 12 7 7 7 ]
l = [ 10 10 10 10 10 10 10 9 9 9 9 9 9 9 9 5 5 5 5 5 5 5 12 12 12 12 12 7 7 7 ]
Pmin = [ 58 58 58 58 58 58 58 43 43 43 43 43 43 43 43 21 21 21 21 21 21 21 62 62 62 62 62 32 32 32 ]
Pmax = [ 198 198 198 198 198 198 198 162 162 162 162 162 162 162 162 56 56 56 56 56 56 56 236 236 236 236 236 106 106 106 ]
cf = [ 36.2438 36.2438 36.2438 36.2438 36.2438 36.2438 36.2438 24.3318 24.3318 24.3318 24.3318 24.3318 24.3318 24.3318 24.3318 62.1963 62.1963 62.1963 62.1963 62.1963 62.1963 62.1963 47.7612 47.7612 47.7612 47.7612 47.7612 39.2432 39.2432 39.2432 ]
c0 = [ 165 165 165 165 165 165 165 118 118 118 118 118 118 118 118 64 64 64 64 64 64 64 165 165 165 165 165 102 102 102 ]
cp = [ 20.5478 20.5478 20.5478 20.5478 20.5478 20.5478 20.5478 36.255 36.255 36.255 36.255 36.255 36.255 36.255 36.255 41.4635 41.4635 41.4635 41.4635 41.4635 41.4635 41.4635 26.9204 26.9204 26.9204 26.9204 26.9204 31.081 31.081 31.081 ]
D = [ 1288 1321 1563 1519 1634 1802 1915 2085 2155 2317 2345 2533 2533 2773 2778 2939 3031 3146 3224 3404 3576 3540 3796 3919 3962 3832 3680 3485 3384 3151 2943 2846 2718 2640 2387 2593 2720 2984 3065 3333 3463 3154 2824 2535 2170 1917 1494 1292 869 1131 1267 1377 1459 1555 1719 1907 1950 2172 2203 2324 2447 2691 2762 2972 2938 3100 3263 3416 3562 3567 3851 3874 3953 3853 3628 3434 3331 3045 2928 2782 2630 2337 2173 2345 2573 2814 2862 3188 3339 2997 2655 2508 2098 1882 1633 1244 ]
K = 5
nk = [ 1 1 1 1 1 1 1 2 2 2 2 2 2 2 2 3 3 3 3 3 3 3 4 4 4 4 4 5 5 5 ]
First = [ 1 0 0 0 0 0 0 1 0 0 0 0 0 0 0 1 0 0 0 0 0 0 1 0 0 0 0 1 0 0 ]
Last = [ 0 0 0 0 0 0 1 0 0 0 0 0 0 0 1 0 0 0 0 0 0 1 0 0 0 0 1 0 0 1 ]
nS = 1
S = [ 0 1 2 3 4 5 6 7 8 9 10 11 12 13 14 15 16 17 18 19 20 21 22 23 24 25 26 27 28 29 ]
