n = 30 ; 
T = 96 ; 
Init = [ 0 0 0 0 0 0 1 1 1 1 1 1 1 1 1 1 1 1 1 1 1 1 1 1 1 1 1 1 1 1 ]
L = [ 8 8 8 8 8 8 15 15 15 15 15 15 15 15 13 13 13 13 13 13 13 13 13 13 13 13 13 13 15 15 ]
l = [ 8 8 8 8 8 8 15 15 15 15 15 15 15 15 13 13 13 13 13 13 13 13 13 13 13 13 13 13 15 15 ]
Pmin = [ 49 49 49 49 49 49 76 76 76 76 76 76 76 76 66 66 66 66 66 66 66 66 66 66 66 66 66 66 73 73 ]
Pmax = [ 168 168 168 168 168 168 315 315 315 315 315 315 315 315 255 255 255 255 255 255 255 255 255 255 255 255 255 255 300 300 ]
cf = [ 51.8364 51.8364 51.8364 51.8364 51.8364 51.8364 41.4979 41.4979 41.4979 41.4979 41.4979 41.4979 41.4979 41.4979 40.0847 40.0847 40.0847 40.0847 40.0847 40.0847 40.0847 40.0847 40.0847 40.0847 40.0847 40.0847 40.0847 40.0847 14.8912 14.8912 ]
c0 = [ 140 140 140 140 140 140 205 205 205 205 205 205 205 205 179 179 179 179 179 179 179 179 179 179 179 179 179 179 186 186 ]
cp = [ 31.0952 31.0952 31.0952 31.0952 31.0952 31.0952 12.2759 12.2759 12.2759 12.2759 12.2759 12.2759 12.2759 12.2759 23.5625 23.5625 23.5625 23.5625 23.5625 23.5625 23.5625 23.5625 23.5625 23.5625 23.5625 23.5625 23.5625 23.5625 19.6464 19.6464 ]
D = [ 2006 2000 2383 2506 2684 2811 2848 3146 3459 3400 3616 3996 4028 4285 4428 4678 4849 5083 5147 5153 5391 5647 5876 6079 6258 5901 5681 5614 5317 5056 5007 4601 4466 4315 4162 4164 4407 4868 4989 5368 5593 5046 4613 3986 3518 3051 2497 2022 1755 1802 2202 2143 2489 2726 2890 3187 3279 3557 3622 3774 4112 4254 4417 4675 5013 5014 5265 5530 5880 5978 6250 6299 6625 6429 6074 5738 5371 5141 4998 4821 4433 4178 4044 4326 4322 4676 5051 5241 5669 5157 4547 4052 3478 3135 2693 2253 ]
K = 4
nk = [ 1 1 1 1 1 1 2 2 2 2 2 2 2 2 3 3 3 3 3 3 3 3 3 3 3 3 3 3 4 4 ]
First = [ 1 0 0 0 0 0 1 0 0 0 0 0 0 0 1 0 0 0 0 0 0 0 0 0 0 0 0 0 1 0 ]
Last = [ 0 0 0 0 0 1 0 0 0 0 0 0 0 1 0 0 0 0 0 0 0 0 0 0 0 0 0 1 0 1 ]
nS = 1
S = [ 0 1 2 3 4 5 6 7 8 9 10 11 12 13 14 15 16 17 18 19 20 21 22 23 24 25 26 27 28 29 ]
