n = 30 ; 
T = 96 ; 
Init = [ 0 0 0 0 0 0 0 1 1 1 1 1 1 1 0 0 0 0 0 0 0 0 0 1 1 1 1 1 1 1 ]
L = [ 15 15 12 12 12 12 12 9 9 9 9 9 9 9 8 14 14 14 9 9 9 9 9 7 10 10 10 10 10 10 ]
l = [ 15 15 12 12 12 12 12 9 9 9 9 9 9 9 8 14 14 14 9 9 9 9 9 7 10 10 10 10 10 10 ]
Pmin = [ 80 80 59 59 59 59 59 52 52 52 52 52 52 52 44 69 69 69 47 47 47 47 47 36 52 52 52 52 52 52 ]
Pmax = [ 317 317 226 226 226 226 226 189 189 189 189 189 189 189 165 274 274 274 168 168 168 168 168 110 184 184 184 184 184 184 ]
cf = [ 47.7809 47.7809 58.1332 58.1332 58.1332 58.1332 58.1332 28.274 28.274 28.274 28.274 28.274 28.274 28.274 11.3038 12.5589 12.5589 12.5589 21.8349 21.8349 21.8349 21.8349 21.8349 57.0638 66.8452 66.8452 66.8452 66.8452 66.8452 66.8452 ]
c0 = [ 217 217 164 164 164 164 164 145 145 145 145 145 145 145 123 196 196 196 140 140 140 140 140 116 150 150 150 150 150 150 ]
cp = [ 34.1933 34.1933 17.0893 17.0893 17.0893 17.0893 17.0893 30.8959 30.8959 30.8959 30.8959 30.8959 30.8959 30.8959 40.4058 23.201 23.201 23.201 28.9364 28.9364 28.9364 28.9364 28.9364 36.3471 30.6037 30.6037 30.6037 30.6037 30.6037 30.6037 ]
D = [ 1327 1607 1588 1801 2071 2124 2237 2403 2640 2782 2963 3029 3214 3447 3522 3693 4066 4056 4365 4496 4523 4839 4816 5125 5216 5015 4885 4577 4384 4091 3955 3530 3355 3282 2909 3322 3376 3678 3851 4225 4508 4064 3706 3375 3003 2558 2237 1831 1383 1557 1753 1694 1969 2086 2309 2520 2486 2759 2780 2903 3032 3216 3387 3569 3675 3970 3939 4232 4310 4579 4640 4659 4992 4709 4662 4392 4302 4135 3740 3660 3520 3418 3131 3293 3580 3788 4014 4364 4698 4171 3871 3562 3072 2796 2275 1989 ]
K = 8
nk = [ 1 1 2 2 2 2 2 3 3 3 3 3 3 3 4 5 5 5 6 6 6 6 6 7 8 8 8 8 8 8 ]
First = [ 1 0 1 0 0 0 0 1 0 0 0 0 0 0 1 1 0 0 1 0 0 0 0 1 1 0 0 0 0 0 ]
Last = [ 0 1 0 0 0 0 1 0 0 0 0 0 0 1 1 0 0 1 0 0 0 0 1 1 0 0 0 0 0 1 ]
nS = 1
S = [ 0 1 2 3 4 5 6 7 8 9 10 11 12 13 14 15 16 17 18 19 20 21 22 23 24 25 26 27 28 29 ]
