n = 30 ; 
T = 96 ; 
Init = [ 0 0 0 0 0 0 0 0 0 0 0 0 0 0 0 0 0 1 1 1 1 1 1 1 1 1 1 1 1 1 ]
L = [ 10 10 10 10 10 10 14 14 14 14 14 14 14 5 5 5 5 20 20 20 20 20 20 20 17 17 17 17 17 17 ]
l = [ 10 10 10 10 10 10 14 14 14 14 14 14 14 5 5 5 5 20 20 20 20 20 20 20 17 17 17 17 17 17 ]
Pmin = [ 46 46 46 46 46 46 70 70 70 70 70 70 70 29 29 29 29 100 100 100 100 100 100 100 94 94 94 94 94 94 ]
Pmax = [ 176 176 176 176 176 176 288 288 288 288 288 288 288 73 73 73 73 420 420 420 420 420 420 420 374 374 374 374 374 374 ]
cf = [ 31.3169 31.3169 31.3169 31.3169 31.3169 31.3169 62.8368 62.8368 62.8368 62.8368 62.8368 62.8368 62.8368 69.1272 69.1272 69.1272 69.1272 65.4905 65.4905 65.4905 65.4905 65.4905 65.4905 65.4905 46.9223 46.9223 46.9223 46.9223 46.9223 46.9223 ]
c0 = [ 139 139 139 139 139 139 192 192 192 192 192 192 192 91 91 91 91 250 250 250 250 250 250 250 250 250 250 250 250 250 ]
cp = [ 33.767 33.767 33.767 33.767 33.767 33.767 32.7173 32.7173 32.7173 32.7173 32.7173 32.7173 32.7173 36.8336 36.8336 36.8336 36.8336 10.1842 10.1842 10.1842 10.1842 10.1842 10.1842 10.1842 12.1487 12.1487 12.1487 12.1487 12.1487 12.1487 ]
D = [ 2148 2132 2317 2728 2849 3144 3171 3452 3823 3785 4025 4470 4712 4899 5107 5198 5560 5590 5981 6084 6198 6563 6804 6828 7123 6687 6561 6257 5834 5770 5368 4857 4562 4475 4161 4406 4691 5164 5478 5578 6143 5634 5118 4520 3986 3464 3086 2358 1907 1987 2410 2543 2802 2886 3243 3402 3390 3884 4054 4260 4405 4494 4658 4950 5368 5307 5496 5927 6214 6328 6405 6692 6952 6711 6361 6147 5933 5643 5562 5060 4983 4774 4537 4737 4971 5451 5600 5954 6378 6021 5220 4771 4294 3790 3424 2815 ]
K = 5
nk = [ 1 1 1 1 1 1 2 2 2 2 2 2 2 3 3 3 3 4 4 4 4 4 4 4 5 5 5 5 5 5 ]
First = [ 1 0 0 0 0 0 1 0 0 0 0 0 0 1 0 0 0 1 0 0 0 0 0 0 1 0 0 0 0 0 ]
Last = [ 0 0 0 0 0 1 0 0 0 0 0 0 1 0 0 0 1 0 0 0 0 0 0 1 0 0 0 0 0 1 ]
nS = 1
S = [ 0 1 2 3 4 5 6 7 8 9 10 11 12 13 14 15 16 17 18 19 20 21 22 23 24 25 26 27 28 29 ]
