n = 30 ; 
T = 96 ; 
Init = [ 1 1 1 1 1 1 1 1 1 1 1 1 1 1 1 1 1 1 1 0 0 0 0 0 0 0 0 0 0 1 ]
L = [ 14 14 14 14 14 14 14 14 14 14 18 18 18 18 18 18 18 18 18 19 19 19 19 19 19 19 19 19 19 8 ]
l = [ 14 14 14 14 14 14 14 14 14 14 18 18 18 18 18 18 18 18 18 19 19 19 19 19 19 19 19 19 19 8 ]
Pmin = [ 68 68 68 68 68 68 68 68 68 68 90 90 90 90 90 90 90 90 90 100 100 100 100 100 100 100 100 100 100 39 ]
Pmax = [ 259 259 259 259 259 259 259 259 259 259 367 367 367 367 367 367 367 367 367 412 412 412 412 412 412 412 412 412 412 118 ]
cf = [ 49.5399 49.5399 49.5399 49.5399 49.5399 49.5399 49.5399 49.5399 49.5399 49.5399 42.0478 42.0478 42.0478 42.0478 42.0478 42.0478 42.0478 42.0478 42.0478 49.894 49.894 49.894 49.894 49.894 49.894 49.894 49.894 49.894 49.894 54.3458 ]
c0 = [ 186 186 186 186 186 186 186 186 186 186 240 240 240 240 240 240 240 240 240 250 250 250 250 250 250 250 250 250 250 122 ]
cp = [ 21.9212 21.9212 21.9212 21.9212 21.9212 21.9212 21.9212 21.9212 21.9212 21.9212 17.2477 17.2477 17.2477 17.2477 17.2477 17.2477 17.2477 17.2477 17.2477 10.3637 10.3637 10.3637 10.3637 10.3637 10.3637 10.3637 10.3637 10.3637 10.3637 32.9518 ]
D = [ 2016 2551 2649 3076 3098 3500 3949 4139 4207 4740 4858 4998 5451 5640 5833 6198 6721 6941 6976 7413 7795 7845 8402 8646 8653 8336 8204 7767 7184 6976 6781 6196 5836 5456 5016 5561 6061 6143 6596 6881 7620 6965 6164 5724 5381 4492 4135 3628 3152 3054 3546 3507 4055 4080 4237 4546 4749 5100 5424 5621 5905 5983 6294 6275 6825 7036 7369 7418 7791 7838 8101 8144 8391 8133 8018 7646 7189 6781 6535 6154 5820 5427 5179 5545 6140 6606 7047 7611 7789 7161 6529 5600 5220 4261 3484 3016 ]
K = 4
nk = [ 1 1 1 1 1 1 1 1 1 1 2 2 2 2 2 2 2 2 2 3 3 3 3 3 3 3 3 3 3 4 ]
First = [ 1 0 0 0 0 0 0 0 0 0 1 0 0 0 0 0 0 0 0 1 0 0 0 0 0 0 0 0 0 1 ]
Last = [ 0 0 0 0 0 0 0 0 0 1 0 0 0 0 0 0 0 0 1 0 0 0 0 0 0 0 0 0 1 1 ]
nS = 1
S = [ 0 1 2 3 4 5 6 7 8 9 10 11 12 13 14 15 16 17 18 19 20 21 22 23 24 25 26 27 28 29 ]
