n = 30 ; 
T = 96 ; 
Init = [ 0 0 0 0 0 0 0 0 1 1 1 1 1 1 1 1 1 1 1 1 1 1 1 1 1 0 1 1 1 1 ]
L = [ 12 12 12 12 18 18 18 13 9 9 9 9 9 9 9 14 14 14 14 14 14 8 8 8 8 6 11 11 11 11 ]
l = [ 12 12 12 12 18 18 18 13 9 9 9 9 9 9 9 14 14 14 14 14 14 8 8 8 8 6 11 11 11 11 ]
Pmin = [ 69 69 69 69 99 99 99 64 36 36 36 36 36 36 36 74 74 74 74 74 74 47 47 47 47 25 52 52 52 52 ]
Pmax = [ 256 256 256 256 397 397 397 251 138 138 138 138 138 138 138 287 287 287 287 287 287 154 154 154 154 94 206 206 206 206 ]
cf = [ 23.2971 23.2971 23.2971 23.2971 60.6605 60.6605 60.6605 7.57533 16.4577 16.4577 16.4577 16.4577 16.4577 16.4577 16.4577 19.013 19.013 19.013 19.013 19.013 19.013 48.9486 48.9486 48.9486 48.9486 41.7213 35.9682 35.9682 35.9682 35.9682 ]
c0 = [ 176 176 176 176 250 250 250 184 104 104 104 104 104 104 104 203 203 203 203 203 203 133 133 133 133 77 151 151 151 151 ]
cp = [ 20.5284 20.5284 20.5284 20.5284 10.7925 10.7925 10.7925 16.9444 33.8894 33.8894 33.8894 33.8894 33.8894 33.8894 33.8894 18.7505 18.7505 18.7505 18.7505 18.7505 18.7505 28.3584 28.3584 28.3584 28.3584 38.8674 23.3911 23.3911 23.3911 23.3911 ]
D = [ 1871 2094 2356 2496 2689 2885 2936 3007 3351 3301 3645 3722 4044 3984 4302 4558 4621 4778 5034 5133 5251 5566 5489 5871 6051 5630 5460 5021 4853 4612 4298 4128 3675 3456 3258 3383 3746 3985 4281 4553 4842 4598 4064 3522 3050 2667 2214 1904 1395 1505 1905 2006 2217 2182 2386 2628 2818 2856 3183 3426 3537 3708 3765 4101 4285 4333 4408 4783 4732 4968 5306 5307 5525 5315 4955 4837 4685 4317 4150 3810 3649 3445 3035 3410 3761 3880 4326 4430 4684 4360 3878 3413 3090 2762 2196 1886 ]
K = 8
nk = [ 1 1 1 1 2 2 2 3 4 4 4 4 4 4 4 5 5 5 5 5 5 6 6 6 6 7 8 8 8 8 ]
First = [ 1 0 0 0 1 0 0 1 1 0 0 0 0 0 0 1 0 0 0 0 0 1 0 0 0 1 1 0 0 0 ]
Last = [ 0 0 0 1 0 0 1 1 0 0 0 0 0 0 1 0 0 0 0 0 1 0 0 0 1 1 0 0 0 1 ]
nS = 1
S = [ 0 1 2 3 4 5 6 7 8 9 10 11 12 13 14 15 16 17 18 19 20 21 22 23 24 25 26 27 28 29 ]
