n = 60 ; 
T = 48 ; 
Init = [ 1 1 1 1 1 1 0 0 0 1 1 1 1 1 1 1 1 1 1 1 1 1 1 1 1 1 1 1 1 1 1 1 1 1 1 1 1 1 1 1 1 1 1 1 1 1 1 1 1 1 1 0 0 0 0 0 0 0 0 1 ]
L = [ 10 10 10 10 10 10 15 15 15 15 15 15 7 7 7 7 7 7 7 7 10 10 10 10 10 10 10 13 17 17 17 17 17 17 11 11 11 11 11 11 11 11 11 11 8 8 8 8 8 8 8 15 15 15 15 15 15 15 15 4 ]
l = [ 10 10 10 10 10 10 15 15 15 15 15 15 7 7 7 7 7 7 7 7 10 10 10 10 10 10 10 13 17 17 17 17 17 17 11 11 11 11 11 11 11 11 11 11 8 8 8 8 8 8 8 15 15 15 15 15 15 15 15 4 ]
Pmin = [ 47 47 47 47 47 47 78 78 78 77 77 77 34 34 34 34 34 34 34 34 57 57 57 57 57 57 57 69 100 100 100 100 100 100 55 55 55 55 55 55 55 55 55 55 43 43 43 43 43 43 43 85 85 85 85 79 79 79 79 15 ]
Pmax = [ 188 188 188 188 188 188 286 286 286 311 311 311 127 127 127 127 127 127 127 127 192 192 192 192 192 192 192 258 384 384 384 384 384 384 225 225 225 225 225 225 225 225 225 225 167 167 167 167 167 167 167 326 326 326 326 290 290 290 290 36 ]
cf = [ 51.7622 51.7622 51.7622 51.7622 51.7622 51.7622 43.5533 43.5533 43.5533 45.6631 45.6631 45.6631 63.5986 63.5986 63.5986 63.5986 63.5986 63.5986 63.5986 63.5986 28.3671 28.3671 28.3671 28.3671 28.3671 28.3671 28.3671 63.1666 21.5008 21.5008 21.5008 21.5008 21.5008 21.5008 40.7696 40.7696 40.7696 40.7696 40.7696 40.7696 40.7696 40.7696 40.7696 40.7696 38.8291 38.8291 38.8291 38.8291 38.8291 38.8291 38.8291 42.7545 42.7545 42.7545 42.7545 59.2205 59.2205 59.2205 59.2205 37.679 ]
c0 = [ 129 129 129 129 129 129 220 220 220 211 211 211 100 100 100 100 100 100 100 100 149 149 149 149 149 149 149 186 250 250 250 250 250 250 143 143 143 143 143 143 143 143 143 143 115 115 115 115 115 115 115 221 221 221 221 221 221 221 221 57 ]
cp = [ 31.3085 31.3085 31.3085 31.3085 31.3085 31.3085 17.6853 17.6853 17.6853 17.8115 17.8115 17.8115 31.3738 31.3738 31.3738 31.3738 31.3738 31.3738 31.3738 31.3738 27.4104 27.4104 27.4104 27.4104 27.4104 27.4104 27.4104 24.3572 18.1457 18.1457 18.1457 18.1457 18.1457 18.1457 21.0522 21.0522 21.0522 21.0522 21.0522 21.0522 21.0522 21.0522 21.0522 21.0522 36.6476 36.6476 36.6476 36.6476 36.6476 36.6476 36.6476 16.205 16.205 16.205 16.205 13.0836 13.0836 13.0836 13.0836 40.768 ]
D = [ 3320 3920 3988 4289 4749 5011 5569 6033 6303 6775 7073 6965 7687 7826 8118 8755 9085 8952 9782 9986 10321 10489 10674 10965 11406 11201 10749 10032 10087 9110 9015 8264 8105 7744 6960 7892 8424 8829 9340 9809 10353 9411 8570 7535 6949 6068 4786 4196 ]
K = 12
nk = [ 1 1 1 1 1 1 2 2 2 3 3 3 4 4 4 4 4 4 4 4 5 5 5 5 5 5 5 6 7 7 7 7 7 7 8 8 8 8 8 8 8 8 8 8 9 9 9 9 9 9 9 10 10 10 10 11 11 11 11 12 ]
First = [ 1 0 0 0 0 0 1 0 0 1 0 0 1 0 0 0 0 0 0 0 1 0 0 0 0 0 0 1 1 0 0 0 0 0 1 0 0 0 0 0 0 0 0 0 1 0 0 0 0 0 0 1 0 0 0 1 0 0 0 1 ]
Last = [ 0 0 0 0 0 1 0 0 1 0 0 1 0 0 0 0 0 0 0 1 0 0 0 0 0 0 1 1 0 0 0 0 0 1 0 0 0 0 0 0 0 0 0 1 0 0 0 0 0 0 1 0 0 0 1 0 0 0 1 1 ]
nS = 1
S = [ 0 1 2 3 4 5 6 7 8 9 10 11 12 13 14 15 16 17 18 19 20 21 22 23 24 25 26 27 28 29 30 31 32 33 34 35 36 37 38 39 40 41 42 43 44 45 46 47 48 49 50 51 52 53 54 55 56 57 58 59 ]
