n = 60 ; 
T = 48 ; 
Init = [ 0 1 1 1 1 1 1 1 1 1 1 1 1 1 1 1 1 1 1 1 1 1 1 1 1 0 0 0 0 0 0 0 0 0 0 0 0 0 0 0 0 0 1 0 0 0 0 0 0 0 0 0 0 0 0 0 0 0 0 0 ]
L = [ 18 18 18 18 18 18 18 18 18 18 18 5 5 5 5 5 16 16 16 16 16 16 16 16 16 6 6 6 6 6 6 6 6 6 6 6 6 6 4 4 4 4 5 12 12 12 12 12 12 12 12 13 13 13 13 13 18 18 18 18 ]
l = [ 18 18 18 18 18 18 18 18 18 18 18 5 5 5 5 5 16 16 16 16 16 16 16 16 16 6 6 6 6 6 6 6 6 6 6 6 6 6 4 4 4 4 5 12 12 12 12 12 12 12 12 13 13 13 13 13 18 18 18 18 ]
Pmin = [ 92 90 90 90 90 90 90 90 90 90 90 16 16 16 16 16 85 85 85 85 85 85 85 85 85 20 20 20 20 20 20 28 28 28 28 28 28 28 24 24 24 24 25 67 67 67 67 67 67 67 67 69 69 69 69 69 100 100 100 100 ]
Pmax = [ 381 373 373 373 373 373 373 373 373 373 373 37 37 37 37 37 320 320 320 320 320 320 320 320 320 63 63 63 63 63 63 98 98 98 98 98 98 98 58 58 58 58 57 247 247 247 247 247 247 247 247 282 282 282 282 282 406 406 406 406 ]
cf = [ 46.0893 49.7843 49.7843 49.7843 49.7843 49.7843 49.7843 49.7843 49.7843 49.7843 49.7843 31.4903 31.4903 31.4903 31.4903 31.4903 11.5274 11.5274 11.5274 11.5274 11.5274 11.5274 11.5274 11.5274 11.5274 9.2559 9.2559 9.2559 9.2559 9.2559 9.2559 17.0645 17.0645 17.0645 17.0645 17.0645 17.0645 17.0645 30.4569 30.4569 30.4569 30.4569 59.7343 18.9812 18.9812 18.9812 18.9812 18.9812 18.9812 18.9812 18.9812 58.2206 58.2206 58.2206 58.2206 58.2206 44.2957 44.2957 44.2957 44.2957 ]
c0 = [ 232 243 243 243 243 243 243 243 243 243 243 63 63 63 63 63 228 228 228 228 228 228 228 228 228 77 77 77 77 77 77 88 88 88 88 88 88 88 73 73 73 73 73 192 192 192 192 192 192 192 192 193 193 193 193 193 250 250 250 250 ]
cp = [ 23.4459 13.8589 13.8589 13.8589 13.8589 13.8589 13.8589 13.8589 13.8589 13.8589 13.8589 40.5045 40.5045 40.5045 40.5045 40.5045 14.825 14.825 14.825 14.825 14.825 14.825 14.825 14.825 14.825 30.6084 30.6084 30.6084 30.6084 30.6084 30.6084 33.5972 33.5972 33.5972 33.5972 33.5972 33.5972 33.5972 38.5956 38.5956 38.5956 38.5956 41.5835 17.1602 17.1602 17.1602 17.1602 17.1602 17.1602 17.1602 17.1602 26.6298 26.6298 26.6298 26.6298 26.6298 19.2086 19.2086 19.2086 19.2086 ]
D = [ 3768 4050 4212 4295 4676 4991 5263 5623 6332 6453 6497 7264 7176 7670 8154 8414 8602 8674 8989 9422 10108 10429 10362 10926 11192 10662 10205 9731 9383 9047 8462 8031 7665 7470 6809 7589 7932 8850 9676 10415 10600 10192 9338 8157 7389 6705 5472 5120 ]
K = 11
nk = [ 1 2 2 2 2 2 2 2 2 2 2 3 3 3 3 3 4 4 4 4 4 4 4 4 4 5 5 5 5 5 5 6 6 6 6 6 6 6 7 7 7 7 8 9 9 9 9 9 9 9 9 10 10 10 10 10 11 11 11 11 ]
First = [ 1 1 0 0 0 0 0 0 0 0 0 1 0 0 0 0 1 0 0 0 0 0 0 0 0 1 0 0 0 0 0 1 0 0 0 0 0 0 1 0 0 0 1 1 0 0 0 0 0 0 0 1 0 0 0 0 1 0 0 0 ]
Last = [ 1 0 0 0 0 0 0 0 0 0 1 0 0 0 0 1 0 0 0 0 0 0 0 0 1 0 0 0 0 0 1 0 0 0 0 0 0 1 0 0 0 1 1 0 0 0 0 0 0 0 1 0 0 0 0 1 0 0 0 1 ]
nS = 1
S = [ 0 1 2 3 4 5 6 7 8 9 10 11 12 13 14 15 16 17 18 19 20 21 22 23 24 25 26 27 28 29 30 31 32 33 34 35 36 37 38 39 40 41 42 43 44 45 46 47 48 49 50 51 52 53 54 55 56 57 58 59 ]
