n = 60 ; 
T = 48 ; 
Init = [ 1 1 1 1 1 0 0 0 0 0 0 0 0 0 0 0 0 0 0 1 0 1 1 0 0 0 0 0 0 0 0 0 0 1 1 1 1 1 1 0 0 0 0 0 0 0 1 1 0 0 0 0 0 0 0 0 0 1 1 1 ]
L = [ 11 11 11 11 11 5 5 5 5 5 5 5 5 8 8 8 8 8 8 5 19 13 13 18 18 18 18 18 18 18 18 18 18 18 18 18 18 18 18 12 12 12 12 12 12 12 14 14 18 18 18 18 18 18 18 18 18 13 13 11 ]
l = [ 11 11 11 11 11 5 5 5 5 5 5 5 5 8 8 8 8 8 8 5 19 13 13 18 18 18 18 18 18 18 18 18 18 18 18 18 18 18 18 12 12 12 12 12 12 12 14 14 18 18 18 18 18 18 18 18 18 13 13 11 ]
Pmin = [ 56 56 56 56 56 14 14 14 14 14 14 14 14 43 43 43 43 43 43 23 100 72 72 100 100 100 100 100 100 100 100 100 100 95 95 95 95 95 95 63 63 63 63 63 63 63 76 76 98 98 98 98 98 98 98 98 98 75 75 61 ]
Pmax = [ 213 213 213 213 213 38 38 38 38 38 38 38 38 139 139 139 139 139 139 78 420 278 278 398 398 398 398 398 398 398 398 398 398 364 364 364 364 364 364 234 234 234 234 234 234 234 298 298 397 397 397 397 397 397 397 397 397 285 285 220 ]
cf = [ 30.1039 30.1039 30.1039 30.1039 30.1039 28.5723 28.5723 28.5723 28.5723 28.5723 28.5723 28.5723 28.5723 42.3187 42.3187 42.3187 42.3187 42.3187 42.3187 55.0369 15.0132 19.0418 19.0418 29.0155 29.0155 29.0155 29.0155 29.0155 29.0155 29.0155 29.0155 29.0155 29.0155 39.4401 39.4401 39.4401 39.4401 39.4401 39.4401 38.2689 38.2689 38.2689 38.2689 38.2689 38.2689 38.2689 52.3341 52.3341 48.4066 48.4066 48.4066 48.4066 48.4066 48.4066 48.4066 48.4066 48.4066 32.2295 32.2295 11.2451 ]
c0 = [ 148 148 148 148 148 46 46 46 46 46 46 46 46 118 118 118 118 118 118 80 250 195 195 250 250 250 250 250 250 250 250 250 250 250 250 250 250 250 250 177 177 177 177 177 177 177 206 206 250 250 250 250 250 250 250 250 250 198 198 178 ]
cp = [ 18.8687 18.8687 18.8687 18.8687 18.8687 38.4713 38.4713 38.4713 38.4713 38.4713 38.4713 38.4713 38.4713 29.637 29.637 29.637 29.637 29.637 29.637 39.9002 8.17778 22.5393 22.5393 24.2673 24.2673 24.2673 24.2673 24.2673 24.2673 24.2673 24.2673 24.2673 24.2673 11.9229 11.9229 11.9229 11.9229 11.9229 11.9229 20.9695 20.9695 20.9695 20.9695 20.9695 20.9695 20.9695 20.8661 20.8661 9.9619 9.9619 9.9619 9.9619 9.9619 9.9619 9.9619 9.9619 9.9619 22.6608 22.6608 30.4534 ]
D = [ 4232 4900 4989 5250 5467 6038 6729 7096 7343 7611 8187 8165 8642 8899 9185 10046 10240 10450 10810 11580 11656 11903 12512 13090 13078 12835 12284 11471 11289 10954 10008 9432 9397 8812 8129 9187 10049 10292 11349 12089 12873 11713 10920 10028 8756 7881 6841 5394 ]
K = 13
nk = [ 1 1 1 1 1 2 2 2 2 2 2 2 2 3 3 3 3 3 3 4 5 6 6 7 7 7 7 7 7 7 7 7 7 8 8 8 8 8 8 9 9 9 9 9 9 9 10 10 11 11 11 11 11 11 11 11 11 12 12 13 ]
First = [ 1 0 0 0 0 1 0 0 0 0 0 0 0 1 0 0 0 0 0 1 1 1 0 1 0 0 0 0 0 0 0 0 0 1 0 0 0 0 0 1 0 0 0 0 0 0 1 0 1 0 0 0 0 0 0 0 0 1 0 1 ]
Last = [ 0 0 0 0 1 0 0 0 0 0 0 0 1 0 0 0 0 0 1 1 1 0 1 0 0 0 0 0 0 0 0 0 1 0 0 0 0 0 1 0 0 0 0 0 0 1 0 1 0 0 0 0 0 0 0 0 1 0 1 1 ]
nS = 1
S = [ 0 1 2 3 4 5 6 7 8 9 10 11 12 13 14 15 16 17 18 19 20 21 22 23 24 25 26 27 28 29 30 31 32 33 34 35 36 37 38 39 40 41 42 43 44 45 46 47 48 49 50 51 52 53 54 55 56 57 58 59 ]
