n = 60 ; 
T = 48 ; 
Init = [ 1 1 1 1 1 1 1 1 1 1 0 0 0 0 0 0 0 0 0 0 0 0 0 0 0 0 0 0 0 0 0 0 0 0 0 0 1 1 1 1 1 1 1 1 1 1 0 0 0 0 0 0 0 0 0 0 0 1 1 1 ]
L = [ 9 9 9 9 9 9 9 9 9 9 10 10 10 10 10 10 10 10 10 8 8 8 8 9 9 9 9 12 12 12 12 12 12 12 12 12 16 16 16 16 16 16 16 16 16 16 18 18 18 18 18 18 18 18 18 18 18 13 13 13 ]
l = [ 9 9 9 9 9 9 9 9 9 9 10 10 10 10 10 10 10 10 10 8 8 8 8 9 9 9 9 12 12 12 12 12 12 12 12 12 16 16 16 16 16 16 16 16 16 16 18 18 18 18 18 18 18 18 18 18 18 13 13 13 ]
Pmin = [ 48 48 48 48 48 48 48 48 48 48 51 51 51 51 51 51 51 51 51 46 46 46 46 42 42 42 42 55 55 55 55 55 55 55 55 55 78 78 78 78 78 78 78 78 78 78 92 92 92 92 92 92 92 92 92 92 92 72 72 72 ]
Pmax = [ 175 175 175 175 175 175 175 175 175 175 180 180 180 180 180 180 180 180 180 157 157 157 157 156 156 156 156 224 224 224 224 224 224 224 224 224 322 322 322 322 322 322 322 322 322 322 373 373 373 373 373 373 373 373 373 373 373 278 278 278 ]
cf = [ 31.1445 31.1445 31.1445 31.1445 31.1445 31.1445 31.1445 31.1445 31.1445 31.1445 33.5324 33.5324 33.5324 33.5324 33.5324 33.5324 33.5324 33.5324 33.5324 36.4827 36.4827 36.4827 36.4827 62.7055 62.7055 62.7055 62.7055 14.1804 14.1804 14.1804 14.1804 14.1804 14.1804 14.1804 14.1804 14.1804 21.2667 21.2667 21.2667 21.2667 21.2667 21.2667 21.2667 21.2667 21.2667 21.2667 23.0359 23.0359 23.0359 23.0359 23.0359 23.0359 23.0359 23.0359 23.0359 23.0359 23.0359 66.3533 66.3533 66.3533 ]
c0 = [ 125 125 125 125 125 125 125 125 125 125 147 147 147 147 147 147 147 147 147 132 132 132 132 120 120 120 120 162 162 162 162 162 162 162 162 162 201 201 201 201 201 201 201 201 201 201 247 247 247 247 247 247 247 247 247 247 247 189 189 189 ]
cp = [ 26.6952 26.6952 26.6952 26.6952 26.6952 26.6952 26.6952 26.6952 26.6952 26.6952 36.4282 36.4282 36.4282 36.4282 36.4282 36.4282 36.4282 36.4282 36.4282 34.176 34.176 34.176 34.176 34.1183 34.1183 34.1183 34.1183 34.5603 34.5603 34.5603 34.5603 34.5603 34.5603 34.5603 34.5603 34.5603 20.0376 20.0376 20.0376 20.0376 20.0376 20.0376 20.0376 20.0376 20.0376 20.0376 10.4213 10.4213 10.4213 10.4213 10.4213 10.4213 10.4213 10.4213 10.4213 10.4213 10.4213 21.3072 21.3072 21.3072 ]
D = [ 3112 3627 3708 4216 4906 5280 5222 6128 6166 6642 7241 7557 7648 8301 8526 9061 9024 9822 10323 10497 10857 11311 11339 11641 12446 11536 11092 10508 10426 9756 9037 8536 8001 7573 7200 8027 8055 8889 9650 9927 10265 9887 8742 8026 7329 6621 5466 4944 ]
K = 8
nk = [ 1 1 1 1 1 1 1 1 1 1 2 2 2 2 2 2 2 2 2 3 3 3 3 4 4 4 4 5 5 5 5 5 5 5 5 5 6 6 6 6 6 6 6 6 6 6 7 7 7 7 7 7 7 7 7 7 7 8 8 8 ]
First = [ 1 0 0 0 0 0 0 0 0 0 1 0 0 0 0 0 0 0 0 1 0 0 0 1 0 0 0 1 0 0 0 0 0 0 0 0 1 0 0 0 0 0 0 0 0 0 1 0 0 0 0 0 0 0 0 0 0 1 0 0 ]
Last = [ 0 0 0 0 0 0 0 0 0 1 0 0 0 0 0 0 0 0 1 0 0 0 1 0 0 0 1 0 0 0 0 0 0 0 0 1 0 0 0 0 0 0 0 0 0 1 0 0 0 0 0 0 0 0 0 0 1 0 0 1 ]
nS = 1
S = [ 0 1 2 3 4 5 6 7 8 9 10 11 12 13 14 15 16 17 18 19 20 21 22 23 24 25 26 27 28 29 30 31 32 33 34 35 36 37 38 39 40 41 42 43 44 45 46 47 48 49 50 51 52 53 54 55 56 57 58 59 ]
