n = 60 ; 
T = 48 ; 
Init = [ 1 0 0 0 0 0 0 0 0 0 0 0 0 0 0 0 0 1 1 1 1 1 1 1 1 1 1 1 1 1 1 1 1 1 1 1 1 1 1 1 1 1 1 1 1 1 1 1 1 1 1 1 1 0 0 0 0 0 0 1 ]
L = [ 13 8 8 8 8 8 8 6 6 6 6 6 8 8 14 14 14 16 16 16 16 16 16 16 16 16 16 16 11 11 11 11 11 11 11 11 15 15 15 15 15 14 14 14 14 14 14 14 14 14 14 14 14 19 19 19 19 19 19 14 ]
l = [ 13 8 8 8 8 8 8 6 6 6 6 6 8 8 14 14 14 16 16 16 16 16 16 16 16 16 16 16 11 11 11 11 11 11 11 11 15 15 15 15 15 14 14 14 14 14 14 14 14 14 14 14 14 19 19 19 19 19 19 14 ]
Pmin = [ 65 44 44 44 44 44 44 29 29 29 29 29 42 42 76 76 76 78 78 78 78 78 78 78 78 78 78 78 63 63 63 63 63 63 63 63 80 80 80 80 80 70 70 70 70 70 70 70 70 70 70 70 70 100 100 100 100 100 100 78 ]
Pmax = [ 246 150 150 150 150 150 150 87 87 87 87 87 164 164 307 307 307 326 326 326 326 326 326 326 326 326 326 326 239 239 239 239 239 239 239 239 329 329 329 329 329 274 274 274 274 274 274 274 274 274 274 274 274 411 411 411 411 411 411 310 ]
cf = [ 54.9659 20.6971 20.6971 20.6971 20.6971 20.6971 20.6971 28.8185 28.8185 28.8185 28.8185 28.8185 17.575 17.575 59.8564 59.8564 59.8564 13.6271 13.6271 13.6271 13.6271 13.6271 13.6271 13.6271 13.6271 13.6271 13.6271 13.6271 63.004 63.004 63.004 63.004 63.004 63.004 63.004 63.004 51.6825 51.6825 51.6825 51.6825 51.6825 41.4273 41.4273 41.4273 41.4273 41.4273 41.4273 41.4273 41.4273 41.4273 41.4273 41.4273 41.4273 68.7544 68.7544 68.7544 68.7544 68.7544 68.7544 62.6258 ]
c0 = [ 179 122 122 122 122 122 122 94 94 94 94 94 124 124 199 199 199 204 204 204 204 204 204 204 204 204 204 204 176 176 176 176 176 176 176 176 210 210 210 210 210 184 184 184 184 184 184 184 184 184 184 184 184 250 250 250 250 250 250 214 ]
cp = [ 28.3103 32.2442 32.2442 32.2442 32.2442 32.2442 32.2442 41.3774 41.3774 41.3774 41.3774 41.3774 33.5025 33.5025 22.1954 22.1954 22.1954 16.9533 16.9533 16.9533 16.9533 16.9533 16.9533 16.9533 16.9533 16.9533 16.9533 16.9533 26.418 26.418 26.418 26.418 26.418 26.418 26.418 26.418 19.8452 19.8452 19.8452 19.8452 19.8452 32.0977 32.0977 32.0977 32.0977 32.0977 32.0977 32.0977 32.0977 32.0977 32.0977 32.0977 32.0977 10.7253 10.7253 10.7253 10.7253 10.7253 10.7253 16.8306 ]
D = [ 3803 4502 4625 5045 5183 5687 6274 6430 7300 7411 7790 7983 8548 8658 9375 9858 10114 10530 11058 11184 11497 11713 12064 12619 12827 12933 12338 11907 11491 11017 10483 9573 9416 8622 8391 8962 9263 9569 10555 10702 11379 10219 9318 8036 7246 6037 5496 3939 ]
K = 11
nk = [ 1 2 2 2 2 2 2 3 3 3 3 3 4 4 5 5 5 6 6 6 6 6 6 6 6 6 6 6 7 7 7 7 7 7 7 7 8 8 8 8 8 9 9 9 9 9 9 9 9 9 9 9 9 10 10 10 10 10 10 11 ]
First = [ 1 1 0 0 0 0 0 1 0 0 0 0 1 0 1 0 0 1 0 0 0 0 0 0 0 0 0 0 1 0 0 0 0 0 0 0 1 0 0 0 0 1 0 0 0 0 0 0 0 0 0 0 0 1 0 0 0 0 0 1 ]
Last = [ 1 0 0 0 0 0 1 0 0 0 0 1 0 1 0 0 1 0 0 0 0 0 0 0 0 0 0 1 0 0 0 0 0 0 0 1 0 0 0 0 1 0 0 0 0 0 0 0 0 0 0 0 1 0 0 0 0 0 1 1 ]
nS = 1
S = [ 0 1 2 3 4 5 6 7 8 9 10 11 12 13 14 15 16 17 18 19 20 21 22 23 24 25 26 27 28 29 30 31 32 33 34 35 36 37 38 39 40 41 42 43 44 45 46 47 48 49 50 51 52 53 54 55 56 57 58 59 ]
