n = 60 ; 
T = 48 ; 
Init = [ 0 0 0 0 0 0 0 0 0 0 0 0 0 0 0 0 0 0 0 0 0 0 0 0 0 1 1 1 1 1 1 1 1 1 1 1 0 0 0 0 0 0 0 0 0 0 0 0 1 1 1 1 1 1 1 1 1 0 0 0 ]
L = [ 9 9 9 9 9 9 9 5 5 19 19 19 19 19 19 19 19 5 5 5 5 5 5 5 5 15 15 15 15 15 15 15 15 15 15 15 9 9 9 9 9 9 9 9 9 9 9 20 7 7 7 7 7 7 7 7 7 14 14 14 ]
l = [ 9 9 9 9 9 9 9 5 5 19 19 19 19 19 19 19 19 5 5 5 5 5 5 5 5 15 15 15 15 15 15 15 15 15 15 15 9 9 9 9 9 9 9 9 9 9 9 20 7 7 7 7 7 7 7 7 7 14 14 14 ]
Pmin = [ 45 45 45 45 45 45 45 26 26 100 100 100 100 100 100 100 100 23 23 23 23 23 23 23 23 83 83 83 83 83 83 83 83 83 83 83 45 45 45 45 45 45 45 45 45 45 45 100 38 38 38 38 38 38 38 38 38 73 73 73 ]
Pmax = [ 160 160 160 160 160 160 160 62 62 415 415 415 415 415 415 415 415 52 52 52 52 52 52 52 52 326 326 326 326 326 326 326 326 326 326 326 172 172 172 172 172 172 172 172 172 172 172 420 115 115 115 115 115 115 115 115 115 276 276 276 ]
cf = [ 55.8767 55.8767 55.8767 55.8767 55.8767 55.8767 55.8767 54.9069 54.9069 18.8626 18.8626 18.8626 18.8626 18.8626 18.8626 18.8626 18.8626 29.0386 29.0386 29.0386 29.0386 29.0386 29.0386 29.0386 29.0386 45.0546 45.0546 45.0546 45.0546 45.0546 45.0546 45.0546 45.0546 45.0546 45.0546 45.0546 54.8059 54.8059 54.8059 54.8059 54.8059 54.8059 54.8059 54.8059 54.8059 54.8059 54.8059 28.8172 30.5852 30.5852 30.5852 30.5852 30.5852 30.5852 30.5852 30.5852 30.5852 10.4047 10.4047 10.4047 ]
c0 = [ 122 122 122 122 122 122 122 89 89 250 250 250 250 250 250 250 250 71 71 71 71 71 71 71 71 219 219 219 219 219 219 219 219 219 219 219 139 139 139 139 139 139 139 139 139 139 139 250 110 110 110 110 110 110 110 110 110 202 202 202 ]
cp = [ 32.7895 32.7895 32.7895 32.7895 32.7895 32.7895 32.7895 34.7912 34.7912 15.545 15.545 15.545 15.545 15.545 15.545 15.545 15.545 40.1081 40.1081 40.1081 40.1081 40.1081 40.1081 40.1081 40.1081 19.6718 19.6718 19.6718 19.6718 19.6718 19.6718 19.6718 19.6718 19.6718 19.6718 19.6718 35.2813 35.2813 35.2813 35.2813 35.2813 35.2813 35.2813 35.2813 35.2813 35.2813 35.2813 8.89784 25.8044 25.8044 25.8044 25.8044 25.8044 25.8044 25.8044 25.8044 25.8044 13.2787 13.2787 13.2787 ]
D = [ 2416 2997 3475 3813 4223 4563 4556 4870 5378 5857 6149 6561 6777 7192 7328 7928 8284 8373 8607 9316 9664 9617 10015 10388 10781 10562 9862 9627 9032 8756 8125 7700 7154 6660 6232 6798 7345 8122 8660 9375 9780 8875 8266 7662 6830 6017 5162 4346 ]
K = 9
nk = [ 1 1 1 1 1 1 1 2 2 3 3 3 3 3 3 3 3 4 4 4 4 4 4 4 4 5 5 5 5 5 5 5 5 5 5 5 6 6 6 6 6 6 6 6 6 6 6 7 8 8 8 8 8 8 8 8 8 9 9 9 ]
First = [ 1 0 0 0 0 0 0 1 0 1 0 0 0 0 0 0 0 1 0 0 0 0 0 0 0 1 0 0 0 0 0 0 0 0 0 0 1 0 0 0 0 0 0 0 0 0 0 1 1 0 0 0 0 0 0 0 0 1 0 0 ]
Last = [ 0 0 0 0 0 0 1 0 1 0 0 0 0 0 0 0 1 0 0 0 0 0 0 0 1 0 0 0 0 0 0 0 0 0 0 1 0 0 0 0 0 0 0 0 0 0 1 1 0 0 0 0 0 0 0 0 1 0 0 1 ]
nS = 1
S = [ 0 1 2 3 4 5 6 7 8 9 10 11 12 13 14 15 16 17 18 19 20 21 22 23 24 25 26 27 28 29 30 31 32 33 34 35 36 37 38 39 40 41 42 43 44 45 46 47 48 49 50 51 52 53 54 55 56 57 58 59 ]
