n = 60 ; 
T = 48 ; 
Init = [ 1 1 1 1 1 1 1 1 1 1 1 1 1 1 1 1 1 1 1 1 1 1 1 1 1 1 1 1 1 1 0 0 0 0 0 0 0 0 0 0 0 0 0 0 0 0 0 0 0 0 0 0 0 0 0 0 0 0 0 0 ]
L = [ 7 7 7 7 7 7 7 7 7 7 7 7 7 7 7 7 7 7 7 7 7 7 7 7 7 7 7 7 7 7 6 6 6 6 6 6 6 6 6 6 6 6 6 6 6 6 6 6 6 6 6 6 6 6 6 6 6 6 6 6 ]
l = [ 7 7 7 7 7 7 7 7 7 7 7 7 7 7 7 7 7 7 7 7 7 7 7 7 7 7 7 7 7 7 6 6 6 6 6 6 6 6 6 6 6 6 6 6 6 6 6 6 6 6 6 6 6 6 6 6 6 6 6 6 ]
Pmin = [ 37 37 37 37 37 37 37 37 37 37 37 37 37 37 37 37 37 37 37 37 37 37 37 37 37 37 37 37 37 37 29 29 29 29 29 29 29 29 29 29 29 29 29 29 29 29 29 29 29 29 29 29 29 29 29 29 29 29 29 29 ]
Pmax = [ 135 135 135 135 135 135 135 135 135 135 135 135 135 135 135 135 135 135 135 135 135 135 135 135 135 135 135 135 135 135 97 97 97 97 97 97 97 97 97 97 97 97 97 97 97 97 97 97 97 97 97 97 97 97 97 97 97 97 97 97 ]
cf = [ 28.8283 28.8283 28.8283 28.8283 28.8283 28.8283 28.8283 28.8283 28.8283 28.8283 28.8283 28.8283 28.8283 28.8283 28.8283 28.8283 28.8283 28.8283 28.8283 28.8283 28.8283 28.8283 28.8283 28.8283 28.8283 28.8283 28.8283 28.8283 28.8283 28.8283 52.0826 52.0826 52.0826 52.0826 52.0826 52.0826 52.0826 52.0826 52.0826 52.0826 52.0826 52.0826 52.0826 52.0826 52.0826 52.0826 52.0826 52.0826 52.0826 52.0826 52.0826 52.0826 52.0826 52.0826 52.0826 52.0826 52.0826 52.0826 52.0826 52.0826 ]
c0 = [ 114 114 114 114 114 114 114 114 114 114 114 114 114 114 114 114 114 114 114 114 114 114 114 114 114 114 114 114 114 114 91 91 91 91 91 91 91 91 91 91 91 91 91 91 91 91 91 91 91 91 91 91 91 91 91 91 91 91 91 91 ]
cp = [ 35.5836 35.5836 35.5836 35.5836 35.5836 35.5836 35.5836 35.5836 35.5836 35.5836 35.5836 35.5836 35.5836 35.5836 35.5836 35.5836 35.5836 35.5836 35.5836 35.5836 35.5836 35.5836 35.5836 35.5836 35.5836 35.5836 35.5836 35.5836 35.5836 35.5836 38.5007 38.5007 38.5007 38.5007 38.5007 38.5007 38.5007 38.5007 38.5007 38.5007 38.5007 38.5007 38.5007 38.5007 38.5007 38.5007 38.5007 38.5007 38.5007 38.5007 38.5007 38.5007 38.5007 38.5007 38.5007 38.5007 38.5007 38.5007 38.5007 38.5007 ]
D = [ 1704 1976 2229 2263 2433 2548 2951 2995 3064 3351 3523 3503 3942 3921 4069 4164 4332 4605 4761 5057 5186 5258 5482 5579 5845 5455 5461 5047 4959 4589 4294 4299 4037 3828 3424 3705 4265 4359 4798 4983 5477 4890 4414 4150 3655 3162 2827 2335 ]
K = 2
nk = [ 1 1 1 1 1 1 1 1 1 1 1 1 1 1 1 1 1 1 1 1 1 1 1 1 1 1 1 1 1 1 2 2 2 2 2 2 2 2 2 2 2 2 2 2 2 2 2 2 2 2 2 2 2 2 2 2 2 2 2 2 ]
First = [ 1 0 0 0 0 0 0 0 0 0 0 0 0 0 0 0 0 0 0 0 0 0 0 0 0 0 0 0 0 0 1 0 0 0 0 0 0 0 0 0 0 0 0 0 0 0 0 0 0 0 0 0 0 0 0 0 0 0 0 0 ]
Last = [ 0 0 0 0 0 0 0 0 0 0 0 0 0 0 0 0 0 0 0 0 0 0 0 0 0 0 0 0 0 1 0 0 0 0 0 0 0 0 0 0 0 0 0 0 0 0 0 0 0 0 0 0 0 0 0 0 0 0 0 1 ]
nS = 1
S = [ 0 1 2 3 4 5 6 7 8 9 10 11 12 13 14 15 16 17 18 19 20 21 22 23 24 25 26 27 28 29 30 31 32 33 34 35 36 37 38 39 40 41 42 43 44 45 46 47 48 49 50 51 52 53 54 55 56 57 58 59 ]
