n = 60 ; 
T = 48 ; 
Init = [ 0 0 0 0 0 0 0 0 0 0 0 0 0 0 0 0 0 0 1 1 1 1 1 1 1 0 0 0 0 0 0 0 0 0 0 1 1 0 0 0 0 1 1 1 1 1 1 1 1 1 1 0 1 1 0 0 0 0 0 0 ]
L = [ 16 16 16 16 16 16 16 16 6 6 6 6 6 6 6 6 6 6 10 10 10 10 10 10 10 6 6 6 6 6 6 6 6 6 6 8 8 17 17 17 17 14 14 14 15 15 15 15 15 15 15 13 8 8 17 17 17 17 17 17 ]
l = [ 16 16 16 16 16 16 16 16 6 6 6 6 6 6 6 6 6 6 10 10 10 10 10 10 10 6 6 6 6 6 6 6 6 6 6 8 8 17 17 17 17 14 14 14 15 15 15 15 15 15 15 13 8 8 17 17 17 17 17 17 ]
Pmin = [ 80 80 80 80 80 80 80 80 25 25 25 25 25 25 25 25 25 25 48 48 48 48 48 48 48 21 21 21 21 21 21 21 21 21 21 46 46 85 85 85 85 79 79 79 79 79 79 79 79 79 79 66 41 41 90 90 90 90 90 90 ]
Pmax = [ 335 335 335 335 335 335 335 335 72 72 72 72 72 72 72 72 72 72 177 177 177 177 177 177 177 63 63 63 63 63 63 63 63 63 63 156 156 344 344 344 344 307 307 307 318 318 318 318 318 318 318 270 152 152 360 360 360 360 360 360 ]
cf = [ 41.3161 41.3161 41.3161 41.3161 41.3161 41.3161 41.3161 41.3161 55.1655 55.1655 55.1655 55.1655 55.1655 55.1655 55.1655 55.1655 55.1655 55.1655 48.7451 48.7451 48.7451 48.7451 48.7451 48.7451 48.7451 67.4069 67.4069 67.4069 67.4069 67.4069 67.4069 67.4069 67.4069 67.4069 67.4069 25.7296 25.7296 58.512 58.512 58.512 58.512 27.7086 27.7086 27.7086 27.256 27.256 27.256 27.256 27.256 27.256 27.256 36.6691 28.1791 28.1791 33.4174 33.4174 33.4174 33.4174 33.4174 33.4174 ]
c0 = [ 215 215 215 215 215 215 215 215 82 82 82 82 82 82 82 82 82 82 137 137 137 137 137 137 137 64 64 64 64 64 64 64 64 64 64 143 143 225 225 225 225 211 211 211 213 213 213 213 213 213 213 169 111 111 233 233 233 233 233 233 ]
cp = [ 15.5796 15.5796 15.5796 15.5796 15.5796 15.5796 15.5796 15.5796 40.5517 40.5517 40.5517 40.5517 40.5517 40.5517 40.5517 40.5517 40.5517 40.5517 34.6699 34.6699 34.6699 34.6699 34.6699 34.6699 34.6699 30.0923 30.0923 30.0923 30.0923 30.0923 30.0923 30.0923 30.0923 30.0923 30.0923 30.4193 30.4193 12.501 12.501 12.501 12.501 24.2621 24.2621 24.2621 29.2151 29.2151 29.2151 29.2151 29.2151 29.2151 29.2151 35.8723 25.074 25.074 27.6025 27.6025 27.6025 27.6025 27.6025 27.6025 ]
D = [ 2937 3571 3861 3943 4463 4877 5121 5056 5508 6134 6370 6740 7035 7421 7410 8198 8443 8417 9012 9049 9516 10014 10439 10461 10744 10640 10070 9710 9156 8486 8037 8029 7149 7173 6402 7159 7687 7764 8639 8774 9660 8693 8147 7251 6339 5451 5012 4014 ]
K = 11
nk = [ 1 1 1 1 1 1 1 1 2 2 2 2 2 2 2 2 2 2 3 3 3 3 3 3 3 4 4 4 4 4 4 4 4 4 4 5 5 6 6 6 6 7 7 7 8 8 8 8 8 8 8 9 10 10 11 11 11 11 11 11 ]
First = [ 1 0 0 0 0 0 0 0 1 0 0 0 0 0 0 0 0 0 1 0 0 0 0 0 0 1 0 0 0 0 0 0 0 0 0 1 0 1 0 0 0 1 0 0 1 0 0 0 0 0 0 1 1 0 1 0 0 0 0 0 ]
Last = [ 0 0 0 0 0 0 0 1 0 0 0 0 0 0 0 0 0 1 0 0 0 0 0 0 1 0 0 0 0 0 0 0 0 0 1 0 1 0 0 0 1 0 0 1 0 0 0 0 0 0 1 1 0 1 0 0 0 0 0 1 ]
nS = 1
S = [ 0 1 2 3 4 5 6 7 8 9 10 11 12 13 14 15 16 17 18 19 20 21 22 23 24 25 26 27 28 29 30 31 32 33 34 35 36 37 38 39 40 41 42 43 44 45 46 47 48 49 50 51 52 53 54 55 56 57 58 59 ]
