n = 60 ; 
T = 48 ; 
Init = [ 1 1 1 1 1 1 1 1 1 1 1 1 1 1 1 0 0 0 0 0 1 1 1 1 1 1 1 1 1 1 1 1 1 1 1 1 1 1 0 0 0 0 0 0 0 0 0 0 0 0 0 0 0 0 0 0 0 0 0 0 ]
L = [ 11 11 11 11 11 11 11 11 11 11 11 11 11 11 11 16 16 16 16 16 17 17 17 17 17 5 5 5 5 5 5 5 5 5 5 5 5 5 11 11 11 16 16 16 16 16 16 16 16 16 16 16 16 16 16 16 16 16 16 16 ]
l = [ 11 11 11 11 11 11 11 11 11 11 11 11 11 11 11 16 16 16 16 16 17 17 17 17 17 5 5 5 5 5 5 5 5 5 5 5 5 5 11 11 11 16 16 16 16 16 16 16 16 16 16 16 16 16 16 16 16 16 16 16 ]
Pmin = [ 61 61 61 61 61 61 61 61 61 61 61 61 61 61 61 78 78 78 78 78 93 93 93 93 93 25 25 25 25 25 25 25 25 25 25 25 25 25 55 55 55 90 90 90 90 90 90 90 90 90 93 93 93 93 93 93 93 93 93 93 ]
Pmax = [ 215 215 215 215 215 215 215 215 215 215 215 215 215 215 215 320 320 320 320 320 357 357 357 357 357 55 55 55 55 55 55 55 55 55 55 55 55 55 218 218 218 351 351 351 351 351 351 351 351 351 360 360 360 360 360 360 360 360 360 360 ]
cf = [ 57.154 57.154 57.154 57.154 57.154 57.154 57.154 57.154 57.154 57.154 57.154 57.154 57.154 57.154 57.154 17.9544 17.9544 17.9544 17.9544 17.9544 38.1304 38.1304 38.1304 38.1304 38.1304 21.1843 21.1843 21.1843 21.1843 21.1843 21.1843 21.1843 21.1843 21.1843 21.1843 21.1843 21.1843 21.1843 35.9007 35.9007 35.9007 24.174 24.174 24.174 24.174 24.174 24.174 24.174 24.174 24.174 47.6515 47.6515 47.6515 47.6515 47.6515 47.6515 47.6515 47.6515 47.6515 47.6515 ]
c0 = [ 174 174 174 174 174 174 174 174 174 174 174 174 174 174 174 207 207 207 207 207 237 237 237 237 237 91 91 91 91 91 91 91 91 91 91 91 91 91 165 165 165 245 245 245 245 245 245 245 245 245 239 239 239 239 239 239 239 239 239 239 ]
cp = [ 23.5375 23.5375 23.5375 23.5375 23.5375 23.5375 23.5375 23.5375 23.5375 23.5375 23.5375 23.5375 23.5375 23.5375 23.5375 17.3912 17.3912 17.3912 17.3912 17.3912 11.6098 11.6098 11.6098 11.6098 11.6098 39.9471 39.9471 39.9471 39.9471 39.9471 39.9471 39.9471 39.9471 39.9471 39.9471 39.9471 39.9471 39.9471 27.5095 27.5095 27.5095 17.6885 17.6885 17.6885 17.6885 17.6885 17.6885 17.6885 17.6885 17.6885 12.2102 12.2102 12.2102 12.2102 12.2102 12.2102 12.2102 12.2102 12.2102 12.2102 ]
D = [ 4113 4528 5098 5336 5416 5661 6069 6358 6673 7421 7322 7982 8077 8678 9203 9624 9512 9775 10568 10500 10796 11518 11966 12031 12760 11769 11237 10899 10698 9967 9398 8837 8174 7828 7157 7844 8424 8843 9472 10020 10249 9720 8691 7956 7092 6241 5580 4846 ]
K = 7
nk = [ 1 1 1 1 1 1 1 1 1 1 1 1 1 1 1 2 2 2 2 2 3 3 3 3 3 4 4 4 4 4 4 4 4 4 4 4 4 4 5 5 5 6 6 6 6 6 6 6 6 6 7 7 7 7 7 7 7 7 7 7 ]
First = [ 1 0 0 0 0 0 0 0 0 0 0 0 0 0 0 1 0 0 0 0 1 0 0 0 0 1 0 0 0 0 0 0 0 0 0 0 0 0 1 0 0 1 0 0 0 0 0 0 0 0 1 0 0 0 0 0 0 0 0 0 ]
Last = [ 0 0 0 0 0 0 0 0 0 0 0 0 0 0 1 0 0 0 0 1 0 0 0 0 1 0 0 0 0 0 0 0 0 0 0 0 0 1 0 0 1 0 0 0 0 0 0 0 0 1 0 0 0 0 0 0 0 0 0 1 ]
nS = 1
S = [ 0 1 2 3 4 5 6 7 8 9 10 11 12 13 14 15 16 17 18 19 20 21 22 23 24 25 26 27 28 29 30 31 32 33 34 35 36 37 38 39 40 41 42 43 44 45 46 47 48 49 50 51 52 53 54 55 56 57 58 59 ]
