n = 60 ; 
T = 48 ; 
Init = [ 1 1 1 1 1 1 1 1 1 1 1 1 0 0 0 0 0 0 0 1 1 1 1 1 1 1 1 1 1 1 1 1 1 1 1 1 1 1 1 1 1 1 1 1 1 1 1 1 1 1 1 1 1 1 1 1 1 1 1 1 ]
L = [ 11 11 11 11 11 11 11 11 11 11 11 11 8 8 8 8 8 8 8 14 14 14 14 14 10 10 10 10 10 10 10 10 10 10 10 10 10 7 7 7 7 7 7 7 7 7 7 7 7 7 7 7 12 12 12 12 12 12 12 12 ]
l = [ 11 11 11 11 11 11 11 11 11 11 11 11 8 8 8 8 8 8 8 14 14 14 14 14 10 10 10 10 10 10 10 10 10 10 10 10 10 7 7 7 7 7 7 7 7 7 7 7 7 7 7 7 12 12 12 12 12 12 12 12 ]
Pmin = [ 60 60 60 60 60 60 60 60 60 60 60 60 45 45 45 45 45 45 45 81 81 81 81 81 55 55 55 55 55 55 55 55 55 55 55 55 55 42 42 42 42 42 42 42 42 42 42 42 42 42 42 42 63 63 63 63 63 63 63 63 ]
Pmax = [ 221 221 221 221 221 221 221 221 221 221 221 221 155 155 155 155 155 155 155 308 308 308 308 308 197 197 197 197 197 197 197 197 197 197 197 197 197 144 144 144 144 144 144 144 144 144 144 144 144 144 144 144 242 242 242 242 242 242 242 242 ]
cf = [ 32.9992 32.9992 32.9992 32.9992 32.9992 32.9992 32.9992 32.9992 32.9992 32.9992 32.9992 32.9992 50.5535 50.5535 50.5535 50.5535 50.5535 50.5535 50.5535 69.2797 69.2797 69.2797 69.2797 69.2797 17.9148 17.9148 17.9148 17.9148 17.9148 17.9148 17.9148 17.9148 17.9148 17.9148 17.9148 17.9148 17.9148 64.347 64.347 64.347 64.347 64.347 64.347 64.347 64.347 64.347 64.347 64.347 64.347 64.347 64.347 64.347 18.1712 18.1712 18.1712 18.1712 18.1712 18.1712 18.1712 18.1712 ]
c0 = [ 165 165 165 165 165 165 165 165 165 165 165 165 130 130 130 130 130 130 130 213 213 213 213 213 144 144 144 144 144 144 144 144 144 144 144 144 144 123 123 123 123 123 123 123 123 123 123 123 123 123 123 123 179 179 179 179 179 179 179 179 ]
cp = [ 31.1068 31.1068 31.1068 31.1068 31.1068 31.1068 31.1068 31.1068 31.1068 31.1068 31.1068 31.1068 31.7731 31.7731 31.7731 31.7731 31.7731 31.7731 31.7731 21.8036 21.8036 21.8036 21.8036 21.8036 28.4656 28.4656 28.4656 28.4656 28.4656 28.4656 28.4656 28.4656 28.4656 28.4656 28.4656 28.4656 28.4656 27.1701 27.1701 27.1701 27.1701 27.1701 27.1701 27.1701 27.1701 27.1701 27.1701 27.1701 27.1701 27.1701 27.1701 27.1701 24.0174 24.0174 24.0174 24.0174 24.0174 24.0174 24.0174 24.0174 ]
D = [ 2903 3587 3501 4012 4158 4577 4606 5060 5596 5697 5819 6427 6497 6731 7015 7541 7548 7969 8041 8519 8597 8998 9173 9756 9988 9356 9029 8830 8090 7921 7607 6852 6607 5927 5878 6359 6676 7234 7410 7981 8359 7797 7164 6753 6143 5512 4869 3985 ]
K = 6
nk = [ 1 1 1 1 1 1 1 1 1 1 1 1 2 2 2 2 2 2 2 3 3 3 3 3 4 4 4 4 4 4 4 4 4 4 4 4 4 5 5 5 5 5 5 5 5 5 5 5 5 5 5 5 6 6 6 6 6 6 6 6 ]
First = [ 1 0 0 0 0 0 0 0 0 0 0 0 1 0 0 0 0 0 0 1 0 0 0 0 1 0 0 0 0 0 0 0 0 0 0 0 0 1 0 0 0 0 0 0 0 0 0 0 0 0 0 0 1 0 0 0 0 0 0 0 ]
Last = [ 0 0 0 0 0 0 0 0 0 0 0 1 0 0 0 0 0 0 1 0 0 0 0 1 0 0 0 0 0 0 0 0 0 0 0 0 1 0 0 0 0 0 0 0 0 0 0 0 0 0 0 1 0 0 0 0 0 0 0 1 ]
nS = 1
S = [ 0 1 2 3 4 5 6 7 8 9 10 11 12 13 14 15 16 17 18 19 20 21 22 23 24 25 26 27 28 29 30 31 32 33 34 35 36 37 38 39 40 41 42 43 44 45 46 47 48 49 50 51 52 53 54 55 56 57 58 59 ]
