n = 60 ; 
T = 48 ; 
Init = [ 1 1 1 1 1 1 1 1 1 1 1 1 1 1 1 1 1 1 1 1 1 1 1 1 1 1 1 1 1 1 1 1 1 1 1 1 1 1 1 1 1 1 1 1 1 1 1 1 1 1 1 1 1 1 1 1 1 1 1 0 ]
L = [ 14 14 14 14 14 14 14 14 14 14 18 18 18 18 18 18 18 18 18 18 18 18 18 18 18 18 18 18 18 18 18 18 8 8 8 8 8 8 8 8 8 8 8 8 8 8 8 8 8 8 8 8 8 8 8 8 8 8 8 14 ]
l = [ 14 14 14 14 14 14 14 14 14 14 18 18 18 18 18 18 18 18 18 18 18 18 18 18 18 18 18 18 18 18 18 18 8 8 8 8 8 8 8 8 8 8 8 8 8 8 8 8 8 8 8 8 8 8 8 8 8 8 8 14 ]
Pmin = [ 81 81 81 81 81 81 81 81 81 81 94 94 94 94 94 94 94 94 94 94 94 94 94 94 94 94 94 94 94 94 94 94 40 40 40 40 40 40 40 40 40 40 40 40 40 40 40 40 40 40 40 40 40 40 40 40 40 40 40 71 ]
Pmax = [ 311 311 311 311 311 311 311 311 311 311 387 387 387 387 387 387 387 387 387 387 387 387 387 387 387 387 387 387 387 387 387 387 135 135 135 135 135 135 135 135 135 135 135 135 135 135 135 135 135 135 135 135 135 135 135 135 135 135 135 287 ]
cf = [ 50.2216 50.2216 50.2216 50.2216 50.2216 50.2216 50.2216 50.2216 50.2216 50.2216 58.3549 58.3549 58.3549 58.3549 58.3549 58.3549 58.3549 58.3549 58.3549 58.3549 58.3549 58.3549 58.3549 58.3549 58.3549 58.3549 58.3549 58.3549 58.3549 58.3549 58.3549 58.3549 47.9844 47.9844 47.9844 47.9844 47.9844 47.9844 47.9844 47.9844 47.9844 47.9844 47.9844 47.9844 47.9844 47.9844 47.9844 47.9844 47.9844 47.9844 47.9844 47.9844 47.9844 47.9844 47.9844 47.9844 47.9844 47.9844 47.9844 67.2279 ]
c0 = [ 219 219 219 219 219 219 219 219 219 219 242 242 242 242 242 242 242 242 242 242 242 242 242 242 242 242 242 242 242 242 242 242 115 115 115 115 115 115 115 115 115 115 115 115 115 115 115 115 115 115 115 115 115 115 115 115 115 115 115 201 ]
cp = [ 14.5244 14.5244 14.5244 14.5244 14.5244 14.5244 14.5244 14.5244 14.5244 14.5244 12.3925 12.3925 12.3925 12.3925 12.3925 12.3925 12.3925 12.3925 12.3925 12.3925 12.3925 12.3925 12.3925 12.3925 12.3925 12.3925 12.3925 12.3925 12.3925 12.3925 12.3925 12.3925 36.153 36.153 36.153 36.153 36.153 36.153 36.153 36.153 36.153 36.153 36.153 36.153 36.153 36.153 36.153 36.153 36.153 36.153 36.153 36.153 36.153 36.153 36.153 36.153 36.153 36.153 36.153 18.8527 ]
D = [ 4009 4117 4927 4893 5466 5656 6217 6642 7334 7224 7937 8060 8906 8861 9492 9984 10257 10893 10896 11468 12239 12251 12560 13449 13608 13009 12327 12059 10998 10379 9762 9119 8823 7987 7525 7947 8689 9554 9993 10398 11368 10028 9307 8631 7461 6965 5751 5069 ]
K = 4
nk = [ 1 1 1 1 1 1 1 1 1 1 2 2 2 2 2 2 2 2 2 2 2 2 2 2 2 2 2 2 2 2 2 2 3 3 3 3 3 3 3 3 3 3 3 3 3 3 3 3 3 3 3 3 3 3 3 3 3 3 3 4 ]
First = [ 1 0 0 0 0 0 0 0 0 0 1 0 0 0 0 0 0 0 0 0 0 0 0 0 0 0 0 0 0 0 0 0 1 0 0 0 0 0 0 0 0 0 0 0 0 0 0 0 0 0 0 0 0 0 0 0 0 0 0 1 ]
Last = [ 0 0 0 0 0 0 0 0 0 1 0 0 0 0 0 0 0 0 0 0 0 0 0 0 0 0 0 0 0 0 0 1 0 0 0 0 0 0 0 0 0 0 0 0 0 0 0 0 0 0 0 0 0 0 0 0 0 0 1 1 ]
nS = 1
S = [ 0 1 2 3 4 5 6 7 8 9 10 11 12 13 14 15 16 17 18 19 20 21 22 23 24 25 26 27 28 29 30 31 32 33 34 35 36 37 38 39 40 41 42 43 44 45 46 47 48 49 50 51 52 53 54 55 56 57 58 59 ]
