n = 60 ; 
T = 48 ; 
Init = [ 1 1 1 1 1 1 1 1 1 1 1 1 1 1 1 1 1 1 1 1 1 1 1 1 1 1 1 1 1 1 1 0 0 0 0 0 0 0 0 0 0 0 0 1 1 0 0 0 0 0 0 0 0 0 1 1 1 1 1 1 ]
L = [ 11 11 11 11 11 11 11 11 11 11 11 16 16 16 7 7 7 7 7 7 7 7 7 10 10 10 10 10 10 10 10 14 14 14 14 14 14 14 14 14 5 5 5 5 5 5 5 5 5 5 5 5 5 5 16 16 16 16 15 15 ]
l = [ 11 11 11 11 11 11 11 11 11 11 11 16 16 16 7 7 7 7 7 7 7 7 7 10 10 10 10 10 10 10 10 14 14 14 14 14 14 14 14 14 5 5 5 5 5 5 5 5 5 5 5 5 5 5 16 16 16 16 15 15 ]
Pmin = [ 58 58 58 58 58 58 58 58 58 58 58 93 93 93 28 28 28 28 28 28 28 28 28 54 54 54 54 54 54 54 54 75 75 75 75 75 75 75 75 75 32 32 32 27 27 23 23 23 23 23 23 23 23 23 85 85 85 85 82 82 ]
Pmax = [ 223 223 223 223 223 223 223 223 223 223 223 350 350 350 103 103 103 103 103 103 103 103 103 210 210 210 210 210 210 210 210 298 298 298 298 298 298 298 298 298 89 89 89 81 81 58 58 58 58 58 58 58 58 58 333 333 333 333 326 326 ]
cf = [ 11.0179 11.0179 11.0179 11.0179 11.0179 11.0179 11.0179 11.0179 11.0179 11.0179 11.0179 37.1158 37.1158 37.1158 40.0989 40.0989 40.0989 40.0989 40.0989 40.0989 40.0989 40.0989 40.0989 40.8755 40.8755 40.8755 40.8755 40.8755 40.8755 40.8755 40.8755 40.3183 40.3183 40.3183 40.3183 40.3183 40.3183 40.3183 40.3183 40.3183 28.4792 28.4792 28.4792 51.2521 51.2521 23.5002 23.5002 23.5002 23.5002 23.5002 23.5002 23.5002 23.5002 23.5002 43.7971 43.7971 43.7971 43.7971 13.1423 13.1423 ]
c0 = [ 172 172 172 172 172 172 172 172 172 172 172 234 234 234 87 87 87 87 87 87 87 87 87 151 151 151 151 151 151 151 151 207 207 207 207 207 207 207 207 207 102 102 102 84 84 72 72 72 72 72 72 72 72 72 225 225 225 225 208 208 ]
cp = [ 32.7478 32.7478 32.7478 32.7478 32.7478 32.7478 32.7478 32.7478 32.7478 32.7478 32.7478 21.016 21.016 21.016 34.3543 34.3543 34.3543 34.3543 34.3543 34.3543 34.3543 34.3543 34.3543 31.4272 31.4272 31.4272 31.4272 31.4272 31.4272 31.4272 31.4272 14.7862 14.7862 14.7862 14.7862 14.7862 14.7862 14.7862 14.7862 14.7862 39.7681 39.7681 39.7681 37.2808 37.2808 41.5804 41.5804 41.5804 41.5804 41.5804 41.5804 41.5804 41.5804 41.5804 13.3715 13.3715 13.3715 13.3715 12.1171 12.1171 ]
D = [ 3209 3404 3748 4131 4250 4633 5098 5326 5457 5971 6127 6498 6657 6915 7409 7727 7896 8212 8538 8603 9210 9543 9836 10130 10224 9711 9330 8834 8423 7807 7469 6832 6582 5821 5737 6247 6510 7063 7503 8068 8368 7491 6954 6411 5493 4683 4158 3581 ]
K = 10
nk = [ 1 1 1 1 1 1 1 1 1 1 1 2 2 2 3 3 3 3 3 3 3 3 3 4 4 4 4 4 4 4 4 5 5 5 5 5 5 5 5 5 6 6 6 7 7 8 8 8 8 8 8 8 8 8 9 9 9 9 10 10 ]
First = [ 1 0 0 0 0 0 0 0 0 0 0 1 0 0 1 0 0 0 0 0 0 0 0 1 0 0 0 0 0 0 0 1 0 0 0 0 0 0 0 0 1 0 0 1 0 1 0 0 0 0 0 0 0 0 1 0 0 0 1 0 ]
Last = [ 0 0 0 0 0 0 0 0 0 0 1 0 0 1 0 0 0 0 0 0 0 0 1 0 0 0 0 0 0 0 1 0 0 0 0 0 0 0 0 1 0 0 1 0 1 0 0 0 0 0 0 0 0 1 0 0 0 1 0 1 ]
nS = 1
S = [ 0 1 2 3 4 5 6 7 8 9 10 11 12 13 14 15 16 17 18 19 20 21 22 23 24 25 26 27 28 29 30 31 32 33 34 35 36 37 38 39 40 41 42 43 44 45 46 47 48 49 50 51 52 53 54 55 56 57 58 59 ]
