n = 60 ; 
T = 48 ; 
Init = [ 0 0 0 0 0 0 0 0 0 0 0 0 0 1 1 1 1 1 1 1 1 1 1 1 1 1 1 1 1 1 1 1 1 1 1 1 1 1 1 1 1 1 1 1 1 0 0 0 0 0 0 0 0 0 0 0 0 0 0 0 ]
L = [ 10 10 10 10 10 10 10 10 10 10 10 10 10 19 19 19 19 19 19 19 19 19 19 19 19 19 19 19 19 19 19 19 15 15 15 15 15 15 15 15 15 15 15 15 15 8 8 8 8 8 8 8 8 8 8 8 8 8 8 8 ]
l = [ 10 10 10 10 10 10 10 10 10 10 10 10 10 19 19 19 19 19 19 19 19 19 19 19 19 19 19 19 19 19 19 19 15 15 15 15 15 15 15 15 15 15 15 15 15 8 8 8 8 8 8 8 8 8 8 8 8 8 8 8 ]
Pmin = [ 51 51 51 51 51 51 51 51 51 51 51 51 51 100 100 100 100 100 100 100 100 100 100 100 100 100 100 100 100 100 100 100 78 78 78 78 78 78 78 78 78 78 78 78 78 35 35 35 35 35 35 35 35 35 35 35 35 35 35 35 ]
Pmax = [ 188 188 188 188 188 188 188 188 188 188 188 188 188 420 420 420 420 420 420 420 420 420 420 420 420 420 420 420 420 420 420 420 309 309 309 309 309 309 309 309 309 309 309 309 309 125 125 125 125 125 125 125 125 125 125 125 125 125 125 125 ]
cf = [ 38.8627 38.8627 38.8627 38.8627 38.8627 38.8627 38.8627 38.8627 38.8627 38.8627 38.8627 38.8627 38.8627 28.6811 28.6811 28.6811 28.6811 28.6811 28.6811 28.6811 28.6811 28.6811 28.6811 28.6811 28.6811 28.6811 28.6811 28.6811 28.6811 28.6811 28.6811 28.6811 50.9253 50.9253 50.9253 50.9253 50.9253 50.9253 50.9253 50.9253 50.9253 50.9253 50.9253 50.9253 50.9253 65.8064 65.8064 65.8064 65.8064 65.8064 65.8064 65.8064 65.8064 65.8064 65.8064 65.8064 65.8064 65.8064 65.8064 65.8064 ]
c0 = [ 150 150 150 150 150 150 150 150 150 150 150 150 150 250 250 250 250 250 250 250 250 250 250 250 250 250 250 250 250 250 250 250 200 200 200 200 200 200 200 200 200 200 200 200 200 105 105 105 105 105 105 105 105 105 105 105 105 105 105 105 ]
cp = [ 36.4934 36.4934 36.4934 36.4934 36.4934 36.4934 36.4934 36.4934 36.4934 36.4934 36.4934 36.4934 36.4934 11.8939 11.8939 11.8939 11.8939 11.8939 11.8939 11.8939 11.8939 11.8939 11.8939 11.8939 11.8939 11.8939 11.8939 11.8939 11.8939 11.8939 11.8939 11.8939 11.2548 11.2548 11.2548 11.2548 11.2548 11.2548 11.2548 11.2548 11.2548 11.2548 11.2548 11.2548 11.2548 30.1012 30.1012 30.1012 30.1012 30.1012 30.1012 30.1012 30.1012 30.1012 30.1012 30.1012 30.1012 30.1012 30.1012 30.1012 ]
D = [ 4346 4345 5213 5260 5691 6037 6714 7002 7281 7611 8261 8541 9369 9276 9962 10484 10919 11427 11596 12121 12442 12676 13579 13598 13840 13477 13225 12479 11805 11236 10728 9854 9526 8822 8237 9312 9926 10337 11289 12424 12753 11945 10950 9697 8385 7012 5870 4581 ]
K = 4
nk = [ 1 1 1 1 1 1 1 1 1 1 1 1 1 2 2 2 2 2 2 2 2 2 2 2 2 2 2 2 2 2 2 2 3 3 3 3 3 3 3 3 3 3 3 3 3 4 4 4 4 4 4 4 4 4 4 4 4 4 4 4 ]
First = [ 1 0 0 0 0 0 0 0 0 0 0 0 0 1 0 0 0 0 0 0 0 0 0 0 0 0 0 0 0 0 0 0 1 0 0 0 0 0 0 0 0 0 0 0 0 1 0 0 0 0 0 0 0 0 0 0 0 0 0 0 ]
Last = [ 0 0 0 0 0 0 0 0 0 0 0 0 1 0 0 0 0 0 0 0 0 0 0 0 0 0 0 0 0 0 0 1 0 0 0 0 0 0 0 0 0 0 0 0 1 0 0 0 0 0 0 0 0 0 0 0 0 0 0 1 ]
nS = 1
S = [ 0 1 2 3 4 5 6 7 8 9 10 11 12 13 14 15 16 17 18 19 20 21 22 23 24 25 26 27 28 29 30 31 32 33 34 35 36 37 38 39 40 41 42 43 44 45 46 47 48 49 50 51 52 53 54 55 56 57 58 59 ]
