n = 60 ; 
T = 48 ; 
Init = [ 0 0 0 0 0 0 0 0 0 0 0 0 0 0 0 0 0 0 0 0 0 1 1 1 1 1 1 1 1 1 1 1 1 1 1 1 1 1 1 1 1 1 1 1 1 1 1 1 1 1 1 1 0 0 0 0 0 0 0 0 ]
L = [ 17 17 17 17 17 17 17 17 17 17 17 17 17 17 17 17 17 17 17 17 17 15 15 15 15 15 15 15 15 15 15 15 15 15 15 16 16 16 16 16 16 16 16 16 16 16 16 16 16 16 16 16 19 19 19 19 19 19 19 19 ]
l = [ 17 17 17 17 17 17 17 17 17 17 17 17 17 17 17 17 17 17 17 17 17 15 15 15 15 15 15 15 15 15 15 15 15 15 15 16 16 16 16 16 16 16 16 16 16 16 16 16 16 16 16 16 19 19 19 19 19 19 19 19 ]
Pmin = [ 94 94 94 94 94 94 94 94 94 94 94 94 94 94 94 94 94 98 98 98 98 91 91 91 91 91 91 91 91 91 91 91 91 91 91 88 88 88 88 88 88 88 88 88 88 88 88 88 88 88 88 88 100 100 100 100 100 100 100 100 ]
Pmax = [ 376 376 376 376 376 376 376 376 376 376 376 376 376 376 376 376 376 382 382 382 382 343 343 343 343 343 343 343 343 343 343 343 343 343 343 352 352 352 352 352 352 352 352 352 352 352 352 352 352 352 352 352 420 420 420 420 420 420 420 420 ]
cf = [ 49.3562 49.3562 49.3562 49.3562 49.3562 49.3562 49.3562 49.3562 49.3562 49.3562 49.3562 49.3562 49.3562 49.3562 49.3562 49.3562 49.3562 58.9492 58.9492 58.9492 58.9492 50.1999 50.1999 50.1999 50.1999 50.1999 50.1999 50.1999 50.1999 50.1999 50.1999 50.1999 50.1999 50.1999 50.1999 14.6993 14.6993 14.6993 14.6993 14.6993 14.6993 14.6993 14.6993 14.6993 14.6993 14.6993 14.6993 14.6993 14.6993 14.6993 14.6993 14.6993 53.7413 53.7413 53.7413 53.7413 53.7413 53.7413 53.7413 53.7413 ]
c0 = [ 250 250 250 250 250 250 250 250 250 250 250 250 250 250 250 250 250 250 250 250 250 249 249 249 249 249 249 249 249 249 249 249 249 249 249 227 227 227 227 227 227 227 227 227 227 227 227 227 227 227 227 227 250 250 250 250 250 250 250 250 ]
cp = [ 26.6768 26.6768 26.6768 26.6768 26.6768 26.6768 26.6768 26.6768 26.6768 26.6768 26.6768 26.6768 26.6768 26.6768 26.6768 26.6768 26.6768 12.3725 12.3725 12.3725 12.3725 18.5947 18.5947 18.5947 18.5947 18.5947 18.5947 18.5947 18.5947 18.5947 18.5947 18.5947 18.5947 18.5947 18.5947 14.8158 14.8158 14.8158 14.8158 14.8158 14.8158 14.8158 14.8158 14.8158 14.8158 14.8158 14.8158 14.8158 14.8158 14.8158 14.8158 14.8158 11.333 11.333 11.333 11.333 11.333 11.333 11.333 11.333 ]
D = [ 4746 4790 5391 6571 6670 7109 8250 8442 9197 9344 10624 10860 11777 11624 12525 13154 13584 14376 14655 15239 15535 16557 16849 17085 17654 17569 16369 16152 14980 14478 13747 13447 12430 11741 11180 12203 13010 13766 15304 15425 16651 15660 13975 12309 10606 9263 8550 6718 ]
K = 5
nk = [ 1 1 1 1 1 1 1 1 1 1 1 1 1 1 1 1 1 2 2 2 2 3 3 3 3 3 3 3 3 3 3 3 3 3 3 4 4 4 4 4 4 4 4 4 4 4 4 4 4 4 4 4 5 5 5 5 5 5 5 5 ]
First = [ 1 0 0 0 0 0 0 0 0 0 0 0 0 0 0 0 0 1 0 0 0 1 0 0 0 0 0 0 0 0 0 0 0 0 0 1 0 0 0 0 0 0 0 0 0 0 0 0 0 0 0 0 1 0 0 0 0 0 0 0 ]
Last = [ 0 0 0 0 0 0 0 0 0 0 0 0 0 0 0 0 1 0 0 0 1 0 0 0 0 0 0 0 0 0 0 0 0 0 1 0 0 0 0 0 0 0 0 0 0 0 0 0 0 0 0 1 0 0 0 0 0 0 0 1 ]
nS = 1
S = [ 0 1 2 3 4 5 6 7 8 9 10 11 12 13 14 15 16 17 18 19 20 21 22 23 24 25 26 27 28 29 30 31 32 33 34 35 36 37 38 39 40 41 42 43 44 45 46 47 48 49 50 51 52 53 54 55 56 57 58 59 ]
