n = 60 ; 
T = 48 ; 
Init = [ 0 0 0 0 0 0 0 0 0 0 0 0 0 0 0 0 0 1 1 1 1 1 1 1 1 1 1 1 1 1 1 1 1 1 1 1 1 0 0 0 0 0 0 0 0 0 0 0 0 0 0 0 0 0 0 0 0 0 0 0 ]
L = [ 7 17 17 17 9 9 9 9 9 9 9 9 9 9 9 9 9 6 6 6 6 6 6 6 6 6 6 6 6 6 6 6 6 6 6 6 6 14 14 14 14 14 14 14 14 14 14 14 14 14 14 14 14 14 14 14 14 5 5 5 ]
l = [ 7 17 17 17 9 9 9 9 9 9 9 9 9 9 9 9 9 6 6 6 6 6 6 6 6 6 6 6 6 6 6 6 6 6 6 6 6 14 14 14 14 14 14 14 14 14 14 14 14 14 14 14 14 14 14 14 14 5 5 5 ]
Pmin = [ 38 94 94 94 45 45 45 45 45 45 45 45 45 45 45 45 45 26 26 26 26 26 26 26 26 26 26 26 26 26 26 26 26 26 26 26 26 68 68 68 68 68 68 68 68 68 68 68 68 68 68 68 68 68 68 68 68 28 28 28 ]
Pmax = [ 138 357 357 357 174 174 174 174 174 174 174 174 174 174 174 174 174 67 67 67 67 67 67 67 67 67 67 67 67 67 67 67 67 67 67 67 67 277 277 277 277 277 277 277 277 277 277 277 277 277 277 277 277 277 277 277 277 86 86 86 ]
cf = [ 11.3383 58.1871 58.1871 58.1871 45.5803 45.5803 45.5803 45.5803 45.5803 45.5803 45.5803 45.5803 45.5803 45.5803 45.5803 45.5803 45.5803 31.4688 31.4688 31.4688 31.4688 31.4688 31.4688 31.4688 31.4688 31.4688 31.4688 31.4688 31.4688 31.4688 31.4688 31.4688 31.4688 31.4688 31.4688 31.4688 31.4688 17.0587 17.0587 17.0587 17.0587 17.0587 17.0587 17.0587 17.0587 17.0587 17.0587 17.0587 17.0587 17.0587 17.0587 17.0587 17.0587 17.0587 17.0587 17.0587 17.0587 12.6077 12.6077 12.6077 ]
c0 = [ 107 242 242 242 139 139 139 139 139 139 139 139 139 139 139 139 139 91 91 91 91 91 91 91 91 91 91 91 91 91 91 91 91 91 91 91 91 189 189 189 189 189 189 189 189 189 189 189 189 189 189 189 189 189 189 189 189 91 91 91 ]
cp = [ 37.3885 14.8496 14.8496 14.8496 26.2846 26.2846 26.2846 26.2846 26.2846 26.2846 26.2846 26.2846 26.2846 26.2846 26.2846 26.2846 26.2846 34.2415 34.2415 34.2415 34.2415 34.2415 34.2415 34.2415 34.2415 34.2415 34.2415 34.2415 34.2415 34.2415 34.2415 34.2415 34.2415 34.2415 34.2415 34.2415 34.2415 30.2804 30.2804 30.2804 30.2804 30.2804 30.2804 30.2804 30.2804 30.2804 30.2804 30.2804 30.2804 30.2804 30.2804 30.2804 30.2804 30.2804 30.2804 30.2804 30.2804 39.7864 39.7864 39.7864 ]
D = [ 2321 2465 2739 3350 3320 3857 4037 4280 4251 4568 4926 5117 5459 5730 5842 6399 6355 6967 7198 7207 7547 7785 7901 8406 8411 8311 8135 7766 7468 6805 6558 6259 5906 5673 5302 5799 6134 6822 6879 7351 7672 7172 6495 5818 4907 4507 3704 2914 ]
K = 6
nk = [ 1 2 2 2 3 3 3 3 3 3 3 3 3 3 3 3 3 4 4 4 4 4 4 4 4 4 4 4 4 4 4 4 4 4 4 4 4 5 5 5 5 5 5 5 5 5 5 5 5 5 5 5 5 5 5 5 5 6 6 6 ]
First = [ 1 1 0 0 1 0 0 0 0 0 0 0 0 0 0 0 0 1 0 0 0 0 0 0 0 0 0 0 0 0 0 0 0 0 0 0 0 1 0 0 0 0 0 0 0 0 0 0 0 0 0 0 0 0 0 0 0 1 0 0 ]
Last = [ 1 0 0 1 0 0 0 0 0 0 0 0 0 0 0 0 1 0 0 0 0 0 0 0 0 0 0 0 0 0 0 0 0 0 0 0 1 0 0 0 0 0 0 0 0 0 0 0 0 0 0 0 0 0 0 0 1 0 0 1 ]
nS = 1
S = [ 0 1 2 3 4 5 6 7 8 9 10 11 12 13 14 15 16 17 18 19 20 21 22 23 24 25 26 27 28 29 30 31 32 33 34 35 36 37 38 39 40 41 42 43 44 45 46 47 48 49 50 51 52 53 54 55 56 57 58 59 ]
