n = 60 ; 
T = 48 ; 
Init = [ 0 0 0 0 0 0 0 0 0 0 0 0 0 0 0 0 0 0 0 0 0 0 0 1 1 1 1 1 1 1 1 0 0 0 0 0 0 0 0 0 0 0 0 0 0 0 0 0 0 0 0 0 0 1 1 1 1 1 0 0 ]
L = [ 13 13 13 13 13 13 13 19 15 15 15 15 15 15 15 15 15 15 15 15 15 15 19 6 4 4 4 4 4 4 4 12 12 12 12 12 12 12 12 12 12 12 12 18 18 18 18 18 18 18 18 18 18 10 10 10 10 10 10 10 ]
l = [ 13 13 13 13 13 13 13 19 15 15 15 15 15 15 15 15 15 15 15 15 15 15 19 6 4 4 4 4 4 4 4 12 12 12 12 12 12 12 12 12 12 12 12 18 18 18 18 18 18 18 18 18 18 10 10 10 10 10 10 10 ]
Pmin = [ 69 69 69 69 69 69 69 100 83 83 83 83 83 83 83 83 83 83 83 83 83 83 100 24 19 19 19 19 19 19 19 63 63 63 63 63 63 63 63 63 63 63 63 100 100 100 100 100 100 100 100 100 100 52 52 52 52 52 52 52 ]
Pmax = [ 277 277 277 277 277 277 277 420 314 314 314 314 314 314 314 314 314 314 314 314 314 314 420 84 35 35 35 35 35 35 35 237 237 237 237 237 237 237 237 237 237 237 237 405 405 405 405 405 405 405 405 405 405 190 190 190 190 190 191 191 ]
cf = [ 65.3137 65.3137 65.3137 65.3137 65.3137 65.3137 65.3137 61.7613 31.8056 31.8056 31.8056 31.8056 31.8056 31.8056 31.8056 31.8056 31.8056 31.8056 31.8056 31.8056 31.8056 31.8056 36.7395 41.0958 56.3584 56.3584 56.3584 56.3584 56.3584 56.3584 56.3584 47.6341 47.6341 47.6341 47.6341 47.6341 47.6341 47.6341 47.6341 47.6341 47.6341 47.6341 47.6341 18.6277 18.6277 18.6277 18.6277 18.6277 18.6277 18.6277 18.6277 18.6277 18.6277 15.7434 15.7434 15.7434 15.7434 15.7434 50.4517 50.4517 ]
c0 = [ 192 192 192 192 192 192 192 250 225 225 225 225 225 225 225 225 225 225 225 225 225 225 250 83 77 77 77 77 77 77 77 183 183 183 183 183 183 183 183 183 183 183 183 250 250 250 250 250 250 250 250 250 250 152 152 152 152 152 151 151 ]
cp = [ 12.0922 12.0922 12.0922 12.0922 12.0922 12.0922 12.0922 9.19987 22.8008 22.8008 22.8008 22.8008 22.8008 22.8008 22.8008 22.8008 22.8008 22.8008 22.8008 22.8008 22.8008 22.8008 10.3734 37.1797 40.6451 40.6451 40.6451 40.6451 40.6451 40.6451 40.6451 19.4924 19.4924 19.4924 19.4924 19.4924 19.4924 19.4924 19.4924 19.4924 19.4924 19.4924 19.4924 8.7108 8.7108 8.7108 8.7108 8.7108 8.7108 8.7108 8.7108 8.7108 8.7108 28.9396 28.9396 28.9396 28.9396 28.9396 20.7375 20.7375 ]
D = [ 4098 4808 5113 5297 5720 6322 6301 7021 7000 7533 7827 8356 9001 9167 9554 9891 10188 10776 10946 11698 11632 12073 12875 13178 13197 13148 12267 12046 11552 10993 10366 9592 9358 8651 8304 8730 9492 9992 10753 11737 12384 11180 9805 8838 8044 6670 5654 4142 ]
K = 10
nk = [ 1 1 1 1 1 1 1 2 3 3 3 3 3 3 3 3 3 3 3 3 3 3 4 5 6 6 6 6 6 6 6 7 7 7 7 7 7 7 7 7 7 7 7 8 8 8 8 8 8 8 8 8 8 9 9 9 9 9 10 10 ]
First = [ 1 0 0 0 0 0 0 1 1 0 0 0 0 0 0 0 0 0 0 0 0 0 1 1 1 0 0 0 0 0 0 1 0 0 0 0 0 0 0 0 0 0 0 1 0 0 0 0 0 0 0 0 0 1 0 0 0 0 1 0 ]
Last = [ 0 0 0 0 0 0 1 1 0 0 0 0 0 0 0 0 0 0 0 0 0 1 1 1 0 0 0 0 0 0 1 0 0 0 0 0 0 0 0 0 0 0 1 0 0 0 0 0 0 0 0 0 1 0 0 0 0 1 0 1 ]
nS = 1
S = [ 0 1 2 3 4 5 6 7 8 9 10 11 12 13 14 15 16 17 18 19 20 21 22 23 24 25 26 27 28 29 30 31 32 33 34 35 36 37 38 39 40 41 42 43 44 45 46 47 48 49 50 51 52 53 54 55 56 57 58 59 ]
