n = 60 ; 
T = 48 ; 
Init = [ 1 1 1 1 1 1 1 1 1 1 1 1 1 1 1 1 1 1 1 1 1 1 1 1 1 1 0 0 0 0 0 0 0 0 0 0 0 0 0 0 0 0 0 0 0 0 0 0 0 0 0 0 0 0 0 0 0 0 0 0 ]
L = [ 13 13 13 13 13 13 13 11 11 11 11 11 11 11 11 11 11 11 11 11 11 11 11 11 11 11 7 7 7 7 7 7 7 7 7 7 7 7 7 7 7 7 7 7 7 7 7 7 7 7 7 7 7 7 7 7 7 7 7 7 ]
l = [ 13 13 13 13 13 13 13 11 11 11 11 11 11 11 11 11 11 11 11 11 11 11 11 11 11 11 7 7 7 7 7 7 7 7 7 7 7 7 7 7 7 7 7 7 7 7 7 7 7 7 7 7 7 7 7 7 7 7 7 7 ]
Pmin = [ 60 60 60 60 60 60 60 53 53 53 53 53 53 53 53 53 53 53 53 53 53 53 53 53 53 53 37 37 37 37 37 37 37 37 37 37 37 37 37 37 37 37 37 37 37 37 39 39 39 39 39 39 39 39 39 39 39 39 39 39 ]
Pmax = [ 237 237 237 237 237 237 237 195 195 195 195 195 195 195 195 195 195 195 195 195 195 195 195 195 195 195 130 130 130 130 130 130 130 130 130 130 130 130 130 130 130 130 130 130 130 130 116 116 116 116 116 116 116 116 116 116 116 116 116 116 ]
cf = [ 26.9887 26.9887 26.9887 26.9887 26.9887 26.9887 26.9887 11.7119 11.7119 11.7119 11.7119 11.7119 11.7119 11.7119 11.7119 11.7119 11.7119 11.7119 11.7119 11.7119 11.7119 11.7119 11.7119 11.7119 11.7119 11.7119 22.0449 22.0449 22.0449 22.0449 22.0449 22.0449 22.0449 22.0449 22.0449 22.0449 22.0449 22.0449 22.0449 22.0449 22.0449 22.0449 22.0449 22.0449 22.0449 22.0449 25.5374 25.5374 25.5374 25.5374 25.5374 25.5374 25.5374 25.5374 25.5374 25.5374 25.5374 25.5374 25.5374 25.5374 ]
c0 = [ 160 160 160 160 160 160 160 153 153 153 153 153 153 153 153 153 153 153 153 153 153 153 153 153 153 153 116 116 116 116 116 116 116 116 116 116 116 116 116 116 116 116 116 116 116 116 108 108 108 108 108 108 108 108 108 108 108 108 108 108 ]
cp = [ 17.4596 17.4596 17.4596 17.4596 17.4596 17.4596 17.4596 31.7092 31.7092 31.7092 31.7092 31.7092 31.7092 31.7092 31.7092 31.7092 31.7092 31.7092 31.7092 31.7092 31.7092 31.7092 31.7092 31.7092 31.7092 31.7092 33.7283 33.7283 33.7283 33.7283 33.7283 33.7283 33.7283 33.7283 33.7283 33.7283 33.7283 33.7283 33.7283 33.7283 33.7283 33.7283 33.7283 33.7283 33.7283 33.7283 24.4278 24.4278 24.4278 24.4278 24.4278 24.4278 24.4278 24.4278 24.4278 24.4278 24.4278 24.4278 24.4278 24.4278 ]
D = [ 2289 2592 2463 3035 3078 3220 3511 3624 4053 4208 4496 4785 5070 5241 5530 5596 5956 5982 6254 6480 6931 7138 7106 7462 7564 7320 7178 6703 6318 6266 5887 5680 5317 4962 4713 4872 5520 5657 6082 6545 6990 6536 5738 5302 4788 4432 3831 3063 ]
K = 4
nk = [ 1 1 1 1 1 1 1 2 2 2 2 2 2 2 2 2 2 2 2 2 2 2 2 2 2 2 3 3 3 3 3 3 3 3 3 3 3 3 3 3 3 3 3 3 3 3 4 4 4 4 4 4 4 4 4 4 4 4 4 4 ]
First = [ 1 0 0 0 0 0 0 1 0 0 0 0 0 0 0 0 0 0 0 0 0 0 0 0 0 0 1 0 0 0 0 0 0 0 0 0 0 0 0 0 0 0 0 0 0 0 1 0 0 0 0 0 0 0 0 0 0 0 0 0 ]
Last = [ 0 0 0 0 0 0 1 0 0 0 0 0 0 0 0 0 0 0 0 0 0 0 0 0 0 1 0 0 0 0 0 0 0 0 0 0 0 0 0 0 0 0 0 0 0 1 0 0 0 0 0 0 0 0 0 0 0 0 0 1 ]
nS = 1
S = [ 0 1 2 3 4 5 6 7 8 9 10 11 12 13 14 15 16 17 18 19 20 21 22 23 24 25 26 27 28 29 30 31 32 33 34 35 36 37 38 39 40 41 42 43 44 45 46 47 48 49 50 51 52 53 54 55 56 57 58 59 ]
