n = 60 ; 
T = 48 ; 
Init = [ 1 1 1 1 1 1 1 1 1 1 1 1 1 1 1 1 1 1 1 1 1 1 1 1 1 1 1 1 1 1 1 1 1 1 1 1 1 1 1 1 1 1 1 1 1 1 1 1 1 1 1 1 1 1 1 1 1 1 1 1 ]
L = [ 16 16 16 17 17 17 17 17 17 17 17 17 17 17 17 17 4 4 4 4 4 4 4 4 4 4 4 4 4 4 4 4 4 4 4 4 4 4 4 4 4 4 4 4 4 4 4 4 4 4 4 4 9 9 9 9 9 9 9 9 ]
l = [ 16 16 16 17 17 17 17 17 17 17 17 17 17 17 17 17 4 4 4 4 4 4 4 4 4 4 4 4 4 4 4 4 4 4 4 4 4 4 4 4 4 4 4 4 4 4 4 4 4 4 4 4 9 9 9 9 9 9 9 9 ]
Pmin = [ 84 84 84 87 87 87 87 87 87 87 87 87 87 87 87 87 20 20 20 20 20 20 20 20 20 20 20 20 20 20 20 20 20 20 20 20 20 20 13 13 13 13 13 13 13 13 13 13 13 13 13 13 51 51 51 51 51 51 51 51 ]
Pmax = [ 336 336 336 363 363 363 363 363 363 363 363 363 363 363 363 363 61 61 61 61 61 61 61 61 61 61 61 61 61 61 61 61 61 61 61 61 61 61 28 28 28 28 28 28 28 28 28 28 28 28 28 28 183 183 183 183 183 183 183 183 ]
cf = [ 47.4382 47.4382 47.4382 65.5811 65.5811 65.5811 65.5811 65.5811 65.5811 65.5811 65.5811 65.5811 65.5811 65.5811 65.5811 65.5811 66.7281 66.7281 66.7281 66.7281 66.7281 66.7281 66.7281 66.7281 66.7281 66.7281 66.7281 66.7281 66.7281 66.7281 66.7281 66.7281 66.7281 66.7281 66.7281 66.7281 66.7281 66.7281 44.2678 44.2678 44.2678 44.2678 44.2678 44.2678 44.2678 44.2678 44.2678 44.2678 44.2678 44.2678 44.2678 44.2678 34.5904 34.5904 34.5904 34.5904 34.5904 34.5904 34.5904 34.5904 ]
c0 = [ 229 229 229 237 237 237 237 237 237 237 237 237 237 237 237 237 75 75 75 75 75 75 75 75 75 75 75 75 75 75 75 75 75 75 75 75 75 75 42 42 42 42 42 42 42 42 42 42 42 42 42 42 155 155 155 155 155 155 155 155 ]
cp = [ 16.9768 16.9768 16.9768 16.5554 16.5554 16.5554 16.5554 16.5554 16.5554 16.5554 16.5554 16.5554 16.5554 16.5554 16.5554 16.5554 40.7138 40.7138 40.7138 40.7138 40.7138 40.7138 40.7138 40.7138 40.7138 40.7138 40.7138 40.7138 40.7138 40.7138 40.7138 40.7138 40.7138 40.7138 40.7138 40.7138 40.7138 40.7138 41.4701 41.4701 41.4701 41.4701 41.4701 41.4701 41.4701 41.4701 41.4701 41.4701 41.4701 41.4701 41.4701 41.4701 29.4937 29.4937 29.4937 29.4937 29.4937 29.4937 29.4937 29.4937 ]
D = [ 1942 2073 2302 2831 3117 3370 3622 3651 3789 4079 4409 4702 5058 5124 5306 5627 6073 6319 6491 6653 6986 7080 7644 7876 7863 7540 7123 6923 6674 6026 5711 5404 4994 4656 4271 4653 5075 5450 5967 6277 6691 6326 5717 5276 4726 4049 3321 2967 ]
K = 5
nk = [ 1 1 1 2 2 2 2 2 2 2 2 2 2 2 2 2 3 3 3 3 3 3 3 3 3 3 3 3 3 3 3 3 3 3 3 3 3 3 4 4 4 4 4 4 4 4 4 4 4 4 4 4 5 5 5 5 5 5 5 5 ]
First = [ 1 0 0 1 0 0 0 0 0 0 0 0 0 0 0 0 1 0 0 0 0 0 0 0 0 0 0 0 0 0 0 0 0 0 0 0 0 0 1 0 0 0 0 0 0 0 0 0 0 0 0 0 1 0 0 0 0 0 0 0 ]
Last = [ 0 0 1 0 0 0 0 0 0 0 0 0 0 0 0 1 0 0 0 0 0 0 0 0 0 0 0 0 0 0 0 0 0 0 0 0 0 1 0 0 0 0 0 0 0 0 0 0 0 0 0 1 0 0 0 0 0 0 0 1 ]
nS = 1
S = [ 0 1 2 3 4 5 6 7 8 9 10 11 12 13 14 15 16 17 18 19 20 21 22 23 24 25 26 27 28 29 30 31 32 33 34 35 36 37 38 39 40 41 42 43 44 45 46 47 48 49 50 51 52 53 54 55 56 57 58 59 ]
