n = 60 ; 
T = 48 ; 
Init = [ 0 0 0 0 0 0 0 0 0 0 0 0 0 0 0 0 0 0 0 0 0 0 0 0 0 0 0 0 0 0 1 1 1 1 1 1 1 1 1 1 1 1 1 1 1 1 1 1 1 1 1 1 1 0 0 0 0 0 0 0 ]
L = [ 9 9 9 9 9 9 9 9 9 9 9 9 9 9 9 9 9 9 9 9 9 9 9 9 9 9 9 9 9 9 4 4 4 4 4 4 4 4 4 4 4 4 4 4 4 15 15 15 15 15 15 15 15 16 16 16 6 6 6 6 ]
l = [ 9 9 9 9 9 9 9 9 9 9 9 9 9 9 9 9 9 9 9 9 9 9 9 9 9 9 9 9 9 9 4 4 4 4 4 4 4 4 4 4 4 4 4 4 4 15 15 15 15 15 15 15 15 16 16 16 6 6 6 6 ]
Pmin = [ 42 42 42 42 42 42 42 42 42 42 42 42 42 42 42 42 42 42 42 42 42 42 42 42 42 42 42 42 42 42 19 19 19 19 19 19 19 19 19 19 19 19 19 19 19 83 83 83 83 83 83 83 83 86 86 86 21 21 21 21 ]
Pmax = [ 151 151 151 151 151 151 151 151 151 151 151 151 151 151 151 151 151 151 151 151 151 151 151 151 151 151 151 151 151 151 29 29 29 29 29 29 29 29 29 29 29 29 29 29 29 326 326 326 326 326 326 326 326 321 321 321 72 72 72 72 ]
cf = [ 64.4407 64.4407 64.4407 64.4407 64.4407 64.4407 64.4407 64.4407 64.4407 64.4407 64.4407 64.4407 64.4407 64.4407 64.4407 64.4407 64.4407 64.4407 64.4407 64.4407 64.4407 64.4407 64.4407 64.4407 64.4407 64.4407 64.4407 64.4407 64.4407 64.4407 61.3238 61.3238 61.3238 61.3238 61.3238 61.3238 61.3238 61.3238 61.3238 61.3238 61.3238 61.3238 61.3238 61.3238 61.3238 61.368 61.368 61.368 61.368 61.368 61.368 61.368 61.368 31.1814 31.1814 31.1814 11.4788 11.4788 11.4788 11.4788 ]
c0 = [ 117 117 117 117 117 117 117 117 117 117 117 117 117 117 117 117 117 117 117 117 117 117 117 117 117 117 117 117 117 117 70 70 70 70 70 70 70 70 70 70 70 70 70 70 70 230 230 230 230 230 230 230 230 228 228 228 83 83 83 83 ]
cp = [ 31.1033 31.1033 31.1033 31.1033 31.1033 31.1033 31.1033 31.1033 31.1033 31.1033 31.1033 31.1033 31.1033 31.1033 31.1033 31.1033 31.1033 31.1033 31.1033 31.1033 31.1033 31.1033 31.1033 31.1033 31.1033 31.1033 31.1033 31.1033 31.1033 31.1033 41.4166 41.4166 41.4166 41.4166 41.4166 41.4166 41.4166 41.4166 41.4166 41.4166 41.4166 41.4166 41.4166 41.4166 41.4166 11.7479 11.7479 11.7479 11.7479 11.7479 11.7479 11.7479 11.7479 16.2054 16.2054 16.2054 41.3395 41.3395 41.3395 41.3395 ]
D = [ 1916 1999 2214 2604 2625 2865 3226 3345 3776 3800 4048 4250 4575 4741 4812 5307 5578 5503 5860 5950 6171 6688 6963 7100 7385 7104 6814 6579 6206 6107 5684 5380 5137 5055 4560 5080 5273 5882 5939 6337 6743 6265 5729 4970 4431 4092 3601 2752 ]
K = 5
nk = [ 1 1 1 1 1 1 1 1 1 1 1 1 1 1 1 1 1 1 1 1 1 1 1 1 1 1 1 1 1 1 2 2 2 2 2 2 2 2 2 2 2 2 2 2 2 3 3 3 3 3 3 3 3 4 4 4 5 5 5 5 ]
First = [ 1 0 0 0 0 0 0 0 0 0 0 0 0 0 0 0 0 0 0 0 0 0 0 0 0 0 0 0 0 0 1 0 0 0 0 0 0 0 0 0 0 0 0 0 0 1 0 0 0 0 0 0 0 1 0 0 1 0 0 0 ]
Last = [ 0 0 0 0 0 0 0 0 0 0 0 0 0 0 0 0 0 0 0 0 0 0 0 0 0 0 0 0 0 1 0 0 0 0 0 0 0 0 0 0 0 0 0 0 1 0 0 0 0 0 0 0 1 0 0 1 0 0 0 1 ]
nS = 1
S = [ 0 1 2 3 4 5 6 7 8 9 10 11 12 13 14 15 16 17 18 19 20 21 22 23 24 25 26 27 28 29 30 31 32 33 34 35 36 37 38 39 40 41 42 43 44 45 46 47 48 49 50 51 52 53 54 55 56 57 58 59 ]
