n = 60 ; 
T = 48 ; 
Init = [ 0 0 0 0 0 0 0 0 0 0 0 0 0 0 0 0 0 0 0 0 0 0 0 0 0 0 0 0 0 0 0 0 0 0 0 0 0 0 0 1 1 1 1 1 1 1 1 1 1 1 1 1 1 1 1 0 0 0 0 0 ]
L = [ 13 13 13 13 13 13 13 13 13 13 13 13 13 13 13 13 13 13 13 13 13 13 13 13 13 13 13 13 13 18 18 18 18 18 18 18 18 18 18 7 7 7 7 7 7 7 7 7 7 7 7 7 7 7 7 11 11 11 11 11 ]
l = [ 13 13 13 13 13 13 13 13 13 13 13 13 13 13 13 13 13 13 13 13 13 13 13 13 13 13 13 13 13 18 18 18 18 18 18 18 18 18 18 7 7 7 7 7 7 7 7 7 7 7 7 7 7 7 7 11 11 11 11 11 ]
Pmin = [ 66 66 66 66 66 66 66 66 66 66 66 66 66 66 66 66 66 66 66 66 66 66 66 66 66 66 66 66 66 94 94 94 94 94 94 94 94 94 94 36 36 36 36 36 36 36 36 36 36 36 36 36 36 36 36 54 54 54 54 54 ]
Pmax = [ 257 257 257 257 257 257 257 257 257 257 257 257 257 257 257 257 257 257 257 257 257 257 257 257 257 257 257 257 257 395 395 395 395 395 395 395 395 395 395 131 131 131 131 131 131 131 131 131 131 131 131 131 131 131 131 210 210 210 210 210 ]
cf = [ 62.7651 62.7651 62.7651 62.7651 62.7651 62.7651 62.7651 62.7651 62.7651 62.7651 62.7651 62.7651 62.7651 62.7651 62.7651 62.7651 62.7651 62.7651 62.7651 62.7651 62.7651 62.7651 62.7651 62.7651 62.7651 62.7651 62.7651 62.7651 62.7651 21.9465 21.9465 21.9465 21.9465 21.9465 21.9465 21.9465 21.9465 21.9465 21.9465 57.8684 57.8684 57.8684 57.8684 57.8684 57.8684 57.8684 57.8684 57.8684 57.8684 57.8684 57.8684 57.8684 57.8684 57.8684 57.8684 27.1374 27.1374 27.1374 27.1374 27.1374 ]
c0 = [ 168 168 168 168 168 168 168 168 168 168 168 168 168 168 168 168 168 168 168 168 168 168 168 168 168 168 168 168 168 250 250 250 250 250 250 250 250 250 250 108 108 108 108 108 108 108 108 108 108 108 108 108 108 108 108 150 150 150 150 150 ]
cp = [ 28.3945 28.3945 28.3945 28.3945 28.3945 28.3945 28.3945 28.3945 28.3945 28.3945 28.3945 28.3945 28.3945 28.3945 28.3945 28.3945 28.3945 28.3945 28.3945 28.3945 28.3945 28.3945 28.3945 28.3945 28.3945 28.3945 28.3945 28.3945 28.3945 10.562 10.562 10.562 10.562 10.562 10.562 10.562 10.562 10.562 10.562 40.0912 40.0912 40.0912 40.0912 40.0912 40.0912 40.0912 40.0912 40.0912 40.0912 40.0912 40.0912 40.0912 40.0912 40.0912 40.0912 28.5054 28.5054 28.5054 28.5054 28.5054 ]
D = [ 3844 3795 4297 4540 5104 5648 5546 6138 6267 6942 6906 7644 7553 7951 8126 8729 9264 9109 9886 10053 10412 10689 11048 11581 11796 10969 10706 10458 10103 9315 8992 8508 7919 7182 7190 7487 8780 9007 10144 10650 11801 10902 9566 8625 7791 6878 6207 4992 ]
K = 4
nk = [ 1 1 1 1 1 1 1 1 1 1 1 1 1 1 1 1 1 1 1 1 1 1 1 1 1 1 1 1 1 2 2 2 2 2 2 2 2 2 2 3 3 3 3 3 3 3 3 3 3 3 3 3 3 3 3 4 4 4 4 4 ]
First = [ 1 0 0 0 0 0 0 0 0 0 0 0 0 0 0 0 0 0 0 0 0 0 0 0 0 0 0 0 0 1 0 0 0 0 0 0 0 0 0 1 0 0 0 0 0 0 0 0 0 0 0 0 0 0 0 1 0 0 0 0 ]
Last = [ 0 0 0 0 0 0 0 0 0 0 0 0 0 0 0 0 0 0 0 0 0 0 0 0 0 0 0 0 1 0 0 0 0 0 0 0 0 0 1 0 0 0 0 0 0 0 0 0 0 0 0 0 0 0 1 0 0 0 0 1 ]
nS = 1
S = [ 0 1 2 3 4 5 6 7 8 9 10 11 12 13 14 15 16 17 18 19 20 21 22 23 24 25 26 27 28 29 30 31 32 33 34 35 36 37 38 39 40 41 42 43 44 45 46 47 48 49 50 51 52 53 54 55 56 57 58 59 ]
