n = 60 ; 
T = 48 ; 
Init = [ 1 1 1 1 1 1 1 1 1 1 1 1 1 1 1 1 1 1 1 1 1 1 1 0 0 0 0 0 0 0 0 0 0 0 0 0 0 0 0 0 0 0 0 0 0 0 0 0 0 0 0 0 0 0 0 0 0 0 1 1 ]
L = [ 18 18 18 18 8 8 8 8 8 18 18 18 18 18 18 18 18 18 18 18 18 18 18 9 9 9 9 9 9 9 9 9 9 9 9 9 9 9 9 9 9 9 5 5 5 5 5 5 5 5 5 5 5 5 5 5 5 5 7 7 ]
l = [ 18 18 18 18 8 8 8 8 8 18 18 18 18 18 18 18 18 18 18 18 18 18 18 9 9 9 9 9 9 9 9 9 9 9 9 9 9 9 9 9 9 9 5 5 5 5 5 5 5 5 5 5 5 5 5 5 5 5 7 7 ]
Pmin = [ 94 94 94 94 40 40 40 40 40 96 96 96 96 96 96 96 96 96 96 96 96 96 96 53 53 53 53 53 53 53 53 53 53 53 53 53 53 53 53 53 53 53 31 31 31 31 31 31 31 31 31 31 31 31 31 31 31 31 33 33 ]
Pmax = [ 367 367 367 367 130 130 130 130 130 399 399 399 399 399 399 399 399 399 399 399 399 399 399 188 188 188 188 188 188 188 188 188 188 188 188 188 188 188 188 188 188 188 82 82 82 82 82 82 82 82 82 82 82 82 82 82 82 82 101 101 ]
cf = [ 53.9063 53.9063 53.9063 53.9063 40.2865 40.2865 40.2865 40.2865 40.2865 13.8402 13.8402 13.8402 13.8402 13.8402 13.8402 13.8402 13.8402 13.8402 13.8402 13.8402 13.8402 13.8402 13.8402 41.9241 41.9241 41.9241 41.9241 41.9241 41.9241 41.9241 41.9241 41.9241 41.9241 41.9241 41.9241 41.9241 41.9241 41.9241 41.9241 41.9241 41.9241 41.9241 43.2877 43.2877 43.2877 43.2877 43.2877 43.2877 43.2877 43.2877 43.2877 43.2877 43.2877 43.2877 43.2877 43.2877 43.2877 43.2877 55.6357 55.6357 ]
c0 = [ 250 250 250 250 114 114 114 114 114 250 250 250 250 250 250 250 250 250 250 250 250 250 250 159 159 159 159 159 159 159 159 159 159 159 159 159 159 159 159 159 159 159 106 106 106 106 106 106 106 106 106 106 106 106 106 106 106 106 90 90 ]
cp = [ 13.8646 13.8646 13.8646 13.8646 34.2257 34.2257 34.2257 34.2257 34.2257 17.334 17.334 17.334 17.334 17.334 17.334 17.334 17.334 17.334 17.334 17.334 17.334 17.334 17.334 37.1702 37.1702 37.1702 37.1702 37.1702 37.1702 37.1702 37.1702 37.1702 37.1702 37.1702 37.1702 37.1702 37.1702 37.1702 37.1702 37.1702 37.1702 37.1702 37.524 37.524 37.524 37.524 37.524 37.524 37.524 37.524 37.524 37.524 37.524 37.524 37.524 37.524 37.524 37.524 26.0008 26.0008 ]
D = [ 3672 4164 4721 4786 5228 5647 5546 5981 6609 6667 6998 7116 7785 8095 8239 8393 9058 9223 9573 9849 10415 10638 10843 11137 11275 10884 10501 9807 9559 9060 8672 8229 7903 7242 6545 7314 7723 8089 8462 9181 9798 8829 7995 7097 6120 5623 4560 3928 ]
K = 6
nk = [ 1 1 1 1 2 2 2 2 2 3 3 3 3 3 3 3 3 3 3 3 3 3 3 4 4 4 4 4 4 4 4 4 4 4 4 4 4 4 4 4 4 4 5 5 5 5 5 5 5 5 5 5 5 5 5 5 5 5 6 6 ]
First = [ 1 0 0 0 1 0 0 0 0 1 0 0 0 0 0 0 0 0 0 0 0 0 0 1 0 0 0 0 0 0 0 0 0 0 0 0 0 0 0 0 0 0 1 0 0 0 0 0 0 0 0 0 0 0 0 0 0 0 1 0 ]
Last = [ 0 0 0 1 0 0 0 0 1 0 0 0 0 0 0 0 0 0 0 0 0 0 1 0 0 0 0 0 0 0 0 0 0 0 0 0 0 0 0 0 0 1 0 0 0 0 0 0 0 0 0 0 0 0 0 0 0 1 0 1 ]
nS = 1
S = [ 0 1 2 3 4 5 6 7 8 9 10 11 12 13 14 15 16 17 18 19 20 21 22 23 24 25 26 27 28 29 30 31 32 33 34 35 36 37 38 39 40 41 42 43 44 45 46 47 48 49 50 51 52 53 54 55 56 57 58 59 ]
