n = 60 ; 
T = 48 ; 
Init = [ 1 1 1 1 1 1 1 1 1 1 1 1 1 1 1 1 1 1 1 1 1 0 0 0 0 0 0 0 0 0 0 0 0 0 0 1 1 1 1 1 1 1 1 0 0 0 0 0 0 0 0 0 0 0 0 0 1 1 1 1 ]
L = [ 18 18 18 18 18 18 18 18 18 18 18 18 18 18 18 18 10 10 11 11 11 16 16 16 16 16 16 16 16 16 16 16 16 16 16 5 5 5 5 5 5 5 5 5 5 5 5 5 5 5 5 5 5 5 5 5 12 12 12 12 ]
l = [ 18 18 18 18 18 18 18 18 18 18 18 18 18 18 18 18 10 10 11 11 11 16 16 16 16 16 16 16 16 16 16 16 16 16 16 5 5 5 5 5 5 5 5 5 5 5 5 5 5 5 5 5 5 5 5 5 12 12 12 12 ]
Pmin = [ 97 97 97 97 97 97 97 97 97 97 97 97 97 97 97 97 59 59 57 57 57 86 86 86 86 86 86 86 86 86 86 86 86 86 86 20 20 20 20 20 20 20 20 23 23 23 23 23 23 23 23 23 23 23 23 23 61 61 61 70 ]
Pmax = [ 376 376 376 376 376 376 376 376 376 376 376 376 376 376 376 376 208 208 214 214 214 334 334 334 334 334 334 334 334 334 334 334 334 334 334 50 50 50 50 50 50 50 50 78 78 78 78 78 78 78 78 78 78 78 78 78 230 230 230 254 ]
cf = [ 53.1927 53.1927 53.1927 53.1927 53.1927 53.1927 53.1927 53.1927 53.1927 53.1927 53.1927 53.1927 53.1927 53.1927 53.1927 53.1927 39.0526 39.0526 11.8592 11.8592 11.8592 27.2948 27.2948 27.2948 27.2948 27.2948 27.2948 27.2948 27.2948 27.2948 27.2948 27.2948 27.2948 27.2948 27.2948 57.5944 57.5944 57.5944 57.5944 57.5944 57.5944 57.5944 57.5944 25.1179 25.1179 25.1179 25.1179 25.1179 25.1179 25.1179 25.1179 25.1179 25.1179 25.1179 25.1179 25.1179 16.1851 16.1851 16.1851 52.1769 ]
c0 = [ 250 250 250 250 250 250 250 250 250 250 250 250 250 250 250 250 154 154 164 164 164 238 238 238 238 238 238 238 238 238 238 238 238 238 238 63 63 63 63 63 63 63 63 80 80 80 80 80 80 80 80 80 80 80 80 80 173 173 173 189 ]
cp = [ 10.2203 10.2203 10.2203 10.2203 10.2203 10.2203 10.2203 10.2203 10.2203 10.2203 10.2203 10.2203 10.2203 10.2203 10.2203 10.2203 33.5902 33.5902 31.7506 31.7506 31.7506 19.3636 19.3636 19.3636 19.3636 19.3636 19.3636 19.3636 19.3636 19.3636 19.3636 19.3636 19.3636 19.3636 19.3636 41.3673 41.3673 41.3673 41.3673 41.3673 41.3673 41.3673 41.3673 40.5698 40.5698 40.5698 40.5698 40.5698 40.5698 40.5698 40.5698 40.5698 40.5698 40.5698 40.5698 40.5698 25.5154 25.5154 25.5154 12.2941 ]
D = [ 2764 3352 3673 4182 4334 5013 5329 5614 6163 6563 6547 7217 7238 7997 8032 8801 8729 9237 9813 9911 10149 10692 11138 11467 12120 11142 10927 10286 10043 9113 8940 8611 7900 7681 6928 7599 8160 8388 8976 9717 9977 9398 8529 7658 6906 6267 5234 4605 ]
K = 8
nk = [ 1 1 1 1 1 1 1 1 1 1 1 1 1 1 1 1 2 2 3 3 3 4 4 4 4 4 4 4 4 4 4 4 4 4 4 5 5 5 5 5 5 5 5 6 6 6 6 6 6 6 6 6 6 6 6 6 7 7 7 8 ]
First = [ 1 0 0 0 0 0 0 0 0 0 0 0 0 0 0 0 1 0 1 0 0 1 0 0 0 0 0 0 0 0 0 0 0 0 0 1 0 0 0 0 0 0 0 1 0 0 0 0 0 0 0 0 0 0 0 0 1 0 0 1 ]
Last = [ 0 0 0 0 0 0 0 0 0 0 0 0 0 0 0 1 0 1 0 0 1 0 0 0 0 0 0 0 0 0 0 0 0 0 1 0 0 0 0 0 0 0 1 0 0 0 0 0 0 0 0 0 0 0 0 1 0 0 1 1 ]
nS = 1
S = [ 0 1 2 3 4 5 6 7 8 9 10 11 12 13 14 15 16 17 18 19 20 21 22 23 24 25 26 27 28 29 30 31 32 33 34 35 36 37 38 39 40 41 42 43 44 45 46 47 48 49 50 51 52 53 54 55 56 57 58 59 ]
