n = 60 ; 
T = 48 ; 
Init = [ 1 1 1 1 1 1 1 1 1 1 0 0 0 1 1 1 1 1 1 1 1 1 1 1 1 1 1 1 1 1 1 1 1 1 1 1 1 1 1 1 1 1 1 1 1 1 0 0 0 0 0 0 0 0 0 0 0 0 0 1 ]
L = [ 16 16 16 16 16 16 16 16 9 9 7 7 7 16 16 16 16 16 16 16 16 16 16 16 16 16 16 16 16 16 16 16 16 16 16 16 16 16 16 16 16 16 9 9 9 9 18 18 18 18 18 18 18 18 18 18 18 18 18 16 ]
l = [ 16 16 16 16 16 16 16 16 9 9 7 7 7 16 16 16 16 16 16 16 16 16 16 16 16 16 16 16 16 16 16 16 16 16 16 16 16 16 16 16 16 16 9 9 9 9 18 18 18 18 18 18 18 18 18 18 18 18 18 16 ]
Pmin = [ 89 89 89 89 89 89 89 89 49 49 37 37 37 86 86 86 86 86 86 86 86 86 86 86 86 86 86 86 89 89 89 89 89 89 89 89 89 89 89 89 89 89 47 47 47 47 95 95 95 95 95 95 95 95 95 95 95 95 95 87 ]
Pmax = [ 350 350 350 350 350 350 350 350 191 191 107 107 107 347 347 347 347 347 347 347 347 347 347 347 347 347 347 347 362 362 362 362 362 362 362 362 362 362 362 362 362 362 160 160 160 160 398 398 398 398 398 398 398 398 398 398 398 398 398 343 ]
cf = [ 65.9065 65.9065 65.9065 65.9065 65.9065 65.9065 65.9065 65.9065 18.3721 18.3721 46.326 46.326 46.326 28.1657 28.1657 28.1657 28.1657 28.1657 28.1657 28.1657 28.1657 28.1657 28.1657 28.1657 28.1657 28.1657 28.1657 28.1657 54.7636 54.7636 54.7636 54.7636 54.7636 54.7636 54.7636 54.7636 54.7636 54.7636 54.7636 54.7636 54.7636 54.7636 47.005 47.005 47.005 47.005 31.2697 31.2697 31.2697 31.2697 31.2697 31.2697 31.2697 31.2697 31.2697 31.2697 31.2697 31.2697 31.2697 39.822 ]
c0 = [ 226 226 226 226 226 226 226 226 148 148 105 105 105 236 236 236 236 236 236 236 236 236 236 236 236 236 236 236 237 237 237 237 237 237 237 237 237 237 237 237 237 237 128 128 128 128 250 250 250 250 250 250 250 250 250 250 250 250 250 224 ]
cp = [ 15.1215 15.1215 15.1215 15.1215 15.1215 15.1215 15.1215 15.1215 34.8341 34.8341 36.6915 36.6915 36.6915 12.8586 12.8586 12.8586 12.8586 12.8586 12.8586 12.8586 12.8586 12.8586 12.8586 12.8586 12.8586 12.8586 12.8586 12.8586 16.5836 16.5836 16.5836 16.5836 16.5836 16.5836 16.5836 16.5836 16.5836 16.5836 16.5836 16.5836 16.5836 16.5836 34.9351 34.9351 34.9351 34.9351 18.7632 18.7632 18.7632 18.7632 18.7632 18.7632 18.7632 18.7632 18.7632 18.7632 18.7632 18.7632 18.7632 21.3868 ]
D = [ 4144 4545 5616 5985 6114 7000 7510 8045 8452 9021 9901 10655 11248 11293 12133 12186 12992 13418 14009 14811 15145 15753 16759 16561 17758 17047 15671 14840 14294 13947 13076 12223 10929 10580 9546 10356 11272 12722 13517 14291 15760 13835 12558 11817 10183 9197 7162 6582 ]
K = 8
nk = [ 1 1 1 1 1 1 1 1 2 2 3 3 3 4 4 4 4 4 4 4 4 4 4 4 4 4 4 4 5 5 5 5 5 5 5 5 5 5 5 5 5 5 6 6 6 6 7 7 7 7 7 7 7 7 7 7 7 7 7 8 ]
First = [ 1 0 0 0 0 0 0 0 1 0 1 0 0 1 0 0 0 0 0 0 0 0 0 0 0 0 0 0 1 0 0 0 0 0 0 0 0 0 0 0 0 0 1 0 0 0 1 0 0 0 0 0 0 0 0 0 0 0 0 1 ]
Last = [ 0 0 0 0 0 0 0 1 0 1 0 0 1 0 0 0 0 0 0 0 0 0 0 0 0 0 0 1 0 0 0 0 0 0 0 0 0 0 0 0 0 1 0 0 0 1 0 0 0 0 0 0 0 0 0 0 0 0 1 1 ]
nS = 1
S = [ 0 1 2 3 4 5 6 7 8 9 10 11 12 13 14 15 16 17 18 19 20 21 22 23 24 25 26 27 28 29 30 31 32 33 34 35 36 37 38 39 40 41 42 43 44 45 46 47 48 49 50 51 52 53 54 55 56 57 58 59 ]
