n = 60 ; 
T = 48 ; 
Init = [ 1 1 1 1 1 1 0 0 0 0 0 0 0 0 0 0 0 0 0 0 0 0 0 0 0 0 0 0 0 0 0 0 0 0 0 0 0 0 1 1 1 1 1 1 1 1 1 1 0 0 1 1 1 1 1 1 1 1 1 1 ]
L = [ 19 10 10 10 10 10 11 11 11 11 11 11 11 13 13 13 13 13 13 13 13 13 13 13 15 15 15 15 15 8 8 8 8 8 8 8 8 8 5 5 5 5 5 5 5 5 5 5 13 13 7 8 8 8 15 15 15 15 15 15 ]
l = [ 19 10 10 10 10 10 11 11 11 11 11 11 11 13 13 13 13 13 13 13 13 13 13 13 15 15 15 15 15 8 8 8 8 8 8 8 8 8 5 5 5 5 5 5 5 5 5 5 13 13 7 8 8 8 15 15 15 15 15 15 ]
Pmin = [ 100 49 49 49 49 49 57 57 57 57 57 57 57 76 76 76 76 76 76 76 76 76 76 76 78 78 78 78 78 32 32 32 32 32 32 32 32 32 24 24 24 24 24 24 24 24 24 24 73 73 32 40 40 40 78 78 78 78 78 78 ]
Pmax = [ 415 194 194 194 194 194 212 212 212 212 212 212 212 283 283 283 283 283 283 283 283 283 283 283 315 315 315 315 315 120 120 120 120 120 120 120 120 120 74 74 74 74 74 74 74 74 74 74 281 281 95 139 139 139 319 319 319 319 319 319 ]
cf = [ 17.8329 10.7985 10.7985 10.7985 10.7985 10.7985 16.8012 16.8012 16.8012 16.8012 16.8012 16.8012 16.8012 37.0431 37.0431 37.0431 37.0431 37.0431 37.0431 37.0431 37.0431 37.0431 37.0431 37.0431 28.6566 28.6566 28.6566 28.6566 28.6566 68.7843 68.7843 68.7843 68.7843 68.7843 68.7843 68.7843 68.7843 68.7843 41.7448 41.7448 41.7448 41.7448 41.7448 41.7448 41.7448 41.7448 41.7448 41.7448 43.3762 43.3762 44.4348 62.7051 62.7051 62.7051 57.2724 57.2724 57.2724 57.2724 57.2724 57.2724 ]
c0 = [ 250 137 137 137 137 137 152 152 152 152 152 152 152 203 203 203 203 203 203 203 203 203 203 203 214 214 214 214 214 109 109 109 109 109 109 109 109 109 84 84 84 84 84 84 84 84 84 84 192 192 109 121 121 121 209 209 209 209 209 209 ]
cp = [ 10.2499 23.6559 23.6559 23.6559 23.6559 23.6559 25.1988 25.1988 25.1988 25.1988 25.1988 25.1988 25.1988 23.9572 23.9572 23.9572 23.9572 23.9572 23.9572 23.9572 23.9572 23.9572 23.9572 23.9572 18.8382 18.8382 18.8382 18.8382 18.8382 34.6059 34.6059 34.6059 34.6059 34.6059 34.6059 34.6059 34.6059 34.6059 37.0673 37.0673 37.0673 37.0673 37.0673 37.0673 37.0673 37.0673 37.0673 37.0673 13.2848 13.2848 40.206 34.0744 34.0744 34.0744 11.9294 11.9294 11.9294 11.9294 11.9294 11.9294 ]
D = [ 3615 3725 4463 4512 5040 5008 5352 5760 5975 6529 6746 6832 7155 7550 8112 8067 8603 8980 9226 9436 9549 9815 10511 10511 10758 10703 9851 9653 8830 8368 7897 7659 7003 6966 6473 6472 7026 7498 8096 8561 8789 8033 7505 6485 5820 5056 4182 3255 ]
K = 11
nk = [ 1 2 2 2 2 2 3 3 3 3 3 3 3 4 4 4 4 4 4 4 4 4 4 4 5 5 5 5 5 6 6 6 6 6 6 6 6 6 7 7 7 7 7 7 7 7 7 7 8 8 9 10 10 10 11 11 11 11 11 11 ]
First = [ 1 1 0 0 0 0 1 0 0 0 0 0 0 1 0 0 0 0 0 0 0 0 0 0 1 0 0 0 0 1 0 0 0 0 0 0 0 0 1 0 0 0 0 0 0 0 0 0 1 0 1 1 0 0 1 0 0 0 0 0 ]
Last = [ 1 0 0 0 0 1 0 0 0 0 0 0 1 0 0 0 0 0 0 0 0 0 0 1 0 0 0 0 1 0 0 0 0 0 0 0 0 1 0 0 0 0 0 0 0 0 0 1 0 1 1 0 0 1 0 0 0 0 0 1 ]
nS = 1
S = [ 0 1 2 3 4 5 6 7 8 9 10 11 12 13 14 15 16 17 18 19 20 21 22 23 24 25 26 27 28 29 30 31 32 33 34 35 36 37 38 39 40 41 42 43 44 45 46 47 48 49 50 51 52 53 54 55 56 57 58 59 ]
