n = 60 ; 
T = 48 ; 
Init = [ 0 0 0 0 0 0 0 0 0 0 0 0 0 0 0 0 0 0 0 0 0 0 0 0 0 0 0 0 0 0 0 0 0 0 0 0 0 0 0 0 0 0 0 0 0 1 1 1 1 1 1 1 1 1 1 1 1 1 1 1 ]
L = [ 8 15 15 15 15 15 15 15 15 15 15 15 15 15 15 7 7 7 7 7 7 7 7 7 7 7 7 14 14 14 14 14 14 10 10 10 10 10 10 10 10 10 10 10 10 6 6 6 6 6 6 6 6 6 6 6 6 6 6 13 ]
l = [ 8 15 15 15 15 15 15 15 15 15 15 15 15 15 15 7 7 7 7 7 7 7 7 7 7 7 7 14 14 14 14 14 14 10 10 10 10 10 10 10 10 10 10 10 10 6 6 6 6 6 6 6 6 6 6 6 6 6 6 13 ]
Pmin = [ 45 76 76 76 76 76 76 76 76 76 76 76 76 76 76 23 23 23 23 23 23 23 23 23 23 23 23 80 80 80 80 80 80 46 46 46 46 46 46 46 46 46 46 46 46 30 30 30 30 30 30 30 30 30 30 30 30 30 30 68 ]
Pmax = [ 143 299 299 299 299 299 299 299 299 299 299 299 299 299 299 85 85 85 85 85 85 85 85 85 85 85 85 315 315 315 315 315 315 184 184 184 184 184 184 184 184 184 184 184 184 92 92 92 92 92 92 92 92 92 92 92 92 92 92 274 ]
cf = [ 60.573 60.053 60.053 60.053 60.053 60.053 60.053 60.053 60.053 60.053 60.053 60.053 60.053 60.053 60.053 62.104 62.104 62.104 62.104 62.104 62.104 62.104 62.104 62.104 62.104 62.104 62.104 22.5274 22.5274 22.5274 22.5274 22.5274 22.5274 28.1615 28.1615 28.1615 28.1615 28.1615 28.1615 28.1615 28.1615 28.1615 28.1615 28.1615 28.1615 53.4469 53.4469 53.4469 53.4469 53.4469 53.4469 53.4469 53.4469 53.4469 53.4469 53.4469 53.4469 53.4469 53.4469 54.5499 ]
c0 = [ 134 197 197 197 197 197 197 197 197 197 197 197 197 197 197 83 83 83 83 83 83 83 83 83 83 83 83 203 203 203 203 203 203 124 124 124 124 124 124 124 124 124 124 124 124 84 84 84 84 84 84 84 84 84 84 84 84 84 84 186 ]
cp = [ 33.3956 20.0795 20.0795 20.0795 20.0795 20.0795 20.0795 20.0795 20.0795 20.0795 20.0795 20.0795 20.0795 20.0795 20.0795 34.006 34.006 34.006 34.006 34.006 34.006 34.006 34.006 34.006 34.006 34.006 34.006 25.6661 25.6661 25.6661 25.6661 25.6661 25.6661 34.1685 34.1685 34.1685 34.1685 34.1685 34.1685 34.1685 34.1685 34.1685 34.1685 34.1685 34.1685 37.9848 37.9848 37.9848 37.9848 37.9848 37.9848 37.9848 37.9848 37.9848 37.9848 37.9848 37.9848 37.9848 37.9848 18.0028 ]
D = [ 2633 3098 3205 3390 3655 4080 4103 4776 4903 5246 5474 5887 6152 6174 6554 6950 7198 7349 7595 8144 8188 8354 8814 9098 9214 8799 8772 8206 7804 7369 6844 6398 6148 5892 5352 5966 6293 6814 7382 7997 8142 7463 7016 6391 5454 4669 4161 3194 ]
K = 7
nk = [ 1 2 2 2 2 2 2 2 2 2 2 2 2 2 2 3 3 3 3 3 3 3 3 3 3 3 3 4 4 4 4 4 4 5 5 5 5 5 5 5 5 5 5 5 5 6 6 6 6 6 6 6 6 6 6 6 6 6 6 7 ]
First = [ 1 1 0 0 0 0 0 0 0 0 0 0 0 0 0 1 0 0 0 0 0 0 0 0 0 0 0 1 0 0 0 0 0 1 0 0 0 0 0 0 0 0 0 0 0 1 0 0 0 0 0 0 0 0 0 0 0 0 0 1 ]
Last = [ 1 0 0 0 0 0 0 0 0 0 0 0 0 0 1 0 0 0 0 0 0 0 0 0 0 0 1 0 0 0 0 0 1 0 0 0 0 0 0 0 0 0 0 0 1 0 0 0 0 0 0 0 0 0 0 0 0 0 1 1 ]
nS = 1
S = [ 0 1 2 3 4 5 6 7 8 9 10 11 12 13 14 15 16 17 18 19 20 21 22 23 24 25 26 27 28 29 30 31 32 33 34 35 36 37 38 39 40 41 42 43 44 45 46 47 48 49 50 51 52 53 54 55 56 57 58 59 ]
