n = 60 ; 
T = 48 ; 
Init = [ 1 1 1 1 1 1 1 1 1 0 0 0 0 0 0 0 0 0 0 0 0 1 1 1 1 1 1 1 1 1 1 1 1 1 1 1 1 1 1 1 1 1 1 1 1 1 1 1 1 1 1 0 0 0 0 0 0 0 0 0 ]
L = [ 10 10 10 10 10 10 10 10 10 6 6 6 6 6 6 6 6 6 6 6 6 14 14 14 14 14 14 14 14 14 14 14 14 14 14 14 14 14 14 14 14 14 14 14 14 14 14 14 14 14 14 8 8 8 8 8 8 8 8 8 ]
l = [ 10 10 10 10 10 10 10 10 10 6 6 6 6 6 6 6 6 6 6 6 6 14 14 14 14 14 14 14 14 14 14 14 14 14 14 14 14 14 14 14 14 14 14 14 14 14 14 14 14 14 14 8 8 8 8 8 8 8 8 8 ]
Pmin = [ 47 47 47 47 47 47 47 47 47 35 35 35 35 35 35 35 35 35 35 35 35 71 71 71 71 71 71 71 71 71 71 71 71 71 71 71 71 71 71 71 71 71 71 71 71 71 71 71 71 71 71 44 44 44 44 44 44 44 44 44 ]
Pmax = [ 188 188 188 188 188 188 188 188 188 105 105 105 105 105 105 105 105 105 105 105 105 292 292 292 292 292 292 292 292 292 292 292 292 292 292 292 292 292 292 292 292 292 292 292 292 292 292 292 292 292 292 170 170 170 170 170 170 170 170 170 ]
cf = [ 66.46 66.46 66.46 66.46 66.46 66.46 66.46 66.46 66.46 49.2643 49.2643 49.2643 49.2643 49.2643 49.2643 49.2643 49.2643 49.2643 49.2643 49.2643 49.2643 24.9445 24.9445 24.9445 24.9445 24.9445 24.9445 24.9445 24.9445 24.9445 24.9445 24.9445 24.9445 24.9445 24.9445 24.9445 24.9445 24.9445 24.9445 24.9445 24.9445 24.9445 24.9445 24.9445 24.9445 24.9445 24.9445 24.9445 24.9445 24.9445 24.9445 48.1528 48.1528 48.1528 48.1528 48.1528 48.1528 48.1528 48.1528 48.1528 ]
c0 = [ 132 132 132 132 132 132 132 132 132 108 108 108 108 108 108 108 108 108 108 108 108 199 199 199 199 199 199 199 199 199 199 199 199 199 199 199 199 199 199 199 199 199 199 199 199 199 199 199 199 199 199 135 135 135 135 135 135 135 135 135 ]
cp = [ 36.9238 36.9238 36.9238 36.9238 36.9238 36.9238 36.9238 36.9238 36.9238 39.2971 39.2971 39.2971 39.2971 39.2971 39.2971 39.2971 39.2971 39.2971 39.2971 39.2971 39.2971 19.2655 19.2655 19.2655 19.2655 19.2655 19.2655 19.2655 19.2655 19.2655 19.2655 19.2655 19.2655 19.2655 19.2655 19.2655 19.2655 19.2655 19.2655 19.2655 19.2655 19.2655 19.2655 19.2655 19.2655 19.2655 19.2655 19.2655 19.2655 19.2655 19.2655 38.3535 38.3535 38.3535 38.3535 38.3535 38.3535 38.3535 38.3535 38.3535 ]
D = [ 3182 3465 4031 4182 4596 4665 5403 5360 6176 6342 6800 6939 7380 8020 8250 8777 8995 9348 9707 9933 10176 10895 11267 11434 11813 11499 10917 10553 9711 9342 8874 8027 7571 7301 6767 7481 8036 8467 9299 9772 10530 9456 8764 7598 6796 5965 4957 4005 ]
K = 4
nk = [ 1 1 1 1 1 1 1 1 1 2 2 2 2 2 2 2 2 2 2 2 2 3 3 3 3 3 3 3 3 3 3 3 3 3 3 3 3 3 3 3 3 3 3 3 3 3 3 3 3 3 3 4 4 4 4 4 4 4 4 4 ]
First = [ 1 0 0 0 0 0 0 0 0 1 0 0 0 0 0 0 0 0 0 0 0 1 0 0 0 0 0 0 0 0 0 0 0 0 0 0 0 0 0 0 0 0 0 0 0 0 0 0 0 0 0 1 0 0 0 0 0 0 0 0 ]
Last = [ 0 0 0 0 0 0 0 0 1 0 0 0 0 0 0 0 0 0 0 0 1 0 0 0 0 0 0 0 0 0 0 0 0 0 0 0 0 0 0 0 0 0 0 0 0 0 0 0 0 0 1 0 0 0 0 0 0 0 0 1 ]
nS = 1
S = [ 0 1 2 3 4 5 6 7 8 9 10 11 12 13 14 15 16 17 18 19 20 21 22 23 24 25 26 27 28 29 30 31 32 33 34 35 36 37 38 39 40 41 42 43 44 45 46 47 48 49 50 51 52 53 54 55 56 57 58 59 ]
