n = 60 ; 
T = 48 ; 
Init = [ 0 0 0 0 0 0 0 0 0 0 0 0 0 0 0 0 0 1 1 1 1 1 1 1 1 1 1 1 1 0 0 0 0 0 0 0 0 1 1 0 0 0 1 0 0 0 0 0 0 0 0 0 0 0 0 0 0 0 0 1 ]
L = [ 5 5 5 5 5 5 5 5 5 5 5 13 13 13 13 13 13 17 17 17 17 17 17 17 17 17 17 17 17 13 13 13 13 13 13 13 13 7 7 9 9 9 14 5 5 5 7 7 7 7 7 7 7 7 4 4 4 4 4 18 ]
l = [ 5 5 5 5 5 5 5 5 5 5 5 13 13 13 13 13 13 17 17 17 17 17 17 17 17 17 17 17 17 13 13 13 13 13 13 13 13 7 7 9 9 9 14 5 5 5 7 7 7 7 7 7 7 7 4 4 4 4 4 18 ]
Pmin = [ 24 24 24 24 24 24 24 24 24 24 24 69 69 69 69 69 69 94 94 94 94 94 94 94 94 94 94 94 94 76 76 76 76 76 76 76 76 31 31 48 48 48 71 21 21 21 37 37 37 37 37 37 37 37 20 20 20 20 20 93 ]
Pmax = [ 82 82 82 82 82 82 82 82 82 82 82 244 244 244 244 244 244 354 354 354 354 354 354 354 354 354 354 354 354 276 276 276 276 276 276 276 276 117 117 170 170 170 283 54 54 54 119 119 119 119 119 119 119 119 44 44 44 44 44 371 ]
cf = [ 16.822 16.822 16.822 16.822 16.822 16.822 16.822 16.822 16.822 16.822 16.822 61.0093 61.0093 61.0093 61.0093 61.0093 61.0093 58.3005 58.3005 58.3005 58.3005 58.3005 58.3005 58.3005 58.3005 58.3005 58.3005 58.3005 58.3005 52.0347 52.0347 52.0347 52.0347 52.0347 52.0347 52.0347 52.0347 25.7773 25.7773 17.4652 17.4652 17.4652 37.0937 11.8348 11.8348 11.8348 12.5615 12.5615 12.5615 12.5615 12.5615 12.5615 12.5615 12.5615 40.5917 40.5917 40.5917 40.5917 40.5917 26.13 ]
c0 = [ 86 86 86 86 86 86 86 86 86 86 86 191 191 191 191 191 191 248 248 248 248 248 248 248 248 248 248 248 248 206 206 206 206 206 206 206 206 89 89 134 134 134 194 66 66 66 109 109 109 109 109 109 109 109 59 59 59 59 59 233 ]
cp = [ 40.2758 40.2758 40.2758 40.2758 40.2758 40.2758 40.2758 40.2758 40.2758 40.2758 40.2758 18.7876 18.7876 18.7876 18.7876 18.7876 18.7876 17.9562 17.9562 17.9562 17.9562 17.9562 17.9562 17.9562 17.9562 17.9562 17.9562 17.9562 17.9562 22.179 22.179 22.179 22.179 22.179 22.179 22.179 22.179 35.6817 35.6817 23.9902 23.9902 23.9902 23.4121 37.5483 37.5483 37.5483 34.9489 34.9489 34.9489 34.9489 34.9489 34.9489 34.9489 34.9489 41.1897 41.1897 41.1897 41.1897 41.1897 19.6981 ]
D = [ 2620 3034 3274 3606 4002 4289 4377 4647 4853 5443 5668 5797 5964 6592 6934 6992 7357 7355 8041 8061 8353 8661 9051 9375 9371 9389 8690 8331 8056 7784 7339 7102 6961 6472 6284 6485 6692 7000 7651 7780 8395 7494 6901 6369 5351 4816 4059 3586 ]
K = 11
nk = [ 1 1 1 1 1 1 1 1 1 1 1 2 2 2 2 2 2 3 3 3 3 3 3 3 3 3 3 3 3 4 4 4 4 4 4 4 4 5 5 6 6 6 7 8 8 8 9 9 9 9 9 9 9 9 10 10 10 10 10 11 ]
First = [ 1 0 0 0 0 0 0 0 0 0 0 1 0 0 0 0 0 1 0 0 0 0 0 0 0 0 0 0 0 1 0 0 0 0 0 0 0 1 0 1 0 0 1 1 0 0 1 0 0 0 0 0 0 0 1 0 0 0 0 1 ]
Last = [ 0 0 0 0 0 0 0 0 0 0 1 0 0 0 0 0 1 0 0 0 0 0 0 0 0 0 0 0 1 0 0 0 0 0 0 0 1 0 1 0 0 1 1 0 0 1 0 0 0 0 0 0 0 1 0 0 0 0 1 1 ]
nS = 1
S = [ 0 1 2 3 4 5 6 7 8 9 10 11 12 13 14 15 16 17 18 19 20 21 22 23 24 25 26 27 28 29 30 31 32 33 34 35 36 37 38 39 40 41 42 43 44 45 46 47 48 49 50 51 52 53 54 55 56 57 58 59 ]
