n = 60 ; 
T = 48 ; 
Init = [ 1 1 1 1 1 1 1 1 1 1 1 1 1 1 1 1 1 1 1 0 0 0 0 0 0 0 1 0 0 0 0 0 0 0 0 0 0 0 0 0 0 0 0 0 0 0 0 0 1 1 1 1 1 1 1 1 1 1 1 1 ]
L = [ 12 12 12 12 12 7 7 7 7 7 7 7 7 7 7 7 7 7 7 5 5 5 5 5 5 5 7 12 12 12 12 12 12 12 12 11 11 11 11 11 11 11 11 11 11 11 11 11 14 14 14 14 14 14 14 14 18 18 18 18 ]
l = [ 12 12 12 12 12 7 7 7 7 7 7 7 7 7 7 7 7 7 7 5 5 5 5 5 5 5 7 12 12 12 12 12 12 12 12 11 11 11 11 11 11 11 11 11 11 11 11 11 14 14 14 14 14 14 14 14 18 18 18 18 ]
Pmin = [ 69 69 69 69 69 34 34 34 34 34 34 34 34 34 34 34 34 34 34 23 23 23 23 23 23 23 33 61 61 61 61 61 61 61 61 59 59 59 59 59 59 59 59 59 59 59 59 59 77 77 77 77 77 77 77 77 90 90 90 90 ]
Pmax = [ 245 245 245 245 245 107 107 107 107 114 114 114 114 114 114 114 114 114 114 75 75 75 75 75 75 75 117 244 244 244 244 244 244 244 244 209 209 209 209 209 209 209 209 209 209 209 209 209 300 300 300 300 300 300 300 300 376 376 376 376 ]
cf = [ 48.9966 48.9966 48.9966 48.9966 48.9966 60.4808 60.4808 60.4808 60.4808 35.7534 35.7534 35.7534 35.7534 35.7534 35.7534 35.7534 35.7534 35.7534 35.7534 61.1721 61.1721 61.1721 61.1721 61.1721 61.1721 61.1721 44.8907 25.8582 25.8582 25.8582 25.8582 25.8582 25.8582 25.8582 25.8582 20.6223 20.6223 20.6223 20.6223 20.6223 20.6223 20.6223 20.6223 20.6223 20.6223 20.6223 20.6223 20.6223 49.512 49.512 49.512 49.512 49.512 49.512 49.512 49.512 21.7096 21.7096 21.7096 21.7096 ]
c0 = [ 184 184 184 184 184 109 109 109 109 101 101 101 101 101 101 101 101 101 101 68 68 68 68 68 68 68 94 164 164 164 164 164 164 164 164 155 155 155 155 155 155 155 155 155 155 155 155 155 210 210 210 210 210 210 210 210 229 229 229 229 ]
cp = [ 26.8638 26.8638 26.8638 26.8638 26.8638 29.7044 29.7044 29.7044 29.7044 36.2163 36.2163 36.2163 36.2163 36.2163 36.2163 36.2163 36.2163 36.2163 36.2163 40.2188 40.2188 40.2188 40.2188 40.2188 40.2188 40.2188 39.1981 17.8612 17.8612 17.8612 17.8612 17.8612 17.8612 17.8612 17.8612 27.0979 27.0979 27.0979 27.0979 27.0979 27.0979 27.0979 27.0979 27.0979 27.0979 27.0979 27.0979 27.0979 19.011 19.011 19.011 19.011 19.011 19.011 19.011 19.011 10.1133 10.1133 10.1133 10.1133 ]
D = [ 2756 3315 3285 3756 4215 4481 4893 5043 5549 5877 5866 6183 6455 6978 7352 7549 7998 8397 8746 9179 9087 9687 9895 10353 10516 9937 9845 9116 8807 8305 7672 7109 6838 6328 5908 6229 6598 7202 7345 7892 8497 7676 7108 6551 5926 5404 4716 3732 ]
K = 9
nk = [ 1 1 1 1 1 2 2 2 2 3 3 3 3 3 3 3 3 3 3 4 4 4 4 4 4 4 5 6 6 6 6 6 6 6 6 7 7 7 7 7 7 7 7 7 7 7 7 7 8 8 8 8 8 8 8 8 9 9 9 9 ]
First = [ 1 0 0 0 0 1 0 0 0 1 0 0 0 0 0 0 0 0 0 1 0 0 0 0 0 0 1 1 0 0 0 0 0 0 0 1 0 0 0 0 0 0 0 0 0 0 0 0 1 0 0 0 0 0 0 0 1 0 0 0 ]
Last = [ 0 0 0 0 1 0 0 0 1 0 0 0 0 0 0 0 0 0 1 0 0 0 0 0 0 1 1 0 0 0 0 0 0 0 1 0 0 0 0 0 0 0 0 0 0 0 0 1 0 0 0 0 0 0 0 1 0 0 0 1 ]
nS = 1
S = [ 0 1 2 3 4 5 6 7 8 9 10 11 12 13 14 15 16 17 18 19 20 21 22 23 24 25 26 27 28 29 30 31 32 33 34 35 36 37 38 39 40 41 42 43 44 45 46 47 48 49 50 51 52 53 54 55 56 57 58 59 ]
