n = 60 ; 
T = 48 ; 
Init = [ 1 1 1 1 1 1 1 1 1 1 1 1 1 1 1 1 1 1 1 1 1 1 1 1 1 1 1 1 1 1 1 1 1 1 1 1 1 1 1 1 1 1 1 1 1 1 1 1 1 1 1 1 1 1 1 1 1 1 1 1 ]
L = [ 7 7 7 7 7 7 7 7 7 12 12 12 12 12 12 12 12 12 12 12 12 12 12 12 12 12 12 12 12 12 12 12 12 12 13 13 13 13 13 13 13 13 13 13 13 13 13 13 13 13 13 13 13 13 13 13 5 5 5 5 ]
l = [ 7 7 7 7 7 7 7 7 7 12 12 12 12 12 12 12 12 12 12 12 12 12 12 12 12 12 12 12 12 12 12 12 12 12 13 13 13 13 13 13 13 13 13 13 13 13 13 13 13 13 13 13 13 13 13 13 5 5 5 5 ]
Pmin = [ 34 34 34 34 34 34 34 34 34 64 64 64 64 64 64 64 64 64 64 64 64 64 64 64 64 64 64 64 64 64 64 64 64 64 67 67 67 67 67 67 67 67 67 67 67 67 67 67 67 67 67 67 67 67 67 67 17 17 17 17 ]
Pmax = [ 120 120 120 120 120 120 120 120 120 239 239 239 239 239 239 239 239 239 239 239 239 239 239 239 239 239 239 239 239 239 239 239 239 239 265 265 265 265 265 265 265 265 265 265 265 265 265 265 265 265 265 265 265 265 265 265 39 39 39 39 ]
cf = [ 22.3929 22.3929 22.3929 22.3929 22.3929 22.3929 22.3929 22.3929 22.3929 34.2412 34.2412 34.2412 34.2412 34.2412 34.2412 34.2412 34.2412 34.2412 34.2412 34.2412 34.2412 34.2412 34.2412 34.2412 34.2412 34.2412 34.2412 34.2412 34.2412 34.2412 34.2412 34.2412 34.2412 34.2412 40.6467 40.6467 40.6467 40.6467 40.6467 40.6467 40.6467 40.6467 40.6467 40.6467 40.6467 40.6467 40.6467 40.6467 40.6467 40.6467 40.6467 40.6467 40.6467 40.6467 40.6467 40.6467 28.0269 28.0269 28.0269 28.0269 ]
c0 = [ 99 99 99 99 99 99 99 99 99 183 183 183 183 183 183 183 183 183 183 183 183 183 183 183 183 183 183 183 183 183 183 183 183 183 174 174 174 174 174 174 174 174 174 174 174 174 174 174 174 174 174 174 174 174 174 174 73 73 73 73 ]
cp = [ 39.1349 39.1349 39.1349 39.1349 39.1349 39.1349 39.1349 39.1349 39.1349 29.8553 29.8553 29.8553 29.8553 29.8553 29.8553 29.8553 29.8553 29.8553 29.8553 29.8553 29.8553 29.8553 29.8553 29.8553 29.8553 29.8553 29.8553 29.8553 29.8553 29.8553 29.8553 29.8553 29.8553 29.8553 19.9079 19.9079 19.9079 19.9079 19.9079 19.9079 19.9079 19.9079 19.9079 19.9079 19.9079 19.9079 19.9079 19.9079 19.9079 19.9079 19.9079 19.9079 19.9079 19.9079 19.9079 19.9079 40.3449 40.3449 40.3449 40.3449 ]
D = [ 3228 3373 3888 4052 4523 4833 5443 5412 6019 6107 6875 6984 7126 7652 7838 8559 8592 9228 9201 9868 10081 10388 10628 10923 11448 11138 10590 9975 9685 9065 8647 8041 7749 6985 6726 7440 7521 7885 8229 9099 9211 8356 7890 7221 6553 5934 5124 4672 ]
K = 4
nk = [ 1 1 1 1 1 1 1 1 1 2 2 2 2 2 2 2 2 2 2 2 2 2 2 2 2 2 2 2 2 2 2 2 2 2 3 3 3 3 3 3 3 3 3 3 3 3 3 3 3 3 3 3 3 3 3 3 4 4 4 4 ]
First = [ 1 0 0 0 0 0 0 0 0 1 0 0 0 0 0 0 0 0 0 0 0 0 0 0 0 0 0 0 0 0 0 0 0 0 1 0 0 0 0 0 0 0 0 0 0 0 0 0 0 0 0 0 0 0 0 0 1 0 0 0 ]
Last = [ 0 0 0 0 0 0 0 0 1 0 0 0 0 0 0 0 0 0 0 0 0 0 0 0 0 0 0 0 0 0 0 0 0 1 0 0 0 0 0 0 0 0 0 0 0 0 0 0 0 0 0 0 0 0 0 1 0 0 0 1 ]
nS = 1
S = [ 0 1 2 3 4 5 6 7 8 9 10 11 12 13 14 15 16 17 18 19 20 21 22 23 24 25 26 27 28 29 30 31 32 33 34 35 36 37 38 39 40 41 42 43 44 45 46 47 48 49 50 51 52 53 54 55 56 57 58 59 ]
