n = 60 ; 
T = 48 ; 
Init = [ 1 1 1 1 1 1 1 1 1 1 1 1 1 1 0 0 0 0 0 0 0 0 0 0 0 0 0 0 0 0 0 0 0 0 0 0 0 0 1 1 1 1 1 1 1 1 1 0 0 0 0 0 0 0 0 1 1 1 1 1 ]
L = [ 5 5 5 5 5 5 5 5 5 5 5 5 5 5 14 14 14 14 14 14 14 14 14 14 14 14 14 14 14 14 14 14 14 14 14 14 14 14 16 16 16 16 16 16 16 16 16 8 8 8 8 8 8 8 8 19 19 19 19 19 ]
l = [ 5 5 5 5 5 5 5 5 5 5 5 5 5 5 14 14 14 14 14 14 14 14 14 14 14 14 14 14 14 14 14 14 14 14 14 14 14 14 16 16 16 16 16 16 16 16 16 8 8 8 8 8 8 8 8 19 19 19 19 19 ]
Pmin = [ 26 26 26 26 26 26 26 26 26 26 26 26 26 26 74 74 74 74 74 74 74 74 74 74 74 74 74 74 74 74 74 74 74 74 74 74 74 74 87 87 87 87 87 87 87 87 87 49 49 49 49 49 49 49 49 100 100 100 100 100 ]
Pmax = [ 66 66 66 66 66 66 66 66 66 66 66 66 66 66 296 296 296 296 296 296 296 296 296 296 296 296 296 296 296 296 296 296 296 296 296 296 296 296 336 336 336 336 336 336 336 336 336 160 160 160 160 160 160 160 160 420 420 420 420 420 ]
cf = [ 43.9652 43.9652 43.9652 43.9652 43.9652 43.9652 43.9652 43.9652 43.9652 43.9652 43.9652 43.9652 43.9652 43.9652 23.6983 23.6983 23.6983 23.6983 23.6983 23.6983 23.6983 23.6983 23.6983 23.6983 23.6983 23.6983 23.6983 23.6983 23.6983 23.6983 23.6983 23.6983 23.6983 23.6983 23.6983 23.6983 23.6983 23.6983 34.0198 34.0198 34.0198 34.0198 34.0198 34.0198 34.0198 34.0198 34.0198 63.5864 63.5864 63.5864 63.5864 63.5864 63.5864 63.5864 63.5864 23.5839 23.5839 23.5839 23.5839 23.5839 ]
c0 = [ 93 93 93 93 93 93 93 93 93 93 93 93 93 93 197 197 197 197 197 197 197 197 197 197 197 197 197 197 197 197 197 197 197 197 197 197 197 197 235 235 235 235 235 235 235 235 235 149 149 149 149 149 149 149 149 250 250 250 250 250 ]
cp = [ 37.2415 37.2415 37.2415 37.2415 37.2415 37.2415 37.2415 37.2415 37.2415 37.2415 37.2415 37.2415 37.2415 37.2415 19.4946 19.4946 19.4946 19.4946 19.4946 19.4946 19.4946 19.4946 19.4946 19.4946 19.4946 19.4946 19.4946 19.4946 19.4946 19.4946 19.4946 19.4946 19.4946 19.4946 19.4946 19.4946 19.4946 19.4946 12.8438 12.8438 12.8438 12.8438 12.8438 12.8438 12.8438 12.8438 12.8438 37.1948 37.1948 37.1948 37.1948 37.1948 37.1948 37.1948 37.1948 10.2995 10.2995 10.2995 10.2995 10.2995 ]
D = [ 3059 3580 4100 4210 4631 4971 5192 5862 6279 6192 6963 7430 7768 7773 8550 8644 8747 9307 9724 10383 10698 10593 11173 11426 12129 11317 11024 10770 10352 9870 9168 8669 8341 7793 7615 8318 8720 9373 9803 10256 11033 9867 8998 8324 7374 6339 5392 4757 ]
K = 5
nk = [ 1 1 1 1 1 1 1 1 1 1 1 1 1 1 2 2 2 2 2 2 2 2 2 2 2 2 2 2 2 2 2 2 2 2 2 2 2 2 3 3 3 3 3 3 3 3 3 4 4 4 4 4 4 4 4 5 5 5 5 5 ]
First = [ 1 0 0 0 0 0 0 0 0 0 0 0 0 0 1 0 0 0 0 0 0 0 0 0 0 0 0 0 0 0 0 0 0 0 0 0 0 0 1 0 0 0 0 0 0 0 0 1 0 0 0 0 0 0 0 1 0 0 0 0 ]
Last = [ 0 0 0 0 0 0 0 0 0 0 0 0 0 1 0 0 0 0 0 0 0 0 0 0 0 0 0 0 0 0 0 0 0 0 0 0 0 1 0 0 0 0 0 0 0 0 1 0 0 0 0 0 0 0 1 0 0 0 0 1 ]
nS = 1
S = [ 0 1 2 3 4 5 6 7 8 9 10 11 12 13 14 15 16 17 18 19 20 21 22 23 24 25 26 27 28 29 30 31 32 33 34 35 36 37 38 39 40 41 42 43 44 45 46 47 48 49 50 51 52 53 54 55 56 57 58 59 ]
