n = 60 ; 
T = 48 ; 
Init = [ 1 1 1 1 1 1 1 1 1 1 1 1 1 0 0 0 0 0 0 0 0 0 0 0 0 0 0 0 0 0 0 0 0 1 1 1 1 1 1 1 1 1 1 1 1 1 1 0 0 0 0 0 0 0 0 0 0 0 0 0 ]
L = [ 10 10 10 10 10 10 10 10 10 10 10 10 10 16 16 16 16 16 16 16 16 16 16 16 16 16 9 9 9 9 9 9 9 16 16 16 16 9 9 9 9 9 9 9 9 9 9 16 16 16 17 17 12 12 12 12 12 12 12 12 ]
l = [ 10 10 10 10 10 10 10 10 10 10 10 10 10 16 16 16 16 16 16 16 16 16 16 16 16 16 9 9 9 9 9 9 9 16 16 16 16 9 9 9 9 9 9 9 9 9 9 16 16 16 17 17 12 12 12 12 12 12 12 12 ]
Pmin = [ 54 54 54 54 54 54 54 54 54 54 54 54 54 91 91 91 91 91 91 91 91 91 91 91 91 91 45 45 45 45 45 45 45 86 86 86 86 42 42 42 42 42 42 42 42 42 42 83 83 83 100 100 62 62 62 62 62 62 62 62 ]
Pmax = [ 186 186 186 186 186 186 186 186 186 186 186 186 186 348 348 348 348 348 348 348 348 348 348 348 348 348 169 169 169 169 169 169 169 352 352 352 352 158 158 158 158 158 158 158 158 158 158 333 333 333 391 391 247 247 247 247 247 247 247 247 ]
cf = [ 22.0965 22.0965 22.0965 22.0965 22.0965 22.0965 22.0965 22.0965 22.0965 22.0965 22.0965 22.0965 22.0965 24.3948 24.3948 24.3948 24.3948 24.3948 24.3948 24.3948 24.3948 24.3948 24.3948 24.3948 24.3948 24.3948 61.7524 61.7524 61.7524 61.7524 61.7524 61.7524 61.7524 12.1067 12.1067 12.1067 12.1067 14.7572 14.7572 14.7572 14.7572 14.7572 14.7572 14.7572 14.7572 14.7572 14.7572 16.1125 16.1125 16.1125 63.921 63.921 64.9496 64.9496 64.9496 64.9496 64.9496 64.9496 64.9496 64.9496 ]
c0 = [ 143 143 143 143 143 143 143 143 143 143 143 143 143 229 229 229 229 229 229 229 229 229 229 229 229 229 127 127 127 127 127 127 127 218 218 218 218 134 134 134 134 134 134 134 134 134 134 229 229 229 250 250 162 162 162 162 162 162 162 162 ]
cp = [ 19.3547 19.3547 19.3547 19.3547 19.3547 19.3547 19.3547 19.3547 19.3547 19.3547 19.3547 19.3547 19.3547 17.3592 17.3592 17.3592 17.3592 17.3592 17.3592 17.3592 17.3592 17.3592 17.3592 17.3592 17.3592 17.3592 34.7469 34.7469 34.7469 34.7469 34.7469 34.7469 34.7469 29.1731 29.1731 29.1731 29.1731 34.4152 34.4152 34.4152 34.4152 34.4152 34.4152 34.4152 34.4152 34.4152 34.4152 18.4893 18.4893 18.4893 12.2264 12.2264 22.9348 22.9348 22.9348 22.9348 22.9348 22.9348 22.9348 22.9348 ]
D = [ 3415 3408 4193 4305 4836 5356 5734 6292 6602 6785 7138 7437 7999 8421 8652 9275 9549 10185 10507 11038 11242 11580 11823 12491 12935 12441 11939 11019 10325 10082 9729 9162 8518 7961 7111 7766 8498 9389 10207 10260 10940 10085 9006 8222 7395 6152 5002 4055 ]
K = 8
nk = [ 1 1 1 1 1 1 1 1 1 1 1 1 1 2 2 2 2 2 2 2 2 2 2 2 2 2 3 3 3 3 3 3 3 4 4 4 4 5 5 5 5 5 5 5 5 5 5 6 6 6 7 7 8 8 8 8 8 8 8 8 ]
First = [ 1 0 0 0 0 0 0 0 0 0 0 0 0 1 0 0 0 0 0 0 0 0 0 0 0 0 1 0 0 0 0 0 0 1 0 0 0 1 0 0 0 0 0 0 0 0 0 1 0 0 1 0 1 0 0 0 0 0 0 0 ]
Last = [ 0 0 0 0 0 0 0 0 0 0 0 0 1 0 0 0 0 0 0 0 0 0 0 0 0 1 0 0 0 0 0 0 1 0 0 0 1 0 0 0 0 0 0 0 0 0 1 0 0 1 0 1 0 0 0 0 0 0 0 1 ]
nS = 1
S = [ 0 1 2 3 4 5 6 7 8 9 10 11 12 13 14 15 16 17 18 19 20 21 22 23 24 25 26 27 28 29 30 31 32 33 34 35 36 37 38 39 40 41 42 43 44 45 46 47 48 49 50 51 52 53 54 55 56 57 58 59 ]
