n = 60 ; 
T = 48 ; 
Init = [ 0 0 0 0 0 0 0 0 0 0 0 0 0 0 0 0 0 0 0 0 0 0 0 0 0 0 0 0 0 0 0 0 0 0 0 0 0 0 1 1 0 0 0 0 0 0 0 0 0 0 0 0 0 0 0 0 0 0 0 0 ]
L = [ 19 19 19 19 19 19 19 19 19 19 19 19 19 19 19 19 9 9 9 9 9 9 9 9 9 9 9 9 9 9 9 9 9 9 9 9 9 9 12 12 4 4 4 4 4 4 4 4 4 4 4 16 16 16 16 16 16 16 16 16 ]
l = [ 19 19 19 19 19 19 19 19 19 19 19 19 19 19 19 19 9 9 9 9 9 9 9 9 9 9 9 9 9 9 9 9 9 9 9 9 9 9 12 12 4 4 4 4 4 4 4 4 4 4 4 16 16 16 16 16 16 16 16 16 ]
Pmin = [ 100 100 100 100 100 100 100 100 100 100 100 100 100 100 100 100 42 42 42 42 42 42 42 42 42 42 42 42 42 42 42 42 42 42 42 42 42 42 64 64 14 14 14 14 14 14 14 14 14 14 14 82 82 82 82 82 82 82 82 82 ]
Pmax = [ 396 396 396 396 396 396 396 396 396 396 396 396 396 396 396 396 146 146 146 146 146 146 146 146 163 163 163 163 163 163 163 163 163 163 163 163 163 163 241 241 40 40 40 40 40 40 40 40 40 40 40 330 330 330 330 330 330 330 330 330 ]
cf = [ 41.2567 41.2567 41.2567 41.2567 41.2567 41.2567 41.2567 41.2567 41.2567 41.2567 41.2567 41.2567 41.2567 41.2567 41.2567 41.2567 65.141 65.141 65.141 65.141 65.141 65.141 65.141 65.141 43.6642 43.6642 43.6642 43.6642 43.6642 43.6642 43.6642 43.6642 43.6642 43.6642 43.6642 43.6642 43.6642 43.6642 37.1278 37.1278 12.126 12.126 12.126 12.126 12.126 12.126 12.126 12.126 12.126 12.126 12.126 15.2471 15.2471 15.2471 15.2471 15.2471 15.2471 15.2471 15.2471 15.2471 ]
c0 = [ 250 250 250 250 250 250 250 250 250 250 250 250 250 250 250 250 132 132 132 132 132 132 132 132 114 114 114 114 114 114 114 114 114 114 114 114 114 114 183 183 55 55 55 55 55 55 55 55 55 55 55 223 223 223 223 223 223 223 223 223 ]
cp = [ 10.7925 10.7925 10.7925 10.7925 10.7925 10.7925 10.7925 10.7925 10.7925 10.7925 10.7925 10.7925 10.7925 10.7925 10.7925 10.7925 35.9442 35.9442 35.9442 35.9442 35.9442 35.9442 35.9442 35.9442 25.675 25.675 25.675 25.675 25.675 25.675 25.675 25.675 25.675 25.675 25.675 25.675 25.675 25.675 26.0392 26.0392 41.5423 41.5423 41.5423 41.5423 41.5423 41.5423 41.5423 41.5423 41.5423 41.5423 41.5423 19.7674 19.7674 19.7674 19.7674 19.7674 19.7674 19.7674 19.7674 19.7674 ]
D = [ 2859 3648 3677 4355 4549 4826 5161 5426 5594 6257 6257 6681 7180 7412 7440 7909 8615 8685 8849 9611 9921 9841 10327 10587 10896 10810 10164 9604 8938 8841 8072 7624 7440 6917 6271 7061 7597 8614 9341 9715 10519 9294 8687 7492 6717 5810 4754 3809 ]
K = 6
nk = [ 1 1 1 1 1 1 1 1 1 1 1 1 1 1 1 1 2 2 2 2 2 2 2 2 3 3 3 3 3 3 3 3 3 3 3 3 3 3 4 4 5 5 5 5 5 5 5 5 5 5 5 6 6 6 6 6 6 6 6 6 ]
First = [ 1 0 0 0 0 0 0 0 0 0 0 0 0 0 0 0 1 0 0 0 0 0 0 0 1 0 0 0 0 0 0 0 0 0 0 0 0 0 1 0 1 0 0 0 0 0 0 0 0 0 0 1 0 0 0 0 0 0 0 0 ]
Last = [ 0 0 0 0 0 0 0 0 0 0 0 0 0 0 0 1 0 0 0 0 0 0 0 1 0 0 0 0 0 0 0 0 0 0 0 0 0 1 0 1 0 0 0 0 0 0 0 0 0 0 1 0 0 0 0 0 0 0 0 1 ]
nS = 1
S = [ 0 1 2 3 4 5 6 7 8 9 10 11 12 13 14 15 16 17 18 19 20 21 22 23 24 25 26 27 28 29 30 31 32 33 34 35 36 37 38 39 40 41 42 43 44 45 46 47 48 49 50 51 52 53 54 55 56 57 58 59 ]
