n = 60 ; 
T = 48 ; 
Init = [ 1 1 1 1 1 1 1 1 1 1 1 1 1 1 1 1 1 1 1 1 1 1 1 1 1 1 1 1 1 1 1 1 1 1 1 1 1 1 1 1 1 1 1 1 1 0 0 0 0 0 0 0 0 0 0 0 0 0 0 0 ]
L = [ 18 18 18 18 18 18 18 18 18 18 18 18 18 18 18 18 18 18 18 18 18 18 18 18 18 18 19 19 19 19 19 19 19 19 19 19 19 19 19 19 19 19 19 19 19 14 14 14 14 14 14 14 14 14 14 14 14 14 14 14 ]
l = [ 18 18 18 18 18 18 18 18 18 18 18 18 18 18 18 18 18 18 18 18 18 18 18 18 18 18 19 19 19 19 19 19 19 19 19 19 19 19 19 19 19 19 19 19 19 14 14 14 14 14 14 14 14 14 14 14 14 14 14 14 ]
Pmin = [ 95 95 95 95 95 95 95 95 95 95 95 95 95 95 95 95 95 95 95 95 95 95 95 95 95 95 100 100 100 100 100 100 100 100 100 100 100 100 100 100 100 100 100 100 100 67 67 67 67 67 67 67 67 67 67 67 67 67 67 67 ]
Pmax = [ 389 389 389 389 389 389 389 389 389 389 389 389 389 389 389 389 389 389 389 389 389 389 389 389 389 389 420 420 420 420 420 420 420 420 420 420 420 420 420 420 420 420 420 420 420 274 274 274 274 274 274 274 274 274 274 274 274 274 274 274 ]
cf = [ 43.0168 43.0168 43.0168 43.0168 43.0168 43.0168 43.0168 43.0168 43.0168 43.0168 43.0168 43.0168 43.0168 43.0168 43.0168 43.0168 43.0168 43.0168 43.0168 43.0168 43.0168 43.0168 43.0168 43.0168 43.0168 43.0168 46.454 46.454 46.454 46.454 46.454 46.454 46.454 46.454 46.454 46.454 46.454 46.454 46.454 46.454 46.454 46.454 46.454 46.454 46.454 29.2007 29.2007 29.2007 29.2007 29.2007 29.2007 29.2007 29.2007 29.2007 29.2007 29.2007 29.2007 29.2007 29.2007 29.2007 ]
c0 = [ 237 237 237 237 237 237 237 237 237 237 237 237 237 237 237 237 237 237 237 237 237 237 237 237 237 237 250 250 250 250 250 250 250 250 250 250 250 250 250 250 250 250 250 250 250 191 191 191 191 191 191 191 191 191 191 191 191 191 191 191 ]
cp = [ 14.1232 14.1232 14.1232 14.1232 14.1232 14.1232 14.1232 14.1232 14.1232 14.1232 14.1232 14.1232 14.1232 14.1232 14.1232 14.1232 14.1232 14.1232 14.1232 14.1232 14.1232 14.1232 14.1232 14.1232 14.1232 14.1232 12.7921 12.7921 12.7921 12.7921 12.7921 12.7921 12.7921 12.7921 12.7921 12.7921 12.7921 12.7921 12.7921 12.7921 12.7921 12.7921 12.7921 12.7921 12.7921 24.255 24.255 24.255 24.255 24.255 24.255 24.255 24.255 24.255 24.255 24.255 24.255 24.255 24.255 24.255 ]
D = [ 4256 4665 6098 6430 6959 7094 7964 8640 9225 9945 10604 11123 11662 12605 13010 13746 14194 14618 14947 16093 16833 17393 18021 17907 19317 18388 17041 16842 15470 15247 14317 13422 13010 12026 11753 12067 13193 13988 15268 16380 17297 15300 13882 12291 10638 9915 7573 6658 ]
K = 3
nk = [ 1 1 1 1 1 1 1 1 1 1 1 1 1 1 1 1 1 1 1 1 1 1 1 1 1 1 2 2 2 2 2 2 2 2 2 2 2 2 2 2 2 2 2 2 2 3 3 3 3 3 3 3 3 3 3 3 3 3 3 3 ]
First = [ 1 0 0 0 0 0 0 0 0 0 0 0 0 0 0 0 0 0 0 0 0 0 0 0 0 0 1 0 0 0 0 0 0 0 0 0 0 0 0 0 0 0 0 0 0 1 0 0 0 0 0 0 0 0 0 0 0 0 0 0 ]
Last = [ 0 0 0 0 0 0 0 0 0 0 0 0 0 0 0 0 0 0 0 0 0 0 0 0 0 1 0 0 0 0 0 0 0 0 0 0 0 0 0 0 0 0 0 0 1 0 0 0 0 0 0 0 0 0 0 0 0 0 0 1 ]
nS = 1
S = [ 0 1 2 3 4 5 6 7 8 9 10 11 12 13 14 15 16 17 18 19 20 21 22 23 24 25 26 27 28 29 30 31 32 33 34 35 36 37 38 39 40 41 42 43 44 45 46 47 48 49 50 51 52 53 54 55 56 57 58 59 ]
