n = 60 ; 
T = 48 ; 
Init = [ 0 0 0 0 1 0 0 0 0 0 1 1 1 1 1 1 1 1 1 0 1 1 1 1 1 1 1 1 1 1 1 1 1 1 1 1 1 1 1 1 1 1 1 1 1 1 0 0 0 0 0 0 0 0 0 0 0 0 0 0 ]
L = [ 9 9 9 9 7 7 7 7 7 7 6 6 6 6 6 6 6 6 6 18 8 8 16 16 16 16 16 16 16 16 16 16 16 16 13 13 13 13 13 13 13 13 13 13 13 13 7 7 7 7 9 9 9 9 9 9 9 9 9 9 ]
l = [ 9 9 9 9 7 7 7 7 7 7 6 6 6 6 6 6 6 6 6 18 8 8 16 16 16 16 16 16 16 16 16 16 16 16 13 13 13 13 13 13 13 13 13 13 13 13 7 7 7 7 9 9 9 9 9 9 9 9 9 9 ]
Pmin = [ 50 50 50 50 29 32 32 32 32 32 30 30 30 30 30 30 30 30 30 93 37 37 94 94 94 94 94 94 94 94 94 94 94 94 64 64 64 64 64 64 64 64 64 64 64 64 33 33 33 33 41 41 41 41 41 41 41 41 41 41 ]
Pmax = [ 185 185 185 185 102 109 109 109 109 109 79 79 79 79 79 79 79 79 79 388 135 135 358 358 358 358 358 358 358 358 358 358 358 358 251 251 251 251 251 251 251 251 251 251 251 251 123 123 123 123 157 157 157 157 157 157 157 157 157 157 ]
cf = [ 25.4936 25.4936 25.4936 25.4936 22.5191 11.8671 11.8671 11.8671 11.8671 11.8671 31.6476 31.6476 31.6476 31.6476 31.6476 31.6476 31.6476 31.6476 31.6476 26.428 49.3415 49.3415 49.1764 49.1764 49.1764 49.1764 49.1764 49.1764 49.1764 49.1764 49.1764 49.1764 49.1764 49.1764 29.0186 29.0186 29.0186 29.0186 29.0186 29.0186 29.0186 29.0186 29.0186 29.0186 29.0186 29.0186 49.9541 49.9541 49.9541 49.9541 48.2106 48.2106 48.2106 48.2106 48.2106 48.2106 48.2106 48.2106 48.2106 48.2106 ]
c0 = [ 148 148 148 148 100 107 107 107 107 107 94 94 94 94 94 94 94 94 94 237 121 121 246 246 246 246 246 246 246 246 246 246 246 246 179 179 179 179 179 179 179 179 179 179 179 179 90 90 90 90 121 121 121 121 121 121 121 121 121 121 ]
cp = [ 28.7603 28.7603 28.7603 28.7603 38.5403 30.1776 30.1776 30.1776 30.1776 30.1776 37.1505 37.1505 37.1505 37.1505 37.1505 37.1505 37.1505 37.1505 37.1505 11.2175 35.8198 35.8198 14.3558 14.3558 14.3558 14.3558 14.3558 14.3558 14.3558 14.3558 14.3558 14.3558 14.3558 14.3558 18.8032 18.8032 18.8032 18.8032 18.8032 18.8032 18.8032 18.8032 18.8032 18.8032 18.8032 18.8032 36.3274 36.3274 36.3274 36.3274 30.1091 30.1091 30.1091 30.1091 30.1091 30.1091 30.1091 30.1091 30.1091 30.1091 ]
D = [ 3708 3553 4274 4419 4740 5115 5447 5655 6062 5973 6495 6732 7263 7614 7503 8066 8060 8550 8848 9011 9704 9919 10024 10204 10694 10378 9471 9336 8948 8409 7747 7489 6981 6254 5841 6424 6842 7532 8023 8547 9333 8600 7615 6701 6019 5108 3972 3468 ]
K = 10
nk = [ 1 1 1 1 2 3 3 3 3 3 4 4 4 4 4 4 4 4 4 5 6 6 7 7 7 7 7 7 7 7 7 7 7 7 8 8 8 8 8 8 8 8 8 8 8 8 9 9 9 9 10 10 10 10 10 10 10 10 10 10 ]
First = [ 1 0 0 0 1 1 0 0 0 0 1 0 0 0 0 0 0 0 0 1 1 0 1 0 0 0 0 0 0 0 0 0 0 0 1 0 0 0 0 0 0 0 0 0 0 0 1 0 0 0 1 0 0 0 0 0 0 0 0 0 ]
Last = [ 0 0 0 1 1 0 0 0 0 1 0 0 0 0 0 0 0 0 1 1 0 1 0 0 0 0 0 0 0 0 0 0 0 1 0 0 0 0 0 0 0 0 0 0 0 1 0 0 0 1 0 0 0 0 0 0 0 0 0 1 ]
nS = 1
S = [ 0 1 2 3 4 5 6 7 8 9 10 11 12 13 14 15 16 17 18 19 20 21 22 23 24 25 26 27 28 29 30 31 32 33 34 35 36 37 38 39 40 41 42 43 44 45 46 47 48 49 50 51 52 53 54 55 56 57 58 59 ]
