n = 60 ; 
T = 48 ; 
Init = [ 0 0 0 0 0 0 1 1 1 1 1 1 1 1 1 1 1 1 1 1 0 0 0 0 1 1 1 1 1 1 1 1 1 1 1 1 1 1 1 0 0 0 0 0 0 0 0 0 0 0 0 0 0 0 0 0 1 1 1 1 ]
L = [ 15 15 13 13 13 5 13 13 13 13 13 13 13 13 13 19 19 19 19 19 4 4 4 4 9 9 9 9 9 9 9 9 9 9 9 9 9 9 9 16 16 16 16 16 16 16 15 15 15 15 15 15 14 14 14 14 9 9 9 9 ]
l = [ 15 15 13 13 13 5 13 13 13 13 13 13 13 13 13 19 19 19 19 19 4 4 4 4 9 9 9 9 9 9 9 9 9 9 9 9 9 9 9 16 16 16 16 16 16 16 15 15 15 15 15 15 14 14 14 14 9 9 9 9 ]
Pmin = [ 70 70 69 69 69 25 68 68 68 68 68 68 68 68 68 100 100 100 100 100 19 19 19 19 48 48 48 48 48 48 48 44 44 44 44 44 44 44 44 83 83 83 83 83 83 83 85 85 85 85 85 85 71 71 71 71 40 40 40 40 ]
Pmax = [ 286 286 246 246 246 76 269 269 269 269 269 269 269 269 269 420 420 420 420 420 41 41 41 41 178 178 178 178 178 178 178 175 175 175 175 175 175 175 175 324 324 324 324 324 324 324 315 315 315 315 315 315 285 285 285 285 156 156 156 156 ]
cf = [ 33.2236 33.2236 38.8627 38.8627 38.8627 26.4685 31.9404 31.9404 31.9404 31.9404 31.9404 31.9404 31.9404 31.9404 31.9404 31.0106 31.0106 31.0106 31.0106 31.0106 14.3646 14.3646 14.3646 14.3646 23.6566 23.6566 23.6566 23.6566 23.6566 23.6566 23.6566 40.1952 40.1952 40.1952 40.1952 40.1952 40.1952 40.1952 40.1952 52.3575 52.3575 52.3575 52.3575 52.3575 52.3575 52.3575 50.3087 50.3087 50.3087 50.3087 50.3087 50.3087 21.9991 21.9991 21.9991 21.9991 57.3033 57.3033 57.3033 57.3033 ]
c0 = [ 185 185 195 195 195 78 176 176 176 176 176 176 176 176 176 250 250 250 250 250 63 63 63 63 142 142 142 142 142 142 142 128 128 128 128 128 128 128 128 221 221 221 221 221 221 221 224 224 224 224 224 224 197 197 197 197 125 125 125 125 ]
cp = [ 22.1804 22.1804 26.4277 26.4277 26.4277 40.3304 21.5787 21.5787 21.5787 21.5787 21.5787 21.5787 21.5787 21.5787 21.5787 10.4319 10.4319 10.4319 10.4319 10.4319 40.8935 40.8935 40.8935 40.8935 26.8212 26.8212 26.8212 26.8212 26.8212 26.8212 26.8212 32.885 32.885 32.885 32.885 32.885 32.885 32.885 32.885 23.067 23.067 23.067 23.067 23.067 23.067 23.067 27.8313 27.8313 27.8313 27.8313 27.8313 27.8313 37.0905 37.0905 37.0905 37.0905 35.3631 35.3631 35.3631 35.3631 ]
D = [ 3584 3689 4049 4496 5050 5464 5810 5966 6175 7039 7338 7622 8296 8337 8752 9281 9339 10229 10365 10614 11053 11684 11966 12435 12791 12051 11843 11174 10153 9948 9308 9009 7932 7847 7019 7975 8612 9024 9744 10785 11084 10657 9363 8304 7527 6843 5922 4810 ]
K = 12
nk = [ 1 1 2 2 2 3 4 4 4 4 4 4 4 4 4 5 5 5 5 5 6 6 6 6 7 7 7 7 7 7 7 8 8 8 8 8 8 8 8 9 9 9 9 9 9 9 10 10 10 10 10 10 11 11 11 11 12 12 12 12 ]
First = [ 1 0 1 0 0 1 1 0 0 0 0 0 0 0 0 1 0 0 0 0 1 0 0 0 1 0 0 0 0 0 0 1 0 0 0 0 0 0 0 1 0 0 0 0 0 0 1 0 0 0 0 0 1 0 0 0 1 0 0 0 ]
Last = [ 0 1 0 0 1 1 0 0 0 0 0 0 0 0 1 0 0 0 0 1 0 0 0 1 0 0 0 0 0 0 1 0 0 0 0 0 0 0 1 0 0 0 0 0 0 1 0 0 0 0 0 1 0 0 0 1 0 0 0 1 ]
nS = 1
S = [ 0 1 2 3 4 5 6 7 8 9 10 11 12 13 14 15 16 17 18 19 20 21 22 23 24 25 26 27 28 29 30 31 32 33 34 35 36 37 38 39 40 41 42 43 44 45 46 47 48 49 50 51 52 53 54 55 56 57 58 59 ]
