n = 60 ; 
T = 48 ; 
Init = [ 0 0 0 0 0 0 0 0 0 0 0 0 0 0 0 0 0 0 0 0 0 1 1 1 1 1 1 1 1 1 1 1 1 1 0 0 0 0 0 0 0 0 1 1 1 1 1 1 1 1 1 1 1 0 0 0 0 0 0 0 ]
L = [ 11 11 11 11 11 11 11 11 11 11 11 11 8 14 14 14 14 14 14 14 14 6 6 6 6 6 6 6 6 6 6 6 6 6 17 17 17 17 17 17 17 17 8 8 8 8 8 8 8 8 8 8 8 10 10 10 10 10 10 10 ]
l = [ 11 11 11 11 11 11 11 11 11 11 11 11 8 14 14 14 14 14 14 14 14 6 6 6 6 6 6 6 6 6 6 6 6 6 17 17 17 17 17 17 17 17 8 8 8 8 8 8 8 8 8 8 8 10 10 10 10 10 10 10 ]
Pmin = [ 53 53 53 53 53 53 53 53 53 53 53 53 32 79 79 79 79 79 79 79 79 24 24 24 24 24 24 24 24 24 24 24 24 24 96 96 96 96 96 96 96 96 45 45 45 45 45 45 45 45 45 45 45 49 49 49 49 49 49 49 ]
Pmax = [ 213 213 213 213 213 213 213 213 213 213 213 213 121 294 294 294 294 294 294 294 294 75 75 75 75 75 75 75 75 75 75 75 75 75 372 372 372 372 372 372 372 372 159 159 159 159 159 159 159 159 159 159 159 176 176 176 176 176 176 176 ]
cf = [ 27.3827 27.3827 27.3827 27.3827 27.3827 27.3827 27.3827 27.3827 27.3827 27.3827 27.3827 27.3827 29.283 66.4013 66.4013 66.4013 66.4013 66.4013 66.4013 66.4013 66.4013 24.4882 24.4882 24.4882 24.4882 24.4882 24.4882 24.4882 24.4882 24.4882 24.4882 24.4882 24.4882 24.4882 46.6252 46.6252 46.6252 46.6252 46.6252 46.6252 46.6252 46.6252 23.1322 23.1322 23.1322 23.1322 23.1322 23.1322 23.1322 23.1322 23.1322 23.1322 23.1322 39.9968 39.9968 39.9968 39.9968 39.9968 39.9968 39.9968 ]
c0 = [ 143 143 143 143 143 143 143 143 143 143 143 143 98 203 203 203 203 203 203 203 203 78 78 78 78 78 78 78 78 78 78 78 78 78 247 247 247 247 247 247 247 247 119 119 119 119 119 119 119 119 119 119 119 137 137 137 137 137 137 137 ]
cp = [ 27.579 27.579 27.579 27.579 27.579 27.579 27.579 27.579 27.579 27.579 27.579 27.579 30.5172 30.6714 30.6714 30.6714 30.6714 30.6714 30.6714 30.6714 30.6714 40.135 40.135 40.135 40.135 40.135 40.135 40.135 40.135 40.135 40.135 40.135 40.135 40.135 12.4346 12.4346 12.4346 12.4346 12.4346 12.4346 12.4346 12.4346 20.0964 20.0964 20.0964 20.0964 20.0964 20.0964 20.0964 20.0964 20.0964 20.0964 20.0964 29.6094 29.6094 29.6094 29.6094 29.6094 29.6094 29.6094 ]
D = [ 2542 3063 3530 3375 4119 4224 4389 4540 5118 5261 5623 5865 6288 6650 6734 7260 7496 7641 7747 8298 8310 8668 9063 9572 9762 9575 8836 8690 8398 7862 7802 7410 7106 6744 6385 6808 7013 7280 8042 8535 8656 7913 7260 6894 5744 5364 4756 4029 ]
K = 7
nk = [ 1 1 1 1 1 1 1 1 1 1 1 1 2 3 3 3 3 3 3 3 3 4 4 4 4 4 4 4 4 4 4 4 4 4 5 5 5 5 5 5 5 5 6 6 6 6 6 6 6 6 6 6 6 7 7 7 7 7 7 7 ]
First = [ 1 0 0 0 0 0 0 0 0 0 0 0 1 1 0 0 0 0 0 0 0 1 0 0 0 0 0 0 0 0 0 0 0 0 1 0 0 0 0 0 0 0 1 0 0 0 0 0 0 0 0 0 0 1 0 0 0 0 0 0 ]
Last = [ 0 0 0 0 0 0 0 0 0 0 0 1 1 0 0 0 0 0 0 0 1 0 0 0 0 0 0 0 0 0 0 0 0 1 0 0 0 0 0 0 0 1 0 0 0 0 0 0 0 0 0 0 1 0 0 0 0 0 0 1 ]
nS = 1
S = [ 0 1 2 3 4 5 6 7 8 9 10 11 12 13 14 15 16 17 18 19 20 21 22 23 24 25 26 27 28 29 30 31 32 33 34 35 36 37 38 39 40 41 42 43 44 45 46 47 48 49 50 51 52 53 54 55 56 57 58 59 ]
