n = 60 ; 
T = 48 ; 
Init = [ 0 0 0 0 0 0 0 0 0 0 0 0 0 0 0 0 1 1 1 1 1 1 1 1 1 1 1 1 1 1 1 1 1 1 1 1 1 1 1 1 1 1 1 1 1 1 0 0 1 1 1 1 1 1 1 1 1 1 1 1 ]
L = [ 18 18 18 18 18 18 18 18 18 18 18 18 18 18 18 18 17 17 17 17 17 17 17 17 17 17 17 17 17 17 17 17 17 17 17 17 17 17 17 17 17 17 17 17 17 17 5 5 13 13 13 13 13 13 13 13 13 13 13 13 ]
l = [ 18 18 18 18 18 18 18 18 18 18 18 18 18 18 18 18 17 17 17 17 17 17 17 17 17 17 17 17 17 17 17 17 17 17 17 17 17 17 17 17 17 17 17 17 17 17 5 5 13 13 13 13 13 13 13 13 13 13 13 13 ]
Pmin = [ 100 100 100 100 100 100 100 100 100 100 100 100 100 100 100 100 94 94 94 94 94 94 94 94 94 94 94 94 94 94 94 94 94 94 94 94 94 94 94 94 94 94 94 94 94 94 14 14 61 61 61 61 61 61 61 61 61 61 61 61 ]
Pmax = [ 398 398 398 398 398 398 398 398 398 398 398 398 398 398 398 398 369 369 369 369 369 369 369 369 369 369 369 369 369 369 369 369 369 369 369 369 369 369 369 369 369 369 369 369 369 369 37 37 240 240 240 240 240 240 240 240 240 240 240 240 ]
cf = [ 16.7323 16.7323 16.7323 16.7323 16.7323 16.7323 16.7323 16.7323 16.7323 16.7323 16.7323 16.7323 16.7323 16.7323 16.7323 16.7323 59.3295 59.3295 59.3295 59.3295 59.3295 59.3295 59.3295 59.3295 59.3295 59.3295 59.3295 59.3295 59.3295 59.3295 59.3295 59.3295 59.3295 59.3295 59.3295 59.3295 59.3295 59.3295 59.3295 59.3295 59.3295 59.3295 59.3295 59.3295 59.3295 59.3295 40.8172 40.8172 67.6073 67.6073 67.6073 67.6073 67.6073 67.6073 67.6073 67.6073 67.6073 67.6073 67.6073 67.6073 ]
c0 = [ 250 250 250 250 250 250 250 250 250 250 250 250 250 250 250 250 243 243 243 243 243 243 243 243 243 243 243 243 243 243 243 243 243 243 243 243 243 243 243 243 243 243 243 243 243 243 52 52 156 156 156 156 156 156 156 156 156 156 156 156 ]
cp = [ 11.8186 11.8186 11.8186 11.8186 11.8186 11.8186 11.8186 11.8186 11.8186 11.8186 11.8186 11.8186 11.8186 11.8186 11.8186 11.8186 11.5322 11.5322 11.5322 11.5322 11.5322 11.5322 11.5322 11.5322 11.5322 11.5322 11.5322 11.5322 11.5322 11.5322 11.5322 11.5322 11.5322 11.5322 11.5322 11.5322 11.5322 11.5322 11.5322 11.5322 11.5322 11.5322 11.5322 11.5322 11.5322 11.5322 38.9051 38.9051 36.2616 36.2616 36.2616 36.2616 36.2616 36.2616 36.2616 36.2616 36.2616 36.2616 36.2616 36.2616 ]
D = [ 4526 5366 5547 6536 6813 7434 7736 8415 8916 9073 9535 10818 11111 11639 12461 12774 13092 13781 14556 14977 15584 16122 16402 16928 17442 16639 16077 15176 14488 13401 12925 11753 10963 10125 9399 10743 11566 12183 12849 13629 14676 13217 11877 10630 9156 8095 7434 5735 ]
K = 4
nk = [ 1 1 1 1 1 1 1 1 1 1 1 1 1 1 1 1 2 2 2 2 2 2 2 2 2 2 2 2 2 2 2 2 2 2 2 2 2 2 2 2 2 2 2 2 2 2 3 3 4 4 4 4 4 4 4 4 4 4 4 4 ]
First = [ 1 0 0 0 0 0 0 0 0 0 0 0 0 0 0 0 1 0 0 0 0 0 0 0 0 0 0 0 0 0 0 0 0 0 0 0 0 0 0 0 0 0 0 0 0 0 1 0 1 0 0 0 0 0 0 0 0 0 0 0 ]
Last = [ 0 0 0 0 0 0 0 0 0 0 0 0 0 0 0 1 0 0 0 0 0 0 0 0 0 0 0 0 0 0 0 0 0 0 0 0 0 0 0 0 0 0 0 0 0 1 0 1 0 0 0 0 0 0 0 0 0 0 0 1 ]
nS = 1
S = [ 0 1 2 3 4 5 6 7 8 9 10 11 12 13 14 15 16 17 18 19 20 21 22 23 24 25 26 27 28 29 30 31 32 33 34 35 36 37 38 39 40 41 42 43 44 45 46 47 48 49 50 51 52 53 54 55 56 57 58 59 ]
