n = 60 ; 
T = 48 ; 
Init = [ 0 0 0 0 0 0 1 0 0 0 0 0 0 0 0 0 0 0 0 1 1 1 1 1 1 1 1 1 1 1 1 1 1 1 1 1 1 1 1 1 1 1 1 1 1 1 1 1 1 1 0 0 0 0 0 0 0 0 0 0 ]
L = [ 7 7 7 7 7 7 20 12 12 12 12 12 12 12 12 12 12 12 12 12 12 12 12 12 12 12 12 12 12 12 13 13 13 13 13 13 13 13 13 13 13 13 13 13 13 13 13 13 13 13 8 8 8 8 8 8 8 8 8 8 ]
l = [ 7 7 7 7 7 7 20 12 12 12 12 12 12 12 12 12 12 12 12 12 12 12 12 12 12 12 12 12 12 12 13 13 13 13 13 13 13 13 13 13 13 13 13 13 13 13 13 13 13 13 8 8 8 8 8 8 8 8 8 8 ]
Pmin = [ 43 43 43 43 43 43 100 64 64 64 64 64 64 64 64 64 64 64 64 69 69 69 69 69 69 69 69 69 69 69 65 65 65 65 65 65 65 65 65 65 65 65 65 65 65 65 65 65 65 65 35 35 35 35 35 35 35 35 35 35 ]
Pmax = [ 135 135 135 135 135 135 420 248 248 248 248 248 248 248 248 248 248 248 248 248 248 248 248 248 248 248 248 248 248 248 261 261 261 261 261 261 261 261 261 261 261 261 261 261 261 261 261 261 261 261 127 127 127 127 127 127 127 127 127 127 ]
cf = [ 64.7813 64.7813 64.7813 64.7813 64.7813 64.7813 52.2252 15.2213 15.2213 15.2213 15.2213 15.2213 15.2213 15.2213 15.2213 15.2213 15.2213 15.2213 15.2213 42.961 42.961 42.961 42.961 42.961 42.961 42.961 42.961 42.961 42.961 42.961 28.4173 28.4173 28.4173 28.4173 28.4173 28.4173 28.4173 28.4173 28.4173 28.4173 28.4173 28.4173 28.4173 28.4173 28.4173 28.4173 28.4173 28.4173 28.4173 28.4173 67.7506 67.7506 67.7506 67.7506 67.7506 67.7506 67.7506 67.7506 67.7506 67.7506 ]
c0 = [ 135 135 135 135 135 135 250 165 165 165 165 165 165 165 165 165 165 165 165 196 196 196 196 196 196 196 196 196 196 196 171 171 171 171 171 171 171 171 171 171 171 171 171 171 171 171 171 171 171 171 100 100 100 100 100 100 100 100 100 100 ]
cp = [ 35.7541 35.7541 35.7541 35.7541 35.7541 35.7541 8.31391 14.1623 14.1623 14.1623 14.1623 14.1623 14.1623 14.1623 14.1623 14.1623 14.1623 14.1623 14.1623 19.2221 19.2221 19.2221 19.2221 19.2221 19.2221 19.2221 19.2221 19.2221 19.2221 19.2221 34.4092 34.4092 34.4092 34.4092 34.4092 34.4092 34.4092 34.4092 34.4092 34.4092 34.4092 34.4092 34.4092 34.4092 34.4092 34.4092 34.4092 34.4092 34.4092 34.4092 34.2168 34.2168 34.2168 34.2168 34.2168 34.2168 34.2168 34.2168 34.2168 34.2168 ]
D = [ 2853 3549 3776 4307 4311 5037 4933 5814 5764 6160 6433 7228 7275 7952 8107 8581 9032 9569 9926 10163 10316 10663 11248 11539 12014 11283 11007 10380 9882 9446 9002 8572 7918 7326 7050 7530 7718 8469 8917 9216 9986 9020 7888 7018 6352 5536 4765 3637 ]
K = 6
nk = [ 1 1 1 1 1 1 2 3 3 3 3 3 3 3 3 3 3 3 3 4 4 4 4 4 4 4 4 4 4 4 5 5 5 5 5 5 5 5 5 5 5 5 5 5 5 5 5 5 5 5 6 6 6 6 6 6 6 6 6 6 ]
First = [ 1 0 0 0 0 0 1 1 0 0 0 0 0 0 0 0 0 0 0 1 0 0 0 0 0 0 0 0 0 0 1 0 0 0 0 0 0 0 0 0 0 0 0 0 0 0 0 0 0 0 1 0 0 0 0 0 0 0 0 0 ]
Last = [ 0 0 0 0 0 1 1 0 0 0 0 0 0 0 0 0 0 0 1 0 0 0 0 0 0 0 0 0 0 1 0 0 0 0 0 0 0 0 0 0 0 0 0 0 0 0 0 0 0 1 0 0 0 0 0 0 0 0 0 1 ]
nS = 1
S = [ 0 1 2 3 4 5 6 7 8 9 10 11 12 13 14 15 16 17 18 19 20 21 22 23 24 25 26 27 28 29 30 31 32 33 34 35 36 37 38 39 40 41 42 43 44 45 46 47 48 49 50 51 52 53 54 55 56 57 58 59 ]
