n = 60 ; 
T = 48 ; 
Init = [ 0 0 0 0 0 0 0 0 0 0 0 0 1 1 1 1 1 1 1 1 1 1 1 0 0 0 0 0 0 0 0 0 0 0 0 0 0 0 1 1 1 1 1 1 0 0 0 0 0 0 0 1 1 1 1 0 0 0 0 0 ]
L = [ 7 7 7 7 7 7 7 7 7 7 7 7 10 10 10 10 10 10 10 10 10 10 10 13 13 13 13 13 13 13 13 13 13 13 12 12 12 12 13 13 13 13 13 13 11 11 11 11 11 11 11 12 12 12 12 17 17 17 17 17 ]
l = [ 7 7 7 7 7 7 7 7 7 7 7 7 10 10 10 10 10 10 10 10 10 10 10 13 13 13 13 13 13 13 13 13 13 13 12 12 12 12 13 13 13 13 13 13 11 11 11 11 11 11 11 12 12 12 12 17 17 17 17 17 ]
Pmin = [ 31 31 31 31 31 31 31 31 31 31 31 31 52 52 52 52 52 52 52 52 52 52 52 73 73 73 73 73 73 73 73 73 73 73 59 59 59 59 65 65 65 65 65 65 54 54 54 54 54 54 54 64 64 64 64 93 93 93 93 93 ]
Pmax = [ 99 99 99 99 99 99 99 99 99 99 99 99 208 208 208 208 208 208 208 208 208 208 208 279 279 279 279 279 279 279 279 279 279 279 235 235 235 235 255 255 255 255 255 255 192 192 192 192 192 192 192 257 257 257 257 361 361 361 361 361 ]
cf = [ 40.0797 40.0797 40.0797 40.0797 40.0797 40.0797 40.0797 40.0797 40.0797 40.0797 40.0797 40.0797 37.3513 37.3513 37.3513 37.3513 37.3513 37.3513 37.3513 37.3513 37.3513 37.3513 37.3513 57.8573 57.8573 57.8573 57.8573 57.8573 57.8573 57.8573 57.8573 57.8573 57.8573 57.8573 63.7542 63.7542 63.7542 63.7542 32.8777 32.8777 32.8777 32.8777 32.8777 32.8777 64.2374 64.2374 64.2374 64.2374 64.2374 64.2374 64.2374 40.5129 40.5129 40.5129 40.5129 27.8379 27.8379 27.8379 27.8379 27.8379 ]
c0 = [ 104 104 104 104 104 104 104 104 104 104 104 104 146 146 146 146 146 146 146 146 146 146 146 203 203 203 203 203 203 203 203 203 203 203 156 156 156 156 172 172 172 172 172 172 162 162 162 162 162 162 162 183 183 183 183 250 250 250 250 250 ]
cp = [ 26.7895 26.7895 26.7895 26.7895 26.7895 26.7895 26.7895 26.7895 26.7895 26.7895 26.7895 26.7895 37.5879 37.5879 37.5879 37.5879 37.5879 37.5879 37.5879 37.5879 37.5879 37.5879 37.5879 26.8574 26.8574 26.8574 26.8574 26.8574 26.8574 26.8574 26.8574 26.8574 26.8574 26.8574 29.9398 29.9398 29.9398 29.9398 30.0124 30.0124 30.0124 30.0124 30.0124 30.0124 28.1737 28.1737 28.1737 28.1737 28.1737 28.1737 28.1737 28.5667 28.5667 28.5667 28.5667 20.0777 20.0777 20.0777 20.0777 20.0777 ]
D = [ 3353 3413 3954 4356 4508 4881 5288 5363 5892 6185 6127 6456 7134 7320 7446 7792 8343 8487 9076 9010 9258 9626 9946 10395 10438 10247 9580 9245 8920 8336 8167 7921 7090 6628 6476 7022 7630 8054 8895 9197 9607 9303 8317 7791 6837 6198 5183 4473 ]
K = 8
nk = [ 1 1 1 1 1 1 1 1 1 1 1 1 2 2 2 2 2 2 2 2 2 2 2 3 3 3 3 3 3 3 3 3 3 3 4 4 4 4 5 5 5 5 5 5 6 6 6 6 6 6 6 7 7 7 7 8 8 8 8 8 ]
First = [ 1 0 0 0 0 0 0 0 0 0 0 0 1 0 0 0 0 0 0 0 0 0 0 1 0 0 0 0 0 0 0 0 0 0 1 0 0 0 1 0 0 0 0 0 1 0 0 0 0 0 0 1 0 0 0 1 0 0 0 0 ]
Last = [ 0 0 0 0 0 0 0 0 0 0 0 1 0 0 0 0 0 0 0 0 0 0 1 0 0 0 0 0 0 0 0 0 0 1 0 0 0 1 0 0 0 0 0 1 0 0 0 0 0 0 1 0 0 0 1 0 0 0 0 1 ]
nS = 1
S = [ 0 1 2 3 4 5 6 7 8 9 10 11 12 13 14 15 16 17 18 19 20 21 22 23 24 25 26 27 28 29 30 31 32 33 34 35 36 37 38 39 40 41 42 43 44 45 46 47 48 49 50 51 52 53 54 55 56 57 58 59 ]
