n = 60 ; 
T = 48 ; 
Init = [ 1 1 1 1 1 1 1 1 1 1 1 1 1 1 1 1 1 1 1 1 1 1 1 1 1 1 1 1 1 1 1 1 1 0 0 0 1 1 1 1 1 1 1 1 1 1 1 1 1 1 1 1 0 0 0 0 0 0 0 0 ]
L = [ 5 5 5 5 5 5 5 5 5 5 5 13 13 13 13 13 13 13 13 13 13 13 13 6 6 6 6 6 6 6 6 18 18 14 14 14 4 4 4 4 4 4 4 4 4 18 18 18 18 18 18 18 9 9 9 9 9 10 15 15 ]
l = [ 5 5 5 5 5 5 5 5 5 5 5 13 13 13 13 13 13 13 13 13 13 13 13 6 6 6 6 6 6 6 6 18 18 14 14 14 4 4 4 4 4 4 4 4 4 18 18 18 18 18 18 18 9 9 9 9 9 10 15 15 ]
Pmin = [ 22 22 22 22 22 22 22 22 22 22 22 73 73 73 73 73 73 73 73 73 73 73 73 29 29 29 29 29 29 29 29 99 99 74 74 74 17 17 17 17 17 17 17 17 17 100 100 100 100 100 100 100 46 46 46 46 46 50 75 75 ]
Pmax = [ 69 69 69 69 69 69 69 69 69 69 69 264 264 264 264 264 264 264 264 264 264 264 264 77 77 77 77 77 77 77 77 379 379 272 272 272 57 57 57 57 57 57 57 57 57 385 385 385 385 385 385 385 172 172 172 172 172 163 290 290 ]
cf = [ 25.4062 25.4062 25.4062 25.4062 25.4062 25.4062 25.4062 25.4062 25.4062 25.4062 25.4062 51.0654 51.0654 51.0654 51.0654 51.0654 51.0654 51.0654 51.0654 51.0654 51.0654 51.0654 51.0654 57.4041 57.4041 57.4041 57.4041 57.4041 57.4041 57.4041 57.4041 66.3587 66.3587 54.4789 54.4789 54.4789 68.3243 68.3243 68.3243 68.3243 68.3243 68.3243 68.3243 68.3243 68.3243 34.0272 34.0272 34.0272 34.0272 34.0272 34.0272 34.0272 36.4293 36.4293 36.4293 36.4293 36.4293 24.4563 37.1919 37.1919 ]
c0 = [ 74 74 74 74 74 74 74 74 74 74 74 190 190 190 190 190 190 190 190 190 190 190 190 83 83 83 83 83 83 83 83 250 250 205 205 205 67 67 67 67 67 67 67 67 67 250 250 250 250 250 250 250 133 133 133 133 133 131 206 206 ]
cp = [ 30.7557 30.7557 30.7557 30.7557 30.7557 30.7557 30.7557 30.7557 30.7557 30.7557 30.7557 23.0257 23.0257 23.0257 23.0257 23.0257 23.0257 23.0257 23.0257 23.0257 23.0257 23.0257 23.0257 36.9065 36.9065 36.9065 36.9065 36.9065 36.9065 36.9065 36.9065 18.4212 18.4212 15.2572 15.2572 15.2572 40.2938 40.2938 40.2938 40.2938 40.2938 40.2938 40.2938 40.2938 40.2938 10.9562 10.9562 10.9562 10.9562 10.9562 10.9562 10.9562 28.8649 28.8649 28.8649 28.8649 28.8649 25.3618 30.0699 30.0699 ]
D = [ 2193 2558 2909 3035 3620 3761 4087 4334 4731 5056 5005 5467 5635 6020 6238 6754 6725 7339 7655 7708 8114 8387 8452 8781 9297 8649 8327 8136 7745 7300 6864 6204 5840 5468 5088 5543 6423 7041 7458 8013 8671 7926 6956 6233 5588 4989 4497 3538 ]
K = 10
nk = [ 1 1 1 1 1 1 1 1 1 1 1 2 2 2 2 2 2 2 2 2 2 2 2 3 3 3 3 3 3 3 3 4 4 5 5 5 6 6 6 6 6 6 6 6 6 7 7 7 7 7 7 7 8 8 8 8 8 9 10 10 ]
First = [ 1 0 0 0 0 0 0 0 0 0 0 1 0 0 0 0 0 0 0 0 0 0 0 1 0 0 0 0 0 0 0 1 0 1 0 0 1 0 0 0 0 0 0 0 0 1 0 0 0 0 0 0 1 0 0 0 0 1 1 0 ]
Last = [ 0 0 0 0 0 0 0 0 0 0 1 0 0 0 0 0 0 0 0 0 0 0 1 0 0 0 0 0 0 0 1 0 1 0 0 1 0 0 0 0 0 0 0 0 1 0 0 0 0 0 0 1 0 0 0 0 1 1 0 1 ]
nS = 1
S = [ 0 1 2 3 4 5 6 7 8 9 10 11 12 13 14 15 16 17 18 19 20 21 22 23 24 25 26 27 28 29 30 31 32 33 34 35 36 37 38 39 40 41 42 43 44 45 46 47 48 49 50 51 52 53 54 55 56 57 58 59 ]
