n = 60 ; 
T = 48 ; 
Init = [ 0 0 0 0 0 0 0 0 0 0 0 0 0 0 0 0 0 0 0 0 0 0 0 0 0 0 0 0 0 0 1 1 1 1 1 1 1 1 1 1 0 0 0 0 0 0 0 0 0 1 1 1 1 1 1 1 1 0 0 0 ]
L = [ 8 8 8 8 8 8 8 8 8 8 8 8 8 8 8 8 8 8 8 8 9 9 9 9 9 9 9 9 9 9 16 16 16 16 16 16 16 16 16 17 9 9 9 9 9 9 9 9 9 18 18 18 18 18 18 18 18 12 12 12 ]
l = [ 8 8 8 8 8 8 8 8 8 8 8 8 8 8 8 8 8 8 8 8 9 9 9 9 9 9 9 9 9 9 16 16 16 16 16 16 16 16 16 17 9 9 9 9 9 9 9 9 9 18 18 18 18 18 18 18 18 12 12 12 ]
Pmin = [ 37 37 37 37 37 37 37 37 37 37 37 37 37 37 37 37 37 37 37 37 45 45 45 45 45 45 45 45 45 45 82 82 82 82 82 82 82 82 82 87 53 53 53 53 53 53 53 53 53 100 100 100 100 100 100 100 100 61 61 61 ]
Pmax = [ 123 123 123 123 123 123 123 123 123 123 123 123 123 123 123 123 123 123 123 123 172 172 172 172 172 172 172 172 172 172 340 340 340 340 340 340 340 340 340 359 185 185 185 185 185 185 185 185 185 389 389 389 389 389 389 389 389 229 229 229 ]
cf = [ 19.947 19.947 19.947 19.947 19.947 19.947 19.947 19.947 19.947 19.947 19.947 19.947 19.947 19.947 19.947 19.947 19.947 19.947 19.947 19.947 64.9513 64.9513 64.9513 64.9513 64.9513 64.9513 64.9513 64.9513 64.9513 64.9513 13.9174 13.9174 13.9174 13.9174 13.9174 13.9174 13.9174 13.9174 13.9174 51.4935 65.8641 65.8641 65.8641 65.8641 65.8641 65.8641 65.8641 65.8641 65.8641 42.6059 42.6059 42.6059 42.6059 42.6059 42.6059 42.6059 42.6059 69.4561 69.4561 69.4561 ]
c0 = [ 117 117 117 117 117 117 117 117 117 117 117 117 117 117 117 117 117 117 117 117 134 134 134 134 134 134 134 134 134 134 224 224 224 224 224 224 224 224 224 229 156 156 156 156 156 156 156 156 156 250 250 250 250 250 250 250 250 178 178 178 ]
cp = [ 26.7667 26.7667 26.7667 26.7667 26.7667 26.7667 26.7667 26.7667 26.7667 26.7667 26.7667 26.7667 26.7667 26.7667 26.7667 26.7667 26.7667 26.7667 26.7667 26.7667 28.5283 28.5283 28.5283 28.5283 28.5283 28.5283 28.5283 28.5283 28.5283 28.5283 21.6252 21.6252 21.6252 21.6252 21.6252 21.6252 21.6252 21.6252 21.6252 15.1241 39.1485 39.1485 39.1485 39.1485 39.1485 39.1485 39.1485 39.1485 39.1485 14.163 14.163 14.163 14.163 14.163 14.163 14.163 14.163 28.0976 28.0976 28.0976 ]
D = [ 3708 3679 4018 4355 4618 4989 5602 5900 6237 6403 6676 6812 7218 7682 7937 8434 8725 8747 9275 9266 9903 10309 10408 10705 10963 10535 10492 9553 9523 8932 8400 8206 7788 7276 6577 6999 7434 7924 8847 9299 9636 8758 7795 6987 6254 5749 5118 4357 ]
K = 7
nk = [ 1 1 1 1 1 1 1 1 1 1 1 1 1 1 1 1 1 1 1 1 2 2 2 2 2 2 2 2 2 2 3 3 3 3 3 3 3 3 3 4 5 5 5 5 5 5 5 5 5 6 6 6 6 6 6 6 6 7 7 7 ]
First = [ 1 0 0 0 0 0 0 0 0 0 0 0 0 0 0 0 0 0 0 0 1 0 0 0 0 0 0 0 0 0 1 0 0 0 0 0 0 0 0 1 1 0 0 0 0 0 0 0 0 1 0 0 0 0 0 0 0 1 0 0 ]
Last = [ 0 0 0 0 0 0 0 0 0 0 0 0 0 0 0 0 0 0 0 1 0 0 0 0 0 0 0 0 0 1 0 0 0 0 0 0 0 0 1 1 0 0 0 0 0 0 0 0 1 0 0 0 0 0 0 0 1 0 0 1 ]
nS = 1
S = [ 0 1 2 3 4 5 6 7 8 9 10 11 12 13 14 15 16 17 18 19 20 21 22 23 24 25 26 27 28 29 30 31 32 33 34 35 36 37 38 39 40 41 42 43 44 45 46 47 48 49 50 51 52 53 54 55 56 57 58 59 ]
