n = 60 ; 
T = 48 ; 
Init = [ 1 1 1 1 1 1 1 1 1 1 1 1 1 1 1 1 1 1 1 1 1 1 1 1 1 1 1 0 0 0 0 0 1 1 1 1 1 1 1 1 1 1 1 1 1 1 1 1 1 1 1 1 0 0 0 0 0 0 0 0 ]
L = [ 19 19 19 11 11 11 11 11 11 11 11 11 11 11 11 11 11 11 11 11 8 8 8 8 8 8 8 9 9 9 9 9 8 4 4 4 4 4 4 4 4 4 4 4 4 4 4 4 4 4 4 4 8 8 8 8 8 8 8 6 ]
l = [ 19 19 19 11 11 11 11 11 11 11 11 11 11 11 11 11 11 11 11 11 8 8 8 8 8 8 8 9 9 9 9 9 8 4 4 4 4 4 4 4 4 4 4 4 4 4 4 4 4 4 4 4 8 8 8 8 8 8 8 6 ]
Pmin = [ 100 100 100 52 52 52 52 52 52 52 52 52 52 52 52 52 52 52 52 52 36 36 36 36 36 36 36 45 45 45 45 45 41 13 13 13 13 13 13 13 13 13 13 13 13 13 13 13 13 13 13 13 40 40 40 40 40 40 40 29 ]
Pmax = [ 420 420 420 187 187 187 187 187 187 187 187 187 187 187 187 187 187 187 187 187 126 126 126 126 126 126 126 178 178 178 178 178 138 40 40 40 40 40 40 40 40 40 40 40 40 40 40 40 40 40 40 40 138 138 138 138 138 138 138 100 ]
cf = [ 27.3283 27.3283 27.3283 53.9093 53.9093 53.9093 53.9093 53.9093 53.9093 53.9093 53.9093 53.9093 53.9093 53.9093 53.9093 53.9093 53.9093 53.9093 53.9093 53.9093 20.7551 20.7551 20.7551 20.7551 20.7551 20.7551 20.7551 69.37 69.37 69.37 69.37 69.37 8.76349 13.9923 13.9923 13.9923 13.9923 13.9923 13.9923 13.9923 13.9923 13.9923 13.9923 13.9923 13.9923 13.9923 13.9923 13.9923 13.9923 13.9923 13.9923 13.9923 44.2716 44.2716 44.2716 44.2716 44.2716 44.2716 44.2716 58.8568 ]
c0 = [ 250 250 250 152 152 152 152 152 152 152 152 152 152 152 152 152 152 152 152 152 117 117 117 117 117 117 117 125 125 125 125 125 130 53 53 53 53 53 53 53 53 53 53 53 53 53 53 53 53 53 53 53 113 113 113 113 113 113 113 81 ]
cp = [ 12.2984 12.2984 12.2984 32.5932 32.5932 32.5932 32.5932 32.5932 32.5932 32.5932 32.5932 32.5932 32.5932 32.5932 32.5932 32.5932 32.5932 32.5932 32.5932 32.5932 38.4904 38.4904 38.4904 38.4904 38.4904 38.4904 38.4904 24.251 24.251 24.251 24.251 24.251 33.9772 41.9421 41.9421 41.9421 41.9421 41.9421 41.9421 41.9421 41.9421 41.9421 41.9421 41.9421 41.9421 41.9421 41.9421 41.9421 41.9421 41.9421 41.9421 41.9421 26.0992 26.0992 26.0992 26.0992 26.0992 26.0992 26.0992 38.3668 ]
D = [ 1767 2044 2274 2276 2718 2714 3205 3117 3541 3692 3995 4091 4172 4519 4585 4885 5097 5251 5483 5906 6077 6115 6473 6602 6773 6461 6336 6229 5825 5674 5335 4865 4778 4457 4102 4528 4930 5138 5590 5876 6349 5685 5301 4764 4234 3703 3252 2722 ]
K = 8
nk = [ 1 1 1 2 2 2 2 2 2 2 2 2 2 2 2 2 2 2 2 2 3 3 3 3 3 3 3 4 4 4 4 4 5 6 6 6 6 6 6 6 6 6 6 6 6 6 6 6 6 6 6 6 7 7 7 7 7 7 7 8 ]
First = [ 1 0 0 1 0 0 0 0 0 0 0 0 0 0 0 0 0 0 0 0 1 0 0 0 0 0 0 1 0 0 0 0 1 1 0 0 0 0 0 0 0 0 0 0 0 0 0 0 0 0 0 0 1 0 0 0 0 0 0 1 ]
Last = [ 0 0 1 0 0 0 0 0 0 0 0 0 0 0 0 0 0 0 0 1 0 0 0 0 0 0 1 0 0 0 0 1 1 0 0 0 0 0 0 0 0 0 0 0 0 0 0 0 0 0 0 1 0 0 0 0 0 0 1 1 ]
nS = 1
S = [ 0 1 2 3 4 5 6 7 8 9 10 11 12 13 14 15 16 17 18 19 20 21 22 23 24 25 26 27 28 29 30 31 32 33 34 35 36 37 38 39 40 41 42 43 44 45 46 47 48 49 50 51 52 53 54 55 56 57 58 59 ]
