n = 60 ; 
T = 48 ; 
Init = [ 0 0 0 0 0 0 0 0 0 0 0 0 0 0 0 0 0 0 0 0 0 0 0 0 0 0 0 0 0 0 0 0 0 0 0 0 0 0 0 0 0 1 1 1 1 1 1 1 1 1 1 1 1 1 1 1 1 1 1 1 ]
L = [ 15 15 15 15 15 15 15 15 15 15 15 15 15 15 15 15 15 15 15 15 15 15 16 16 16 16 16 16 16 16 16 16 16 16 16 16 16 16 16 16 16 16 16 16 16 16 16 16 16 16 16 16 16 16 16 16 16 16 16 16 ]
l = [ 15 15 15 15 15 15 15 15 15 15 15 15 15 15 15 15 15 15 15 15 15 15 16 16 16 16 16 16 16 16 16 16 16 16 16 16 16 16 16 16 16 16 16 16 16 16 16 16 16 16 16 16 16 16 16 16 16 16 16 16 ]
Pmin = [ 83 83 83 83 83 83 83 83 83 83 83 83 83 83 83 83 83 83 83 83 83 83 89 89 89 89 89 89 89 89 89 89 89 89 89 89 89 89 89 89 89 87 87 87 87 87 87 87 87 87 87 87 87 87 87 87 87 87 87 87 ]
Pmax = [ 326 326 326 326 326 326 326 326 326 326 326 326 326 326 326 326 326 326 326 326 326 326 340 340 340 340 340 340 340 340 340 340 340 340 340 340 340 340 340 340 340 345 345 345 345 345 345 345 345 345 345 345 345 345 345 345 345 345 345 345 ]
cf = [ 12.5263 12.5263 12.5263 12.5263 12.5263 12.5263 12.5263 12.5263 12.5263 12.5263 12.5263 12.5263 12.5263 12.5263 12.5263 12.5263 12.5263 12.5263 12.5263 12.5263 12.5263 12.5263 30.4225 30.4225 30.4225 30.4225 30.4225 30.4225 30.4225 30.4225 30.4225 30.4225 30.4225 30.4225 30.4225 30.4225 30.4225 30.4225 30.4225 30.4225 30.4225 20.4096 20.4096 20.4096 20.4096 20.4096 20.4096 20.4096 20.4096 20.4096 20.4096 20.4096 20.4096 20.4096 20.4096 20.4096 20.4096 20.4096 20.4096 20.4096 ]
c0 = [ 219 219 219 219 219 219 219 219 219 219 219 219 219 219 219 219 219 219 219 219 219 219 234 234 234 234 234 234 234 234 234 234 234 234 234 234 234 234 234 234 234 233 233 233 233 233 233 233 233 233 233 233 233 233 233 233 233 233 233 233 ]
cp = [ 17.5519 17.5519 17.5519 17.5519 17.5519 17.5519 17.5519 17.5519 17.5519 17.5519 17.5519 17.5519 17.5519 17.5519 17.5519 17.5519 17.5519 17.5519 17.5519 17.5519 17.5519 17.5519 17.6249 17.6249 17.6249 17.6249 17.6249 17.6249 17.6249 17.6249 17.6249 17.6249 17.6249 17.6249 17.6249 17.6249 17.6249 17.6249 17.6249 17.6249 17.6249 22.0841 22.0841 22.0841 22.0841 22.0841 22.0841 22.0841 22.0841 22.0841 22.0841 22.0841 22.0841 22.0841 22.0841 22.0841 22.0841 22.0841 22.0841 22.0841 ]
D = [ 5165 6400 6896 7047 7878 7793 8831 9302 9805 9752 10385 10764 11632 11880 12622 13185 13731 13762 14402 15066 15686 15651 16564 16569 17069 16415 16116 14847 14239 13462 12935 11983 11144 10621 9329 10515 11102 12043 13209 13808 15013 14060 12286 10801 9605 8082 6669 5528 ]
K = 3
nk = [ 1 1 1 1 1 1 1 1 1 1 1 1 1 1 1 1 1 1 1 1 1 1 2 2 2 2 2 2 2 2 2 2 2 2 2 2 2 2 2 2 2 3 3 3 3 3 3 3 3 3 3 3 3 3 3 3 3 3 3 3 ]
First = [ 1 0 0 0 0 0 0 0 0 0 0 0 0 0 0 0 0 0 0 0 0 0 1 0 0 0 0 0 0 0 0 0 0 0 0 0 0 0 0 0 0 1 0 0 0 0 0 0 0 0 0 0 0 0 0 0 0 0 0 0 ]
Last = [ 0 0 0 0 0 0 0 0 0 0 0 0 0 0 0 0 0 0 0 0 0 1 0 0 0 0 0 0 0 0 0 0 0 0 0 0 0 0 0 0 1 0 0 0 0 0 0 0 0 0 0 0 0 0 0 0 0 0 0 1 ]
nS = 1
S = [ 0 1 2 3 4 5 6 7 8 9 10 11 12 13 14 15 16 17 18 19 20 21 22 23 24 25 26 27 28 29 30 31 32 33 34 35 36 37 38 39 40 41 42 43 44 45 46 47 48 49 50 51 52 53 54 55 56 57 58 59 ]
