n = 60 ; 
T = 48 ; 
Init = [ 0 0 0 0 0 0 0 0 0 0 0 0 0 0 0 0 0 0 0 0 0 0 0 0 0 0 0 0 0 0 0 0 0 0 0 0 0 0 0 0 0 0 0 0 0 0 0 0 0 0 0 0 0 1 1 1 1 1 1 1 ]
L = [ 8 8 8 8 8 8 8 8 8 7 7 7 7 7 7 7 7 7 7 7 7 15 15 7 7 7 7 7 7 7 7 7 7 19 19 19 19 5 5 5 5 5 5 5 5 5 5 5 5 5 5 5 5 17 17 17 17 17 17 17 ]
l = [ 8 8 8 8 8 8 8 8 8 7 7 7 7 7 7 7 7 7 7 7 7 15 15 7 7 7 7 7 7 7 7 7 7 19 19 19 19 5 5 5 5 5 5 5 5 5 5 5 5 5 5 5 5 17 17 17 17 17 17 17 ]
Pmin = [ 40 40 40 40 40 40 40 40 40 41 41 41 41 41 41 41 41 41 41 41 41 83 83 41 41 41 41 41 41 41 41 41 41 100 100 100 100 26 26 26 26 26 22 22 22 22 22 22 22 22 22 22 22 89 89 89 89 89 89 89 ]
Pmax = [ 133 133 133 133 133 133 133 133 133 138 138 138 138 138 138 138 138 138 138 138 138 335 335 139 139 139 139 139 139 139 139 139 139 420 420 420 420 83 83 83 83 83 66 66 66 66 66 66 66 66 66 66 66 360 360 360 360 360 360 360 ]
cf = [ 21.6008 21.6008 21.6008 21.6008 21.6008 21.6008 21.6008 21.6008 21.6008 25.0005 25.0005 25.0005 25.0005 25.0005 25.0005 25.0005 25.0005 25.0005 25.0005 25.0005 25.0005 39.7917 39.7917 47.4224 47.4224 47.4224 47.4224 47.4224 47.4224 47.4224 47.4224 47.4224 47.4224 25.5074 25.5074 25.5074 25.5074 47.0347 47.0347 47.0347 47.0347 47.0347 10.4751 10.4751 10.4751 10.4751 10.4751 10.4751 10.4751 10.4751 10.4751 10.4751 10.4751 60.0878 60.0878 60.0878 60.0878 60.0878 60.0878 60.0878 ]
c0 = [ 111 111 111 111 111 111 111 111 111 121 121 121 121 121 121 121 121 121 121 121 121 228 228 112 112 112 112 112 112 112 112 112 112 250 250 250 250 84 84 84 84 84 77 77 77 77 77 77 77 77 77 77 77 241 241 241 241 241 241 241 ]
cp = [ 34.5333 34.5333 34.5333 34.5333 34.5333 34.5333 34.5333 34.5333 34.5333 40.1215 40.1215 40.1215 40.1215 40.1215 40.1215 40.1215 40.1215 40.1215 40.1215 40.1215 40.1215 14.8937 14.8937 38.1443 38.1443 38.1443 38.1443 38.1443 38.1443 38.1443 38.1443 38.1443 38.1443 11.1644 11.1644 11.1644 11.1644 41.2478 41.2478 41.2478 41.2478 41.2478 38.1959 38.1959 38.1959 38.1959 38.1959 38.1959 38.1959 38.1959 38.1959 38.1959 38.1959 14.5458 14.5458 14.5458 14.5458 14.5458 14.5458 14.5458 ]
D = [ 2813 3034 3387 3523 3739 3930 4355 4463 4620 5170 5140 5449 5532 5972 6266 6600 6665 7084 7241 7343 7759 7793 8295 8585 8552 8206 7943 7433 7361 6580 6539 6052 5656 5311 4713 5161 6044 6499 6809 7191 7950 7276 6603 6079 5189 4563 4127 3465 ]
K = 8
nk = [ 1 1 1 1 1 1 1 1 1 2 2 2 2 2 2 2 2 2 2 2 2 3 3 4 4 4 4 4 4 4 4 4 4 5 5 5 5 6 6 6 6 6 7 7 7 7 7 7 7 7 7 7 7 8 8 8 8 8 8 8 ]
First = [ 1 0 0 0 0 0 0 0 0 1 0 0 0 0 0 0 0 0 0 0 0 1 0 1 0 0 0 0 0 0 0 0 0 1 0 0 0 1 0 0 0 0 1 0 0 0 0 0 0 0 0 0 0 1 0 0 0 0 0 0 ]
Last = [ 0 0 0 0 0 0 0 0 1 0 0 0 0 0 0 0 0 0 0 0 1 0 1 0 0 0 0 0 0 0 0 0 1 0 0 0 1 0 0 0 0 1 0 0 0 0 0 0 0 0 0 0 1 0 0 0 0 0 0 1 ]
nS = 1
S = [ 0 1 2 3 4 5 6 7 8 9 10 11 12 13 14 15 16 17 18 19 20 21 22 23 24 25 26 27 28 29 30 31 32 33 34 35 36 37 38 39 40 41 42 43 44 45 46 47 48 49 50 51 52 53 54 55 56 57 58 59 ]
