n = 60 ; 
T = 48 ; 
Init = [ 0 0 0 0 0 0 0 0 0 0 0 0 0 0 0 0 0 0 0 0 0 0 0 0 0 0 0 0 0 0 0 0 0 0 0 0 0 0 0 0 0 1 1 1 1 1 0 0 0 0 0 0 0 1 1 1 1 1 1 1 ]
L = [ 7 7 7 7 7 7 7 7 19 5 5 8 8 8 8 8 8 8 10 10 7 7 7 10 10 10 10 10 10 10 10 10 10 13 13 13 13 13 13 13 13 15 15 15 15 15 18 18 18 18 18 18 18 16 16 16 16 16 16 16 ]
l = [ 7 7 7 7 7 7 7 7 19 5 5 8 8 8 8 8 8 8 10 10 7 7 7 10 10 10 10 10 10 10 10 10 10 13 13 13 13 13 13 13 13 15 15 15 15 15 18 18 18 18 18 18 18 16 16 16 16 16 16 16 ]
Pmin = [ 35 35 35 35 35 35 35 35 99 22 22 41 41 41 41 41 41 41 46 46 35 35 35 50 50 50 50 50 50 50 50 50 50 62 62 62 62 62 71 71 71 77 77 77 77 77 98 98 98 98 98 98 98 83 83 83 83 83 83 83 ]
Pmax = [ 122 122 122 122 122 122 122 122 390 60 60 126 126 126 126 126 126 126 166 166 128 128 128 186 186 186 186 186 186 186 186 186 186 252 252 252 252 252 284 284 284 307 307 307 307 307 380 380 380 380 380 380 380 326 326 326 326 326 326 326 ]
cf = [ 52.251 52.251 52.251 52.251 52.251 52.251 52.251 52.251 34.9781 10.5463 10.5463 66.1491 66.1491 66.1491 66.1491 66.1491 66.1491 66.1491 55.0719 55.0719 56.6309 56.6309 56.6309 19.6456 19.6456 19.6456 19.6456 19.6456 19.6456 19.6456 19.6456 19.6456 19.6456 54.4868 54.4868 54.4868 54.4868 54.4868 25.123 25.123 25.123 30.6101 30.6101 30.6101 30.6101 30.6101 22.0959 22.0959 22.0959 22.0959 22.0959 22.0959 22.0959 33.0658 33.0658 33.0658 33.0658 33.0658 33.0658 33.0658 ]
c0 = [ 114 114 114 114 114 114 114 114 250 69 69 109 109 109 109 109 109 109 122 122 109 109 109 147 147 147 147 147 147 147 147 147 147 180 180 180 180 180 192 192 192 208 208 208 208 208 245 245 245 245 245 245 245 223 223 223 223 223 223 223 ]
cp = [ 35.7992 35.7992 35.7992 35.7992 35.7992 35.7992 35.7992 35.7992 11.8399 39.9108 39.9108 33.2487 33.2487 33.2487 33.2487 33.2487 33.2487 33.2487 33.0076 33.0076 33.372 33.372 33.372 27.0303 27.0303 27.0303 27.0303 27.0303 27.0303 27.0303 27.0303 27.0303 27.0303 27.1804 27.1804 27.1804 27.1804 27.1804 31.0832 31.0832 31.0832 19.8131 19.8131 19.8131 19.8131 19.8131 15.7775 15.7775 15.7775 15.7775 15.7775 15.7775 15.7775 14.5477 14.5477 14.5477 14.5477 14.5477 14.5477 14.5477 ]
D = [ 3430 4173 4176 4673 4759 5308 5578 6016 6122 6260 6900 7359 7747 7599 7936 8402 9021 9231 9312 9542 9891 10391 10999 11051 11359 10902 10208 9958 9361 8961 8674 7981 7458 6848 6327 7179 7866 8362 8786 9255 10105 8966 8232 7808 6738 6015 5192 4415 ]
K = 12
nk = [ 1 1 1 1 1 1 1 1 2 3 3 4 4 4 4 4 4 4 5 5 6 6 6 7 7 7 7 7 7 7 7 7 7 8 8 8 8 8 9 9 9 10 10 10 10 10 11 11 11 11 11 11 11 12 12 12 12 12 12 12 ]
First = [ 1 0 0 0 0 0 0 0 1 1 0 1 0 0 0 0 0 0 1 0 1 0 0 1 0 0 0 0 0 0 0 0 0 1 0 0 0 0 1 0 0 1 0 0 0 0 1 0 0 0 0 0 0 1 0 0 0 0 0 0 ]
Last = [ 0 0 0 0 0 0 0 1 1 0 1 0 0 0 0 0 0 1 0 1 0 0 1 0 0 0 0 0 0 0 0 0 1 0 0 0 0 1 0 0 1 0 0 0 0 1 0 0 0 0 0 0 1 0 0 0 0 0 0 1 ]
nS = 1
S = [ 0 1 2 3 4 5 6 7 8 9 10 11 12 13 14 15 16 17 18 19 20 21 22 23 24 25 26 27 28 29 30 31 32 33 34 35 36 37 38 39 40 41 42 43 44 45 46 47 48 49 50 51 52 53 54 55 56 57 58 59 ]
