n = 60 ; 
T = 48 ; 
Init = [ 0 0 0 0 0 0 0 0 0 0 0 0 0 0 0 0 0 0 1 1 1 1 1 1 1 1 1 1 1 1 1 1 1 1 1 1 1 1 1 1 1 1 1 1 1 1 1 1 1 1 1 1 1 1 1 1 1 0 0 0 ]
L = [ 13 13 13 13 13 13 13 13 13 13 13 13 13 13 13 13 13 13 8 8 8 8 8 8 8 8 8 8 8 8 8 8 8 6 6 6 6 6 6 6 6 6 6 6 6 6 6 6 6 5 5 5 5 5 5 5 5 17 17 17 ]
l = [ 13 13 13 13 13 13 13 13 13 13 13 13 13 13 13 13 13 13 8 8 8 8 8 8 8 8 8 8 8 8 8 8 8 6 6 6 6 6 6 6 6 6 6 6 6 6 6 6 6 5 5 5 5 5 5 5 5 17 17 17 ]
Pmin = [ 64 64 64 64 64 64 64 64 64 64 64 64 64 64 64 64 64 64 48 48 48 48 48 48 48 48 48 48 48 48 48 48 48 25 25 25 25 25 25 25 25 25 25 25 25 25 25 25 25 21 21 21 21 21 21 21 21 89 89 89 ]
Pmax = [ 262 262 262 262 262 262 262 262 262 262 262 262 262 262 262 262 262 262 159 159 159 159 159 159 159 159 159 159 159 159 159 159 159 78 78 78 78 78 78 78 78 78 78 78 78 78 78 78 78 60 60 60 60 60 60 60 60 355 355 355 ]
cf = [ 21.2129 21.2129 21.2129 21.2129 21.2129 21.2129 21.2129 21.2129 21.2129 21.2129 21.2129 21.2129 21.2129 21.2129 21.2129 21.2129 21.2129 21.2129 27.6613 27.6613 27.6613 27.6613 27.6613 27.6613 27.6613 27.6613 27.6613 27.6613 27.6613 27.6613 27.6613 27.6613 27.6613 56.549 56.549 56.549 56.549 56.549 56.549 56.549 56.549 56.549 56.549 56.549 56.549 56.549 56.549 56.549 56.549 45 45 45 45 45 45 45 45 29.3909 29.3909 29.3909 ]
c0 = [ 173 173 173 173 173 173 173 173 173 173 173 173 173 173 173 173 173 173 133 133 133 133 133 133 133 133 133 133 133 133 133 133 133 71 71 71 71 71 71 71 71 71 71 71 71 71 71 71 71 75 75 75 75 75 75 75 75 234 234 234 ]
cp = [ 11.327 11.327 11.327 11.327 11.327 11.327 11.327 11.327 11.327 11.327 11.327 11.327 11.327 11.327 11.327 11.327 11.327 11.327 22.6808 22.6808 22.6808 22.6808 22.6808 22.6808 22.6808 22.6808 22.6808 22.6808 22.6808 22.6808 22.6808 22.6808 22.6808 35.193 35.193 35.193 35.193 35.193 35.193 35.193 35.193 35.193 35.193 35.193 35.193 35.193 35.193 35.193 35.193 31.7355 31.7355 31.7355 31.7355 31.7355 31.7355 31.7355 31.7355 11.8629 11.8629 11.8629 ]
D = [ 2779 3017 3203 3521 3614 3879 4144 4560 4777 5023 4950 5297 5404 5826 6134 6408 6340 6798 7027 7147 7283 7493 7809 8173 8548 8228 7647 7332 7126 6809 6281 5896 5582 5403 5102 5473 5754 6311 6865 7525 7698 7225 6486 5811 5130 4862 4227 3245 ]
K = 5
nk = [ 1 1 1 1 1 1 1 1 1 1 1 1 1 1 1 1 1 1 2 2 2 2 2 2 2 2 2 2 2 2 2 2 2 3 3 3 3 3 3 3 3 3 3 3 3 3 3 3 3 4 4 4 4 4 4 4 4 5 5 5 ]
First = [ 1 0 0 0 0 0 0 0 0 0 0 0 0 0 0 0 0 0 1 0 0 0 0 0 0 0 0 0 0 0 0 0 0 1 0 0 0 0 0 0 0 0 0 0 0 0 0 0 0 1 0 0 0 0 0 0 0 1 0 0 ]
Last = [ 0 0 0 0 0 0 0 0 0 0 0 0 0 0 0 0 0 1 0 0 0 0 0 0 0 0 0 0 0 0 0 0 1 0 0 0 0 0 0 0 0 0 0 0 0 0 0 0 1 0 0 0 0 0 0 0 1 0 0 1 ]
nS = 1
S = [ 0 1 2 3 4 5 6 7 8 9 10 11 12 13 14 15 16 17 18 19 20 21 22 23 24 25 26 27 28 29 30 31 32 33 34 35 36 37 38 39 40 41 42 43 44 45 46 47 48 49 50 51 52 53 54 55 56 57 58 59 ]
