n = 60 ; 
T = 48 ; 
Init = [ 0 0 0 0 0 0 0 0 0 0 0 0 0 0 0 0 0 0 0 0 0 0 0 1 1 1 1 1 1 0 0 0 0 0 0 0 0 0 1 1 0 0 0 0 0 0 0 0 0 0 0 0 0 0 0 0 0 1 1 1 ]
L = [ 8 8 8 8 8 8 8 8 8 8 8 8 8 8 8 8 8 8 8 8 8 8 8 15 15 15 15 15 15 16 16 16 16 16 16 16 16 16 16 16 16 16 16 16 16 16 16 16 16 16 16 16 16 16 16 16 16 4 4 4 ]
l = [ 8 8 8 8 8 8 8 8 8 8 8 8 8 8 8 8 8 8 8 8 8 8 8 15 15 15 15 15 15 16 16 16 16 16 16 16 16 16 16 16 16 16 16 16 16 16 16 16 16 16 16 16 16 16 16 16 16 4 4 4 ]
Pmin = [ 38 38 38 38 38 38 38 38 38 38 38 38 38 38 38 38 38 38 38 38 38 38 38 78 78 78 78 78 78 90 90 90 90 90 90 90 90 90 92 92 90 90 90 90 90 90 90 90 90 90 90 90 90 90 90 90 90 20 20 20 ]
Pmax = [ 146 146 146 146 146 146 146 146 146 146 146 146 146 146 146 146 146 146 146 146 146 146 146 311 311 311 311 311 311 343 343 343 343 343 343 343 343 343 371 371 361 361 361 361 361 361 361 361 361 361 361 361 361 361 361 361 361 55 55 55 ]
cf = [ 16.5959 16.5959 16.5959 16.5959 16.5959 16.5959 16.5959 16.5959 16.5959 16.5959 16.5959 16.5959 16.5959 16.5959 16.5959 16.5959 16.5959 16.5959 16.5959 16.5959 16.5959 16.5959 16.5959 28.3613 28.3613 28.3613 28.3613 28.3613 28.3613 54.7592 54.7592 54.7592 54.7592 54.7592 54.7592 54.7592 54.7592 54.7592 11.1813 11.1813 21.2701 21.2701 21.2701 21.2701 21.2701 21.2701 21.2701 21.2701 21.2701 21.2701 21.2701 21.2701 21.2701 21.2701 21.2701 21.2701 21.2701 12.1293 12.1293 12.1293 ]
c0 = [ 111 111 111 111 111 111 111 111 111 111 111 111 111 111 111 111 111 111 111 111 111 111 111 204 204 204 204 204 204 243 243 243 243 243 243 243 243 243 238 238 231 231 231 231 231 231 231 231 231 231 231 231 231 231 231 231 231 64 64 64 ]
cp = [ 36.0002 36.0002 36.0002 36.0002 36.0002 36.0002 36.0002 36.0002 36.0002 36.0002 36.0002 36.0002 36.0002 36.0002 36.0002 36.0002 36.0002 36.0002 36.0002 36.0002 36.0002 36.0002 36.0002 16.4916 16.4916 16.4916 16.4916 16.4916 16.4916 18.4879 18.4879 18.4879 18.4879 18.4879 18.4879 18.4879 18.4879 18.4879 14.85 14.85 15.6725 15.6725 15.6725 15.6725 15.6725 15.6725 15.6725 15.6725 15.6725 15.6725 15.6725 15.6725 15.6725 15.6725 15.6725 15.6725 15.6725 40.684 40.684 40.684 ]
D = [ 2820 3632 4253 4456 5126 5387 5985 6402 6690 6770 7317 7861 8141 8708 9068 9427 9728 10336 10854 11268 11933 12139 12632 13010 13426 13131 12362 11662 11271 10558 10234 9656 9326 8580 7775 8786 8971 9436 10434 10479 11208 10254 9571 8694 7878 6512 5565 5235 ]
K = 6
nk = [ 1 1 1 1 1 1 1 1 1 1 1 1 1 1 1 1 1 1 1 1 1 1 1 2 2 2 2 2 2 3 3 3 3 3 3 3 3 3 4 4 5 5 5 5 5 5 5 5 5 5 5 5 5 5 5 5 5 6 6 6 ]
First = [ 1 0 0 0 0 0 0 0 0 0 0 0 0 0 0 0 0 0 0 0 0 0 0 1 0 0 0 0 0 1 0 0 0 0 0 0 0 0 1 0 1 0 0 0 0 0 0 0 0 0 0 0 0 0 0 0 0 1 0 0 ]
Last = [ 0 0 0 0 0 0 0 0 0 0 0 0 0 0 0 0 0 0 0 0 0 0 1 0 0 0 0 0 1 0 0 0 0 0 0 0 0 1 0 1 0 0 0 0 0 0 0 0 0 0 0 0 0 0 0 0 1 0 0 1 ]
nS = 1
S = [ 0 1 2 3 4 5 6 7 8 9 10 11 12 13 14 15 16 17 18 19 20 21 22 23 24 25 26 27 28 29 30 31 32 33 34 35 36 37 38 39 40 41 42 43 44 45 46 47 48 49 50 51 52 53 54 55 56 57 58 59 ]
