n = 60 ; 
T = 96 ; 
Init = [ 0 0 0 0 1 1 1 1 1 1 1 1 1 1 0 0 0 0 0 0 0 0 0 0 0 0 0 0 0 0 0 0 0 0 0 0 0 0 0 0 0 0 0 0 0 0 0 0 0 0 0 0 0 0 0 0 0 0 0 0 ]
L = [ 3 3 3 3 5 5 5 5 5 5 5 5 5 5 4 4 4 4 4 4 4 4 4 4 4 4 4 4 4 4 4 6 6 6 6 6 6 4 4 4 4 4 4 4 4 4 4 4 4 4 4 4 4 4 4 4 4 4 4 4 ]
l = [ 3 3 3 3 5 5 5 5 5 5 5 5 5 5 4 4 4 4 4 4 4 4 4 4 4 4 4 4 4 4 4 6 6 6 6 6 6 4 4 4 4 4 4 4 4 4 4 4 4 4 4 4 4 4 4 4 4 4 4 4 ]
Pmin = [ 38 38 38 38 56 56 56 56 56 56 56 56 56 56 45 45 45 45 45 45 45 45 45 45 45 45 45 45 45 45 45 57 57 57 57 57 57 41 41 41 41 41 41 41 41 41 41 41 41 41 41 41 41 41 41 41 41 41 41 41 ]
Pmax = [ 120 120 120 120 225 225 225 225 225 225 225 225 225 225 154 154 154 154 154 154 154 154 154 154 154 154 154 154 154 154 154 207 207 207 207 207 207 149 149 149 149 149 149 149 149 149 149 149 149 149 149 149 149 149 149 149 149 149 149 149 ]
cf = [ 63.8137 63.8137 63.8137 63.8137 39.0642 39.0642 39.0642 39.0642 39.0642 39.0642 39.0642 39.0642 39.0642 39.0642 14.3257 14.3257 14.3257 14.3257 14.3257 14.3257 14.3257 14.3257 14.3257 14.3257 14.3257 14.3257 14.3257 14.3257 14.3257 14.3257 14.3257 53.9371 53.9371 53.9371 53.9371 53.9371 53.9371 48.9588 48.9588 48.9588 48.9588 48.9588 48.9588 48.9588 48.9588 48.9588 48.9588 48.9588 48.9588 48.9588 48.9588 48.9588 48.9588 48.9588 48.9588 48.9588 48.9588 48.9588 48.9588 48.9588 ]
c0 = [ 124 124 124 124 165 165 165 165 165 165 165 165 165 165 135 135 135 135 135 135 135 135 135 135 135 135 135 135 135 135 135 148 148 148 148 148 148 124 124 124 124 124 124 124 124 124 124 124 124 124 124 124 124 124 124 124 124 124 124 124 ]
cp = [ 36.5521 36.5521 36.5521 36.5521 31.3656 31.3656 31.3656 31.3656 31.3656 31.3656 31.3656 31.3656 31.3656 31.3656 28.8689 28.8689 28.8689 28.8689 28.8689 28.8689 28.8689 28.8689 28.8689 28.8689 28.8689 28.8689 28.8689 28.8689 28.8689 28.8689 28.8689 20.7258 20.7258 20.7258 20.7258 20.7258 20.7258 27.9438 27.9438 27.9438 27.9438 27.9438 27.9438 27.9438 27.9438 27.9438 27.9438 27.9438 27.9438 27.9438 27.9438 27.9438 27.9438 27.9438 27.9438 27.9438 27.9438 27.9438 27.9438 27.9438 ]
D = [ 1857 2646 3140 3584 4304 4928 5130 5912 6542 6741 7504 7861 8701 7749 7069 6350 5887 5304 6021 7050 7673 6525 4879 3390 2175 2763 3001 3567 4108 4649 4993 5619 6221 6807 7119 7780 8187 7535 6913 6273 5627 4971 5638 6580 7223 5952 4951 3419 2434 2658 3248 4084 4437 5083 5552 5937 6819 7404 7883 8441 8830 8091 7178 6618 5528 4648 5807 6427 7495 6338 5144 4146 2824 3204 3834 4380 4795 5305 5649 6156 6980 7155 7988 8443 8942 8154 7219 6570 6086 5005 6014 6996 7729 6430 5150 3841 ]
K = 5
nk = [ 1 1 1 1 2 2 2 2 2 2 2 2 2 2 3 3 3 3 3 3 3 3 3 3 3 3 3 3 3 3 3 4 4 4 4 4 4 5 5 5 5 5 5 5 5 5 5 5 5 5 5 5 5 5 5 5 5 5 5 5 ]
First = [ 1 0 0 0 1 0 0 0 0 0 0 0 0 0 1 0 0 0 0 0 0 0 0 0 0 0 0 0 0 0 0 1 0 0 0 0 0 1 0 0 0 0 0 0 0 0 0 0 0 0 0 0 0 0 0 0 0 0 0 0 ]
Last = [ 0 0 0 1 0 0 0 0 0 0 0 0 0 1 0 0 0 0 0 0 0 0 0 0 0 0 0 0 0 0 1 0 0 0 0 0 1 0 0 0 0 0 0 0 0 0 0 0 0 0 0 0 0 0 0 0 0 0 0 1 ]
nS = 1
S = [ 0 1 2 3 4 5 6 7 8 9 10 11 12 13 14 15 16 17 18 19 20 21 22 23 24 25 26 27 28 29 30 31 32 33 34 35 36 37 38 39 40 41 42 43 44 45 46 47 48 49 50 51 52 53 54 55 56 57 58 59 ]
