n = 60 ; 
T = 96 ; 
Init = [ 0 0 0 0 0 0 0 0 0 0 0 0 0 0 0 0 0 0 0 0 0 0 0 0 0 0 0 0 0 1 1 1 1 1 1 1 1 0 0 0 0 0 0 0 0 0 0 0 1 1 1 1 1 1 1 1 1 1 1 1 ]
L = [ 4 4 4 4 4 4 9 9 9 9 9 9 9 9 9 9 9 9 9 9 9 9 9 9 9 9 9 9 9 6 6 6 6 6 6 6 6 6 6 6 6 6 6 6 6 6 6 6 6 6 6 6 6 6 6 6 6 6 6 6 ]
l = [ 4 4 4 4 4 4 9 9 9 9 9 9 9 9 9 9 9 9 9 9 9 9 9 9 9 9 9 9 9 6 6 6 6 6 6 6 6 6 6 6 6 6 6 6 6 6 6 6 6 6 6 6 6 6 6 6 6 6 6 6 ]
Pmin = [ 46 46 46 46 46 46 100 100 100 100 100 100 100 100 100 100 100 100 100 100 100 100 100 100 100 100 100 100 100 60 60 60 60 60 60 60 60 59 59 59 59 59 59 59 59 59 59 59 68 68 68 68 68 68 68 68 68 68 68 68 ]
Pmax = [ 175 175 175 175 175 175 399 399 399 399 399 399 399 399 399 399 399 399 399 399 399 399 399 399 399 399 399 399 399 243 243 243 243 243 243 243 243 214 214 214 214 214 214 214 214 214 214 214 266 266 266 266 266 266 266 266 266 266 266 266 ]
cf = [ 51.645 51.645 51.645 51.645 51.645 51.645 64.8918 64.8918 64.8918 64.8918 64.8918 64.8918 64.8918 64.8918 64.8918 64.8918 64.8918 64.8918 64.8918 64.8918 64.8918 64.8918 64.8918 64.8918 64.8918 64.8918 64.8918 64.8918 64.8918 18.946 18.946 18.946 18.946 18.946 18.946 18.946 18.946 49.6933 49.6933 49.6933 49.6933 49.6933 49.6933 49.6933 49.6933 49.6933 49.6933 49.6933 28.2294 28.2294 28.2294 28.2294 28.2294 28.2294 28.2294 28.2294 28.2294 28.2294 28.2294 28.2294 ]
c0 = [ 140 140 140 140 140 140 250 250 250 250 250 250 250 250 250 250 250 250 250 250 250 250 250 250 250 250 250 250 250 157 157 157 157 157 157 157 157 170 170 170 170 170 170 170 170 170 170 170 194 194 194 194 194 194 194 194 194 194 194 194 ]
cp = [ 21.8543 21.8543 21.8543 21.8543 21.8543 21.8543 18.9283 18.9283 18.9283 18.9283 18.9283 18.9283 18.9283 18.9283 18.9283 18.9283 18.9283 18.9283 18.9283 18.9283 18.9283 18.9283 18.9283 18.9283 18.9283 18.9283 18.9283 18.9283 18.9283 20.7503 20.7503 20.7503 20.7503 20.7503 20.7503 20.7503 20.7503 32.4757 32.4757 32.4757 32.4757 32.4757 32.4757 32.4757 32.4757 32.4757 32.4757 32.4757 23.5058 23.5058 23.5058 23.5058 23.5058 23.5058 23.5058 23.5058 23.5058 23.5058 23.5058 23.5058 ]
D = [ 3610 4837 5429 6694 7166 8198 8949 10105 10971 12276 12922 13591 15038 13330 12476 11353 9964 8619 10318 11473 13456 11000 8788 6708 4788 5866 6642 7265 8004 9113 9987 10828 11758 12148 12924 14228 15043 13562 12677 11033 9943 9180 10572 11852 12924 10302 8396 6344 3745 5235 5838 6534 7966 9066 9667 10665 11805 12412 13506 14202 15459 14090 12543 11257 10165 8844 10555 12080 13767 11562 9671 7080 5413 5721 6682 7805 8470 9174 10065 10877 11228 12163 13160 13874 14948 13675 12680 10934 10092 9081 10094 11783 12700 10699 8119 6181 ]
K = 5
nk = [ 1 1 1 1 1 1 2 2 2 2 2 2 2 2 2 2 2 2 2 2 2 2 2 2 2 2 2 2 2 3 3 3 3 3 3 3 3 4 4 4 4 4 4 4 4 4 4 4 5 5 5 5 5 5 5 5 5 5 5 5 ]
First = [ 1 0 0 0 0 0 1 0 0 0 0 0 0 0 0 0 0 0 0 0 0 0 0 0 0 0 0 0 0 1 0 0 0 0 0 0 0 1 0 0 0 0 0 0 0 0 0 0 1 0 0 0 0 0 0 0 0 0 0 0 ]
Last = [ 0 0 0 0 0 1 0 0 0 0 0 0 0 0 0 0 0 0 0 0 0 0 0 0 0 0 0 0 1 0 0 0 0 0 0 0 1 0 0 0 0 0 0 0 0 0 0 1 0 0 0 0 0 0 0 0 0 0 0 1 ]
nS = 1
S = [ 0 1 2 3 4 5 6 7 8 9 10 11 12 13 14 15 16 17 18 19 20 21 22 23 24 25 26 27 28 29 30 31 32 33 34 35 36 37 38 39 40 41 42 43 44 45 46 47 48 49 50 51 52 53 54 55 56 57 58 59 ]
