n = 60 ; 
T = 96 ; 
Init = [ 0 0 0 0 0 0 0 0 0 0 0 0 0 0 0 1 1 1 1 1 1 1 1 1 1 1 1 1 1 1 1 1 1 1 1 1 1 1 1 1 1 1 1 1 1 1 1 1 1 1 1 1 1 1 1 1 1 0 0 0 ]
L = [ 9 9 9 9 9 9 9 9 9 9 9 9 9 9 9 18 18 18 18 18 18 18 18 18 18 18 18 18 18 18 18 18 18 18 18 18 18 18 18 18 18 18 18 18 18 18 18 18 18 18 18 18 18 18 18 18 18 12 12 12 ]
l = [ 9 9 9 9 9 9 9 9 9 9 9 9 9 9 9 18 18 18 18 18 18 18 18 18 18 18 18 18 18 18 18 18 18 18 18 18 18 18 18 18 18 18 18 18 18 18 18 18 18 18 18 18 18 18 18 18 18 12 12 12 ]
Pmin = [ 46 46 46 46 46 46 46 46 46 46 46 46 46 46 46 94 94 94 94 94 94 94 94 94 94 94 94 94 94 94 94 94 94 94 94 94 94 94 94 94 94 94 94 94 94 94 94 94 94 94 94 94 94 94 94 94 94 60 60 60 ]
Pmax = [ 176 176 176 176 176 176 176 176 176 176 176 176 176 176 176 380 380 380 380 380 380 380 380 380 380 380 380 380 380 380 380 380 380 380 380 380 380 380 380 380 380 380 380 380 380 380 380 380 380 380 380 380 380 380 380 380 380 238 238 238 ]
cf = [ 39.3315 39.3315 39.3315 39.3315 39.3315 39.3315 39.3315 39.3315 39.3315 39.3315 39.3315 39.3315 39.3315 39.3315 39.3315 24.4608 24.4608 24.4608 24.4608 24.4608 24.4608 24.4608 24.4608 24.4608 24.4608 24.4608 24.4608 24.4608 24.4608 24.4608 24.4608 24.4608 24.4608 24.4608 24.4608 24.4608 24.4608 24.4608 24.4608 24.4608 24.4608 24.4608 24.4608 24.4608 24.4608 24.4608 24.4608 24.4608 24.4608 24.4608 24.4608 24.4608 24.4608 24.4608 24.4608 24.4608 24.4608 67.4797 67.4797 67.4797 ]
c0 = [ 142 143 145 148 151 156 161 166 173 180 187 196 205 215 225 251 254 258 263 269 276 285 295 306 319 333 348 364 381 400 420 441 464 488 513 539 566 595 625 656 689 723 758 794 831 870 910 951 994 1038 1083 1129 1176 1225 1275 1326 1379 176 178 180 ]
cp = [ 34.09 34.09 34.09 34.09 34.09 34.09 34.09 34.09 34.09 34.09 34.09 34.09 34.09 34.09 34.09 12.2424 12.2424 12.2424 12.2424 12.2424 12.2424 12.2424 12.2424 12.2424 12.2424 12.2424 12.2424 12.2424 12.2424 12.2424 12.2424 12.2424 12.2424 12.2424 12.2424 12.2424 12.2424 12.2424 12.2424 12.2424 12.2424 12.2424 12.2424 12.2424 12.2424 12.2424 12.2424 12.2424 12.2424 12.2424 12.2424 12.2424 12.2424 12.2424 12.2424 12.2424 12.2424 27.2551 27.2551 27.2551 ]
D = [ 4981 5541 5614 6557 6768 7529 7463 8477 8800 9295 10053 10152 10934 11464 11669 12144 12555 12949 13298 13883 14580 14769 15760 15775 16753 15600 15361 14835 14214 13138 13148 12110 11874 10692 10105 10868 11234 12141 12653 13623 13760 12781 11601 11045 9331 8636 7290 6267 5031 5530 5787 6406 7303 7673 7535 7994 9012 9247 9334 9808 10866 11073 11271 11821 12670 13195 13240 13450 13908 14509 14892 15767 16136 15506 14824 13712 13264 13107 12087 11548 10664 10221 9848 10089 11016 12279 12525 13246 14290 12985 11767 10685 9906 8434 7449 6295 ]
K = 3
nk = [ 1 1 1 1 1 1 1 1 1 1 1 1 1 1 1 2 2 2 2 2 2 2 2 2 2 2 2 2 2 2 2 2 2 2 2 2 2 2 2 2 2 2 2 2 2 2 2 2 2 2 2 2 2 2 2 2 2 3 3 3 ]
First = [ 1 0 0 0 0 0 0 0 0 0 0 0 0 0 0 1 0 0 0 0 0 0 0 0 0 0 0 0 0 0 0 0 0 0 0 0 0 0 0 0 0 0 0 0 0 0 0 0 0 0 0 0 0 0 0 0 0 1 0 0 ]
Last = [ 0 0 0 0 0 0 0 0 0 0 0 0 0 0 1 0 0 0 0 0 0 0 0 0 0 0 0 0 0 0 0 0 0 0 0 0 0 0 0 0 0 0 0 0 0 0 0 0 0 0 0 0 0 0 0 0 1 0 0 1 ]
nS = 1
S = [ 0 1 2 3 4 5 6 7 8 9 10 11 12 13 14 15 16 17 18 19 20 21 22 23 24 25 26 27 28 29 30 31 32 33 34 35 36 37 38 39 40 41 42 43 44 45 46 47 48 49 50 51 52 53 54 55 56 57 58 59 ]
