n = 60 ; 
T = 96 ; 
Init = [ 0 0 0 0 0 0 0 0 0 0 0 0 0 0 0 0 0 0 0 0 0 0 0 0 0 0 0 0 0 0 0 0 0 0 0 0 1 1 1 1 1 1 1 1 1 1 1 1 1 1 1 1 1 1 1 1 1 1 0 0 ]
L = [ 6 6 6 6 6 6 6 6 6 6 6 6 6 6 6 6 6 3 3 3 3 3 3 3 3 3 3 3 3 3 3 3 3 3 3 3 7 7 7 7 7 7 7 7 7 7 7 7 7 7 7 7 7 7 7 7 7 7 4 4 ]
l = [ 6 6 6 6 6 6 6 6 6 6 6 6 6 6 6 6 6 3 3 3 3 3 3 3 3 3 3 3 3 3 3 3 3 3 3 3 7 7 7 7 7 7 7 7 7 7 7 7 7 7 7 7 7 7 7 7 7 7 4 4 ]
Pmin = [ 64 64 64 64 64 64 64 64 64 64 64 64 64 64 64 64 64 20 20 20 20 20 20 20 20 20 20 20 20 20 20 20 20 20 20 20 71 71 71 71 71 71 71 71 71 71 71 71 71 71 71 71 71 71 71 71 71 71 47 47 ]
Pmax = [ 256 256 256 256 256 256 256 256 256 256 256 256 256 256 256 256 256 67 67 67 67 67 67 67 67 67 67 67 67 67 67 67 67 67 67 67 286 286 286 286 286 286 286 286 286 286 286 286 286 286 286 286 286 286 286 286 286 286 152 152 ]
cf = [ 46.3265 46.3265 46.3265 46.3265 46.3265 46.3265 46.3265 46.3265 46.3265 46.3265 46.3265 46.3265 46.3265 46.3265 46.3265 46.3265 46.3265 56.0853 56.0853 56.0853 56.0853 56.0853 56.0853 56.0853 56.0853 56.0853 56.0853 56.0853 56.0853 56.0853 56.0853 56.0853 56.0853 56.0853 56.0853 56.0853 39.0978 39.0978 39.0978 39.0978 39.0978 39.0978 39.0978 39.0978 39.0978 39.0978 39.0978 39.0978 39.0978 39.0978 39.0978 39.0978 39.0978 39.0978 39.0978 39.0978 39.0978 39.0978 64.9436 64.9436 ]
c0 = [ 168 168 168 168 168 168 168 168 168 168 168 168 168 168 168 168 168 63 63 63 63 63 63 63 63 63 63 63 63 63 63 63 63 63 63 63 200 200 200 200 200 200 200 200 200 200 200 200 200 200 200 200 200 200 200 200 200 200 129 129 ]
cp = [ 22.9859 22.9859 22.9859 22.9859 22.9859 22.9859 22.9859 22.9859 22.9859 22.9859 22.9859 22.9859 22.9859 22.9859 22.9859 22.9859 22.9859 36.9573 36.9573 36.9573 36.9573 36.9573 36.9573 36.9573 36.9573 36.9573 36.9573 36.9573 36.9573 36.9573 36.9573 36.9573 36.9573 36.9573 36.9573 36.9573 26.5708 26.5708 26.5708 26.5708 26.5708 26.5708 26.5708 26.5708 26.5708 26.5708 26.5708 26.5708 26.5708 26.5708 26.5708 26.5708 26.5708 26.5708 26.5708 26.5708 26.5708 26.5708 31.6697 31.6697 ]
D = [ 3023 3503 3831 4504 5014 5621 6229 7036 7628 8086 8793 9344 10019 9305 8431 7890 7103 6099 7229 8627 9300 7900 6253 4241 2734 3138 3782 4537 5161 5881 6549 7183 7915 8305 8933 9527 10516 9550 8674 7656 6562 5890 6752 7808 9097 7331 6012 4684 3398 3775 4133 4764 5628 6096 6705 7155 7645 8243 8779 9503 10083 9230 8469 7647 6821 6434 7079 8141 8768 7554 6015 4409 3114 3522 4380 4830 5507 6419 6666 7722 8176 8785 9265 10227 10795 9793 8640 7976 6974 5761 7175 8202 9369 7694 6171 4359 ]
K = 4
nk = [ 1 1 1 1 1 1 1 1 1 1 1 1 1 1 1 1 1 2 2 2 2 2 2 2 2 2 2 2 2 2 2 2 2 2 2 2 3 3 3 3 3 3 3 3 3 3 3 3 3 3 3 3 3 3 3 3 3 3 4 4 ]
First = [ 1 0 0 0 0 0 0 0 0 0 0 0 0 0 0 0 0 1 0 0 0 0 0 0 0 0 0 0 0 0 0 0 0 0 0 0 1 0 0 0 0 0 0 0 0 0 0 0 0 0 0 0 0 0 0 0 0 0 1 0 ]
Last = [ 0 0 0 0 0 0 0 0 0 0 0 0 0 0 0 0 1 0 0 0 0 0 0 0 0 0 0 0 0 0 0 0 0 0 0 1 0 0 0 0 0 0 0 0 0 0 0 0 0 0 0 0 0 0 0 0 0 1 0 1 ]
nS = 1
S = [ 0 1 2 3 4 5 6 7 8 9 10 11 12 13 14 15 16 17 18 19 20 21 22 23 24 25 26 27 28 29 30 31 32 33 34 35 36 37 38 39 40 41 42 43 44 45 46 47 48 49 50 51 52 53 54 55 56 57 58 59 ]
