n = 60 ; 
T = 96 ; 
Init = [ 1 1 1 1 1 1 1 1 1 0 0 0 0 0 0 0 0 0 0 0 0 0 0 0 0 0 0 0 0 0 0 0 0 0 0 0 0 0 0 0 0 0 0 0 0 0 0 0 0 0 0 0 1 1 1 1 1 0 0 0 ]
L = [ 3 3 3 3 3 3 3 3 3 3 3 3 3 3 3 3 3 3 3 3 3 3 7 7 7 7 7 7 7 7 7 7 7 7 7 7 7 7 7 7 7 7 7 7 7 7 7 7 7 7 7 7 9 9 9 9 9 2 2 2 ]
l = [ 3 3 3 3 3 3 3 3 3 3 3 3 3 3 3 3 3 3 3 3 3 3 7 7 7 7 7 7 7 7 7 7 7 7 7 7 7 7 7 7 7 7 7 7 7 7 7 7 7 7 7 7 9 9 9 9 9 2 2 2 ]
Pmin = [ 27 27 27 27 27 27 27 27 27 28 28 28 28 28 28 28 28 28 28 28 28 28 67 67 67 67 67 67 67 67 67 67 67 67 67 67 67 67 67 67 67 67 67 67 67 67 67 67 67 67 67 67 99 99 99 99 99 23 23 23 ]
Pmax = [ 72 72 72 72 72 72 72 72 72 82 82 82 82 82 82 82 82 82 82 82 82 82 274 274 274 274 274 274 274 274 274 274 274 274 274 274 274 274 274 274 274 274 274 274 274 274 274 274 274 274 274 274 399 399 399 399 399 76 76 76 ]
cf = [ 24.7195 24.7195 24.7195 24.7195 24.7195 24.7195 24.7195 24.7195 24.7195 57.987 57.987 57.987 57.987 57.987 57.987 57.987 57.987 57.987 57.987 57.987 57.987 57.987 63.8229 63.8229 63.8229 63.8229 63.8229 63.8229 63.8229 63.8229 63.8229 63.8229 63.8229 63.8229 63.8229 63.8229 63.8229 63.8229 63.8229 63.8229 63.8229 63.8229 63.8229 63.8229 63.8229 63.8229 63.8229 63.8229 63.8229 63.8229 63.8229 63.8229 47.7926 47.7926 47.7926 47.7926 47.7926 14.08 14.08 14.08 ]
c0 = [ 84 84 84 84 84 84 84 84 84 88 88 88 88 88 88 88 88 88 88 88 88 88 179 179 179 179 179 179 179 179 179 179 179 179 179 179 179 179 179 179 179 179 179 179 179 179 179 179 179 179 179 179 250 250 250 250 250 76 76 76 ]
cp = [ 35.4631 35.4631 35.4631 35.4631 35.4631 35.4631 35.4631 35.4631 35.4631 32.7793 32.7793 32.7793 32.7793 32.7793 32.7793 32.7793 32.7793 32.7793 32.7793 32.7793 32.7793 32.7793 22.0918 22.0918 22.0918 22.0918 22.0918 22.0918 22.0918 22.0918 22.0918 22.0918 22.0918 22.0918 22.0918 22.0918 22.0918 22.0918 22.0918 22.0918 22.0918 22.0918 22.0918 22.0918 22.0918 22.0918 22.0918 22.0918 22.0918 22.0918 22.0918 22.0918 17.6445 17.6445 17.6445 17.6445 17.6445 38.3449 38.3449 38.3449 ]
D = [ 3363 3707 4326 5218 5894 6258 6972 7784 8286 8952 9528 10230 10589 9725 9029 7897 7335 6282 7076 7764 8532 7216 5848 4173 2437 3142 3612 4312 5014 5755 6508 6953 7300 8243 8568 9444 9855 9321 8509 7500 6655 6067 6725 8028 8833 7331 6068 4495 2670 3557 4220 4702 5449 5714 6289 7166 7575 8470 9084 9825 10435 9361 8436 7860 6789 6158 7034 8159 9611 7910 5960 4120 2742 2976 3891 4533 5290 5575 6337 6733 7453 7980 8646 9634 10149 9472 8500 7325 6564 5857 6790 8090 8984 7388 6001 4391 ]
K = 5
nk = [ 1 1 1 1 1 1 1 1 1 2 2 2 2 2 2 2 2 2 2 2 2 2 3 3 3 3 3 3 3 3 3 3 3 3 3 3 3 3 3 3 3 3 3 3 3 3 3 3 3 3 3 3 4 4 4 4 4 5 5 5 ]
First = [ 1 0 0 0 0 0 0 0 0 1 0 0 0 0 0 0 0 0 0 0 0 0 1 0 0 0 0 0 0 0 0 0 0 0 0 0 0 0 0 0 0 0 0 0 0 0 0 0 0 0 0 0 1 0 0 0 0 1 0 0 ]
Last = [ 0 0 0 0 0 0 0 0 1 0 0 0 0 0 0 0 0 0 0 0 0 1 0 0 0 0 0 0 0 0 0 0 0 0 0 0 0 0 0 0 0 0 0 0 0 0 0 0 0 0 0 1 0 0 0 0 1 0 0 1 ]
nS = 1
S = [ 0 1 2 3 4 5 6 7 8 9 10 11 12 13 14 15 16 17 18 19 20 21 22 23 24 25 26 27 28 29 30 31 32 33 34 35 36 37 38 39 40 41 42 43 44 45 46 47 48 49 50 51 52 53 54 55 56 57 58 59 ]
