n = 60 ; 
T = 96 ; 
Init = [ 0 0 0 0 0 0 0 0 0 0 0 0 0 0 0 0 0 0 0 0 0 0 1 1 1 1 1 0 0 0 0 0 0 0 0 0 0 0 0 0 0 1 1 1 1 1 1 1 1 1 1 1 1 1 1 1 0 1 1 1 ]
L = [ 6 6 6 6 6 6 6 6 6 6 8 8 8 8 8 8 8 8 8 8 8 8 8 8 4 4 4 4 4 4 5 5 5 5 5 5 5 5 5 5 5 5 5 5 5 5 5 5 5 5 5 5 5 5 5 5 9 8 4 4 ]
l = [ 6 6 6 6 6 6 6 6 6 6 8 8 8 8 8 8 8 8 8 8 8 8 8 8 4 4 4 4 4 4 5 5 5 5 5 5 5 5 5 5 5 5 5 5 5 5 5 5 5 5 5 5 5 5 5 5 9 8 4 4 ]
Pmin = [ 56 56 56 56 56 56 56 56 56 56 91 91 91 91 91 91 91 91 91 91 91 91 98 98 46 46 46 29 29 29 42 42 42 42 42 42 42 42 42 42 42 48 48 48 48 48 48 48 48 48 48 48 48 48 48 48 98 95 33 33 ]
Pmax = [ 214 214 214 214 214 214 214 214 214 214 341 341 341 341 341 341 341 341 341 341 341 341 375 375 158 158 158 109 109 109 168 168 168 168 168 168 168 168 168 168 168 188 188 188 188 188 188 188 188 188 188 188 188 188 188 188 387 368 119 119 ]
cf = [ 66.2012 66.2012 66.2012 66.2012 66.2012 66.2012 66.2012 66.2012 66.2012 66.2012 11.7915 11.7915 11.7915 11.7915 11.7915 11.7915 11.7915 11.7915 11.7915 11.7915 11.7915 11.7915 38.6127 38.6127 48.9049 48.9049 48.9049 15.9397 15.9397 15.9397 11.5921 11.5921 11.5921 11.5921 11.5921 11.5921 11.5921 11.5921 11.5921 11.5921 11.5921 51.2065 51.2065 51.2065 51.2065 51.2065 51.2065 51.2065 51.2065 51.2065 51.2065 51.2065 51.2065 51.2065 51.2065 51.2065 41.9797 50.0634 39.1993 39.1993 ]
c0 = [ 153 153 153 153 153 153 153 153 153 153 248 248 248 248 248 248 248 248 248 248 248 248 248 248 124 124 124 87 87 87 120 120 120 120 120 120 120 120 120 120 120 127 127 127 127 127 127 127 127 127 127 127 127 127 127 127 250 250 101 101 ]
cp = [ 30.0267 30.0267 30.0267 30.0267 30.0267 30.0267 30.0267 30.0267 30.0267 30.0267 23.4751 23.4751 23.4751 23.4751 23.4751 23.4751 23.4751 23.4751 23.4751 23.4751 23.4751 23.4751 16.8139 16.8139 18.2061 18.2061 18.2061 38.3709 38.3709 38.3709 27.5955 27.5955 27.5955 27.5955 27.5955 27.5955 27.5955 27.5955 27.5955 27.5955 27.5955 33.861 33.861 33.861 33.861 33.861 33.861 33.861 33.861 33.861 33.861 33.861 33.861 33.861 33.861 33.861 11.4171 17.389 39.0867 39.0867 ]
D = [ 3611 4125 4854 5767 6161 6748 7660 8063 8504 9163 10200 10474 11080 10399 9732 8752 7549 6603 8073 9233 10870 8912 6917 4971 3206 3795 4608 5175 5866 6428 7300 7951 8261 8908 9913 10254 10775 9953 9339 8582 7431 6711 7921 8455 9689 8425 6961 5169 4122 4328 5020 5697 6614 7233 7962 8801 9115 9856 10902 11225 11793 10724 9649 8412 7562 6563 7570 9396 10710 8724 7181 5529 3923 4062 4942 5769 5920 6798 7325 7954 8344 9031 9833 10284 10801 9855 9341 8535 7652 7039 7845 8962 10332 8375 7293 5231 ]
K = 10
nk = [ 1 1 1 1 1 1 1 1 1 1 2 2 2 2 2 2 2 2 2 2 2 2 3 3 4 4 4 5 5 5 6 6 6 6 6 6 6 6 6 6 6 7 7 7 7 7 7 7 7 7 7 7 7 7 7 7 8 9 10 10 ]
First = [ 1 0 0 0 0 0 0 0 0 0 1 0 0 0 0 0 0 0 0 0 0 0 1 0 1 0 0 1 0 0 1 0 0 0 0 0 0 0 0 0 0 1 0 0 0 0 0 0 0 0 0 0 0 0 0 0 1 1 1 0 ]
Last = [ 0 0 0 0 0 0 0 0 0 1 0 0 0 0 0 0 0 0 0 0 0 1 0 1 0 0 1 0 0 1 0 0 0 0 0 0 0 0 0 0 1 0 0 0 0 0 0 0 0 0 0 0 0 0 0 1 1 1 0 1 ]
nS = 1
S = [ 0 1 2 3 4 5 6 7 8 9 10 11 12 13 14 15 16 17 18 19 20 21 22 23 24 25 26 27 28 29 30 31 32 33 34 35 36 37 38 39 40 41 42 43 44 45 46 47 48 49 50 51 52 53 54 55 56 57 58 59 ]
