n = 60 ; 
T = 96 ; 
Init = [ 0 0 0 0 0 0 0 0 0 0 0 0 1 1 0 0 0 0 0 0 0 0 0 0 0 0 0 0 0 0 0 0 0 0 0 0 1 1 1 1 1 1 1 1 1 1 1 1 1 1 1 1 1 1 1 1 1 1 1 1 ]
L = [ 4 4 4 4 4 4 4 4 4 4 4 4 3 3 3 3 3 3 3 3 3 3 3 3 3 6 6 9 9 9 9 9 9 9 8 8 3 3 3 3 3 3 3 3 3 3 3 3 3 5 5 5 5 5 5 5 5 5 7 7 ]
l = [ 4 4 4 4 4 4 4 4 4 4 4 4 3 3 3 3 3 3 3 3 3 3 3 3 3 6 6 9 9 9 9 9 9 9 8 8 3 3 3 3 3 3 3 3 3 3 3 3 3 5 5 5 5 5 5 5 5 5 7 7 ]
Pmin = [ 36 36 36 36 36 36 36 36 36 36 36 36 23 23 21 21 21 21 21 21 21 21 21 21 21 62 62 94 94 94 94 94 94 94 84 84 28 28 28 28 28 28 28 28 28 28 28 28 28 53 53 53 53 53 53 53 53 53 72 72 ]
Pmax = [ 139 139 139 139 139 139 139 139 139 139 139 139 74 74 61 61 61 61 61 61 61 61 61 61 61 249 249 372 372 372 372 372 372 372 346 346 98 98 98 98 98 98 98 98 98 98 98 98 98 200 200 200 200 200 200 200 200 200 271 271 ]
cf = [ 63.3702 63.3702 63.3702 63.3702 63.3702 63.3702 63.3702 63.3702 63.3702 63.3702 63.3702 63.3702 58.6985 58.6985 16.4627 16.4627 16.4627 16.4627 16.4627 16.4627 16.4627 16.4627 16.4627 16.4627 16.4627 36.7431 36.7431 37.2982 37.2982 37.2982 37.2982 37.2982 37.2982 37.2982 26.1434 26.1434 20.5908 20.5908 20.5908 20.5908 20.5908 20.5908 20.5908 20.5908 20.5908 20.5908 20.5908 20.5908 20.5908 25.7289 25.7289 25.7289 25.7289 25.7289 25.7289 25.7289 25.7289 25.7289 49.0544 49.0544 ]
c0 = [ 118 118 118 118 118 118 118 118 118 118 118 118 85 85 80 80 80 80 80 80 80 80 80 80 80 166 166 238 238 238 238 238 238 238 215 215 83 83 83 83 83 83 83 83 83 83 83 83 83 151 151 151 151 151 151 151 151 151 198 198 ]
cp = [ 31.2229 31.2229 31.2229 31.2229 31.2229 31.2229 31.2229 31.2229 31.2229 31.2229 31.2229 31.2229 37.2157 37.2157 39.5093 39.5093 39.5093 39.5093 39.5093 39.5093 39.5093 39.5093 39.5093 39.5093 39.5093 21.0883 21.0883 11.8258 11.8258 11.8258 11.8258 11.8258 11.8258 11.8258 15.0281 15.0281 40.2585 40.2585 40.2585 40.2585 40.2585 40.2585 40.2585 40.2585 40.2585 40.2585 40.2585 40.2585 40.2585 33.6709 33.6709 33.6709 33.6709 33.6709 33.6709 33.6709 33.6709 33.6709 30.1511 30.1511 ]
D = [ 3096 3368 3965 4136 4807 5148 5787 6182 6532 6850 7323 7758 8313 7787 6857 6226 5695 4683 5812 6637 7947 6411 5401 3973 2909 3065 3785 4001 4701 5142 5580 5775 6406 6789 7280 7779 8186 7532 6609 6074 5600 4761 5743 6703 7731 6519 4978 3683 2395 2834 3437 3958 4276 5045 5423 5736 6496 7019 7517 7819 8387 7729 7179 6570 5674 4879 6127 6724 7908 6372 5045 3696 2348 3054 3477 3919 4319 4751 4997 5654 5952 6395 6904 7607 8035 7306 6641 6079 5496 4919 5794 6352 6919 6071 5098 3718 ]
K = 9
nk = [ 1 1 1 1 1 1 1 1 1 1 1 1 2 2 3 3 3 3 3 3 3 3 3 3 3 4 4 5 5 5 5 5 5 5 6 6 7 7 7 7 7 7 7 7 7 7 7 7 7 8 8 8 8 8 8 8 8 8 9 9 ]
First = [ 1 0 0 0 0 0 0 0 0 0 0 0 1 0 1 0 0 0 0 0 0 0 0 0 0 1 0 1 0 0 0 0 0 0 1 0 1 0 0 0 0 0 0 0 0 0 0 0 0 1 0 0 0 0 0 0 0 0 1 0 ]
Last = [ 0 0 0 0 0 0 0 0 0 0 0 1 0 1 0 0 0 0 0 0 0 0 0 0 1 0 1 0 0 0 0 0 0 1 0 1 0 0 0 0 0 0 0 0 0 0 0 0 1 0 0 0 0 0 0 0 0 1 0 1 ]
nS = 1
S = [ 0 1 2 3 4 5 6 7 8 9 10 11 12 13 14 15 16 17 18 19 20 21 22 23 24 25 26 27 28 29 30 31 32 33 34 35 36 37 38 39 40 41 42 43 44 45 46 47 48 49 50 51 52 53 54 55 56 57 58 59 ]
