n = 60 ; 
T = 96 ; 
Init = [ 1 1 1 1 1 1 1 1 1 1 1 1 1 1 1 1 1 1 1 1 1 1 1 1 1 1 1 1 1 1 1 1 1 1 1 1 0 0 0 0 0 0 0 0 0 0 0 1 1 1 1 1 1 1 0 0 0 0 0 0 ]
L = [ 5 5 5 5 5 5 5 5 5 5 5 5 6 6 6 6 6 6 6 6 6 6 6 6 6 4 4 4 4 4 4 8 8 8 8 5 5 5 5 10 10 10 10 10 10 10 10 3 3 5 5 5 5 5 7 7 7 7 7 7 ]
l = [ 5 5 5 5 5 5 5 5 5 5 5 5 6 6 6 6 6 6 6 6 6 6 6 6 6 4 4 4 4 4 4 8 8 8 8 5 5 5 5 10 10 10 10 10 10 10 10 3 3 5 5 5 5 5 7 7 7 7 7 7 ]
Pmin = [ 49 49 49 49 49 49 49 49 49 49 49 49 56 56 56 56 56 56 56 56 56 56 56 56 56 39 39 39 39 39 39 82 82 82 82 58 45 45 45 100 100 100 100 100 100 100 100 28 28 62 62 62 62 62 75 75 75 75 75 75 ]
Pmax = [ 196 196 196 196 196 196 196 196 196 196 196 196 222 222 222 222 222 222 222 222 222 222 222 222 222 136 136 136 136 136 136 327 327 327 327 211 165 165 165 420 420 420 420 420 420 420 420 97 97 220 220 220 220 220 309 309 309 309 309 309 ]
cf = [ 28.597 28.597 28.597 28.597 28.597 28.597 28.597 28.597 28.597 28.597 28.597 28.597 24.5333 24.5333 24.5333 24.5333 24.5333 24.5333 24.5333 24.5333 24.5333 24.5333 24.5333 24.5333 24.5333 57.3168 57.3168 57.3168 57.3168 57.3168 57.3168 22.7054 22.7054 22.7054 22.7054 8.85428 44.5057 44.5057 44.5057 16.9019 16.9019 16.9019 16.9019 16.9019 16.9019 16.9019 16.9019 28.1985 28.1985 66.6345 66.6345 66.6345 66.6345 66.6345 38.1906 38.1906 38.1906 38.1906 38.1906 38.1906 ]
c0 = [ 134 134 134 134 134 134 134 134 134 134 134 134 168 168 168 168 168 168 168 168 168 168 168 168 168 126 126 126 126 126 126 220 220 220 220 149 131 131 131 250 250 250 250 250 250 250 250 87 87 178 178 178 178 178 209 209 209 209 209 209 ]
cp = [ 33.3692 33.3692 33.3692 33.3692 33.3692 33.3692 33.3692 33.3692 33.3692 33.3692 33.3692 33.3692 23.5893 23.5893 23.5893 23.5893 23.5893 23.5893 23.5893 23.5893 23.5893 23.5893 23.5893 23.5893 23.5893 36.3336 36.3336 36.3336 36.3336 36.3336 36.3336 14.9128 14.9128 14.9128 14.9128 31.8046 34.2147 34.2147 34.2147 15.3065 15.3065 15.3065 15.3065 15.3065 15.3065 15.3065 15.3065 37.65 37.65 20.6234 20.6234 20.6234 20.6234 20.6234 18.9852 18.9852 18.9852 18.9852 18.9852 18.9852 ]
D = [ 4328 4595 5441 5983 6886 7373 7927 8289 9355 9632 10174 11208 11690 10863 9848 8791 8010 7056 8173 9994 11339 9313 7512 5715 3778 4638 5227 6010 6493 6984 8030 8358 9347 10114 10286 11495 12164 11051 9841 8955 7776 7041 8162 9982 11407 9063 7527 5435 3643 4319 5030 5850 6439 7256 8465 8868 9471 10333 11048 12324 12680 11446 10817 9746 8303 7205 8497 9860 11586 9307 7287 5767 3552 4181 5121 5974 6539 6941 8190 8797 9050 9927 10945 11284 12100 11344 10154 9167 8321 7183 8885 9909 11655 9883 7794 5810 ]
K = 10
nk = [ 1 1 1 1 1 1 1 1 1 1 1 1 2 2 2 2 2 2 2 2 2 2 2 2 2 3 3 3 3 3 3 4 4 4 4 5 6 6 6 7 7 7 7 7 7 7 7 8 8 9 9 9 9 9 10 10 10 10 10 10 ]
First = [ 1 0 0 0 0 0 0 0 0 0 0 0 1 0 0 0 0 0 0 0 0 0 0 0 0 1 0 0 0 0 0 1 0 0 0 1 1 0 0 1 0 0 0 0 0 0 0 1 0 1 0 0 0 0 1 0 0 0 0 0 ]
Last = [ 0 0 0 0 0 0 0 0 0 0 0 1 0 0 0 0 0 0 0 0 0 0 0 0 1 0 0 0 0 0 1 0 0 0 1 1 0 0 1 0 0 0 0 0 0 0 1 0 1 0 0 0 0 1 0 0 0 0 0 1 ]
nS = 1
S = [ 0 1 2 3 4 5 6 7 8 9 10 11 12 13 14 15 16 17 18 19 20 21 22 23 24 25 26 27 28 29 30 31 32 33 34 35 36 37 38 39 40 41 42 43 44 45 46 47 48 49 50 51 52 53 54 55 56 57 58 59 ]
