n = 60 ; 
T = 96 ; 
Init = [ 1 1 1 1 1 1 1 1 1 1 1 0 0 0 0 0 0 0 0 1 1 1 1 1 1 1 1 1 1 1 1 1 1 1 1 1 1 1 1 1 1 1 1 1 0 0 0 0 0 0 0 0 0 0 0 0 0 0 0 0 ]
L = [ 3 3 3 3 3 3 3 3 3 3 3 3 3 3 8 8 8 8 8 3 3 3 3 3 3 3 3 3 3 3 3 3 3 3 3 3 3 3 3 3 3 3 3 3 6 6 6 6 6 6 6 6 6 6 6 6 6 6 6 6 ]
l = [ 3 3 3 3 3 3 3 3 3 3 3 3 3 3 8 8 8 8 8 3 3 3 3 3 3 3 3 3 3 3 3 3 3 3 3 3 3 3 3 3 3 3 3 3 6 6 6 6 6 6 6 6 6 6 6 6 6 6 6 6 ]
Pmin = [ 23 23 23 23 23 23 23 23 23 23 23 26 26 26 99 99 99 99 99 32 32 32 32 32 32 32 32 32 32 32 32 32 32 32 32 32 32 32 32 32 32 32 32 32 71 71 71 71 71 71 71 71 71 71 71 71 71 71 71 71 ]
Pmax = [ 62 62 62 62 62 62 62 62 62 62 62 94 94 94 383 383 383 383 383 93 93 93 93 93 93 93 93 93 93 93 93 93 93 93 93 93 93 93 93 93 93 93 93 93 259 259 259 259 259 259 259 259 259 259 259 259 259 259 259 259 ]
cf = [ 36.5374 36.5374 36.5374 36.5374 36.5374 36.5374 36.5374 36.5374 36.5374 36.5374 36.5374 30.468 30.468 30.468 51.4779 51.4779 51.4779 51.4779 51.4779 45.0007 45.0007 45.0007 45.0007 45.0007 45.0007 45.0007 45.0007 45.0007 45.0007 45.0007 45.0007 45.0007 45.0007 45.0007 45.0007 45.0007 45.0007 45.0007 45.0007 45.0007 45.0007 45.0007 45.0007 45.0007 20.9236 20.9236 20.9236 20.9236 20.9236 20.9236 20.9236 20.9236 20.9236 20.9236 20.9236 20.9236 20.9236 20.9236 20.9236 20.9236 ]
c0 = [ 81 81 81 81 81 81 81 81 81 81 81 81 81 81 250 250 250 250 250 95 95 95 95 95 95 95 95 95 95 95 95 95 95 95 95 95 95 95 95 95 95 95 95 95 193 193 193 193 193 193 193 193 193 193 193 193 193 193 193 193 ]
cp = [ 40.6388 40.6388 40.6388 40.6388 40.6388 40.6388 40.6388 40.6388 40.6388 40.6388 40.6388 39.8991 39.8991 39.8991 14.8919 14.8919 14.8919 14.8919 14.8919 35.6221 35.6221 35.6221 35.6221 35.6221 35.6221 35.6221 35.6221 35.6221 35.6221 35.6221 35.6221 35.6221 35.6221 35.6221 35.6221 35.6221 35.6221 35.6221 35.6221 35.6221 35.6221 35.6221 35.6221 35.6221 29.7323 29.7323 29.7323 29.7323 29.7323 29.7323 29.7323 29.7323 29.7323 29.7323 29.7323 29.7323 29.7323 29.7323 29.7323 29.7323 ]
D = [ 2192 2466 3092 3427 3956 4386 4974 5499 5869 6329 6544 6921 7385 7072 6600 5912 5333 5014 5653 6096 6733 5450 4312 3198 1807 2623 2953 3379 4000 4592 5101 5707 6066 6653 7182 7555 8285 7554 6754 6134 5458 4871 5716 6391 7375 5864 4749 3411 1892 2324 2929 3349 3965 4476 4997 5311 5811 6417 6945 7512 7753 7366 6626 6039 5148 4833 5293 6287 7025 5789 4650 3723 2627 3186 3363 3719 4384 4856 5330 5633 6127 6416 7094 7321 8014 7233 6423 5845 4967 4588 5415 6145 7095 5900 4723 3320 ]
K = 5
nk = [ 1 1 1 1 1 1 1 1 1 1 1 2 2 2 3 3 3 3 3 4 4 4 4 4 4 4 4 4 4 4 4 4 4 4 4 4 4 4 4 4 4 4 4 4 5 5 5 5 5 5 5 5 5 5 5 5 5 5 5 5 ]
First = [ 1 0 0 0 0 0 0 0 0 0 0 1 0 0 1 0 0 0 0 1 0 0 0 0 0 0 0 0 0 0 0 0 0 0 0 0 0 0 0 0 0 0 0 0 1 0 0 0 0 0 0 0 0 0 0 0 0 0 0 0 ]
Last = [ 0 0 0 0 0 0 0 0 0 0 1 0 0 1 0 0 0 0 1 0 0 0 0 0 0 0 0 0 0 0 0 0 0 0 0 0 0 0 0 0 0 0 0 1 0 0 0 0 0 0 0 0 0 0 0 0 0 0 0 1 ]
nS = 1
S = [ 0 1 2 3 4 5 6 7 8 9 10 11 12 13 14 15 16 17 18 19 20 21 22 23 24 25 26 27 28 29 30 31 32 33 34 35 36 37 38 39 40 41 42 43 44 45 46 47 48 49 50 51 52 53 54 55 56 57 58 59 ]
