n = 60 ; 
T = 96 ; 
Init = [ 0 0 0 0 0 0 0 0 0 0 0 0 0 0 0 0 0 0 0 0 0 0 0 0 0 0 0 0 0 0 0 0 0 0 0 0 0 0 0 0 0 0 0 0 0 0 0 0 0 0 0 0 0 0 0 0 0 0 0 0 ]
L = [ 11 11 11 11 11 11 11 11 11 11 11 11 11 11 11 11 11 11 11 11 11 11 11 11 11 11 11 11 11 11 11 11 11 10 10 10 10 10 10 10 10 10 10 10 10 10 10 10 10 10 10 10 10 10 10 10 10 10 10 10 ]
l = [ 11 11 11 11 11 11 11 11 11 11 11 11 11 11 11 11 11 11 11 11 11 11 11 11 11 11 11 11 11 11 11 11 11 10 10 10 10 10 10 10 10 10 10 10 10 10 10 10 10 10 10 10 10 10 10 10 10 10 10 10 ]
Pmin = [ 59 59 59 59 59 59 59 59 59 59 59 59 59 59 59 59 59 59 59 59 59 59 59 59 59 59 59 59 59 59 59 59 59 50 50 50 50 50 50 50 50 50 50 50 50 50 50 50 50 50 50 50 50 50 50 50 50 50 50 50 ]
Pmax = [ 232 232 232 232 232 232 232 232 232 232 232 232 232 232 232 232 232 232 232 232 232 232 232 232 232 232 232 232 232 232 232 232 232 165 165 165 165 165 165 165 165 165 165 165 165 165 165 165 165 165 165 165 165 165 165 165 165 165 165 165 ]
cf = [ 24.5722 24.5722 24.5722 24.5722 24.5722 24.5722 24.5722 24.5722 24.5722 24.5722 24.5722 24.5722 24.5722 24.5722 24.5722 24.5722 24.5722 24.5722 24.5722 24.5722 24.5722 24.5722 24.5722 24.5722 24.5722 24.5722 24.5722 24.5722 24.5722 24.5722 24.5722 24.5722 24.5722 19.4793 19.4793 19.4793 19.4793 19.4793 19.4793 19.4793 19.4793 19.4793 19.4793 19.4793 19.4793 19.4793 19.4793 19.4793 19.4793 19.4793 19.4793 19.4793 19.4793 19.4793 19.4793 19.4793 19.4793 19.4793 19.4793 19.4793 ]
c0 = [ 168 170 172 176 180 185 191 198 205 214 223 233 244 255 268 281 296 311 327 343 361 379 399 419 440 461 484 507 532 557 583 610 637 134 135 137 140 143 147 152 157 163 170 177 185 194 203 213 224 235 247 260 273 287 302 317 333 350 367 385 ]
cp = [ 23.7213 23.7213 23.7213 23.7213 23.7213 23.7213 23.7213 23.7213 23.7213 23.7213 23.7213 23.7213 23.7213 23.7213 23.7213 23.7213 23.7213 23.7213 23.7213 23.7213 23.7213 23.7213 23.7213 23.7213 23.7213 23.7213 23.7213 23.7213 23.7213 23.7213 23.7213 23.7213 23.7213 28.7752 28.7752 28.7752 28.7752 28.7752 28.7752 28.7752 28.7752 28.7752 28.7752 28.7752 28.7752 28.7752 28.7752 28.7752 28.7752 28.7752 28.7752 28.7752 28.7752 28.7752 28.7752 28.7752 28.7752 28.7752 28.7752 28.7752 ]
D = [ 3117 3545 3877 3893 4504 4646 4924 5465 5870 6084 6439 6563 6948 7176 7611 7955 8066 8629 8962 9093 9426 9664 9953 10190 10572 10218 9935 9191 8791 8539 8100 7645 7025 6605 6338 6905 7206 7795 8106 8499 8989 8180 7706 7104 6211 5375 4804 4194 3331 3692 4137 4406 4437 4576 4882 5583 5721 6010 6044 6684 6659 7292 7297 7892 7899 8329 8476 8869 9052 9309 9519 10060 10458 10044 9503 8852 8358 7963 7883 7282 6959 6550 5928 6337 7254 7639 7975 8740 9124 8300 7545 6711 6230 5189 4176 3412 ]
K = 2
nk = [ 1 1 1 1 1 1 1 1 1 1 1 1 1 1 1 1 1 1 1 1 1 1 1 1 1 1 1 1 1 1 1 1 1 2 2 2 2 2 2 2 2 2 2 2 2 2 2 2 2 2 2 2 2 2 2 2 2 2 2 2 ]
First = [ 1 0 0 0 0 0 0 0 0 0 0 0 0 0 0 0 0 0 0 0 0 0 0 0 0 0 0 0 0 0 0 0 0 1 0 0 0 0 0 0 0 0 0 0 0 0 0 0 0 0 0 0 0 0 0 0 0 0 0 0 ]
Last = [ 0 0 0 0 0 0 0 0 0 0 0 0 0 0 0 0 0 0 0 0 0 0 0 0 0 0 0 0 0 0 0 0 1 0 0 0 0 0 0 0 0 0 0 0 0 0 0 0 0 0 0 0 0 0 0 0 0 0 0 1 ]
nS = 1
S = [ 0 1 2 3 4 5 6 7 8 9 10 11 12 13 14 15 16 17 18 19 20 21 22 23 24 25 26 27 28 29 30 31 32 33 34 35 36 37 38 39 40 41 42 43 44 45 46 47 48 49 50 51 52 53 54 55 56 57 58 59 ]
