n = 60 ; 
T = 96 ; 
Init = [ 1 1 1 1 1 1 1 1 1 1 1 1 1 1 1 1 1 1 1 1 1 1 0 0 0 0 0 0 0 0 0 0 0 0 0 0 0 0 0 0 0 0 0 0 0 0 0 0 0 1 1 1 1 1 1 1 1 1 1 1 ]
L = [ 9 9 9 9 9 9 9 4 4 4 4 4 4 4 4 4 4 4 4 4 4 4 7 7 7 7 7 7 7 7 7 7 7 7 7 6 6 6 6 6 6 6 6 6 6 6 6 6 6 7 7 7 7 7 7 7 7 7 7 7 ]
l = [ 9 9 9 9 9 9 9 4 4 4 4 4 4 4 4 4 4 4 4 4 4 4 7 7 7 7 7 7 7 7 7 7 7 7 7 6 6 6 6 6 6 6 6 6 6 6 6 6 6 7 7 7 7 7 7 7 7 7 7 7 ]
Pmin = [ 89 89 89 89 89 89 89 39 39 39 39 39 39 39 39 39 39 39 39 39 39 39 78 78 78 78 78 78 78 78 78 78 78 78 78 66 66 66 66 66 66 66 66 66 66 66 66 66 66 71 71 71 71 71 71 71 71 71 71 71 ]
Pmax = [ 354 354 354 354 354 354 354 140 140 140 140 140 140 140 140 140 140 140 140 140 140 140 300 300 300 300 300 300 300 300 300 300 300 300 300 231 231 231 231 231 231 231 231 231 231 231 231 231 231 271 271 271 271 271 271 271 271 271 271 271 ]
cf = [ 44.8731 44.8731 44.8731 44.8731 44.8731 44.8731 44.8731 63.6676 63.6676 63.6676 63.6676 63.6676 63.6676 63.6676 63.6676 63.6676 63.6676 63.6676 63.6676 63.6676 63.6676 63.6676 39.4075 39.4075 39.4075 39.4075 39.4075 39.4075 39.4075 39.4075 39.4075 39.4075 39.4075 39.4075 39.4075 58.4316 58.4316 58.4316 58.4316 58.4316 58.4316 58.4316 58.4316 58.4316 58.4316 58.4316 58.4316 58.4316 58.4316 22.4589 22.4589 22.4589 22.4589 22.4589 22.4589 22.4589 22.4589 22.4589 22.4589 22.4589 ]
c0 = [ 233 233 233 233 233 233 233 116 116 116 116 116 116 116 116 116 116 116 116 116 116 116 216 216 216 216 216 216 216 216 216 216 216 216 216 182 182 182 182 182 182 182 182 182 182 182 182 182 182 201 201 201 201 201 201 201 201 201 201 201 ]
cp = [ 21.1984 21.1984 21.1984 21.1984 21.1984 21.1984 21.1984 28.921 28.921 28.921 28.921 28.921 28.921 28.921 28.921 28.921 28.921 28.921 28.921 28.921 28.921 28.921 20.6551 20.6551 20.6551 20.6551 20.6551 20.6551 20.6551 20.6551 20.6551 20.6551 20.6551 20.6551 20.6551 23.4145 23.4145 23.4145 23.4145 23.4145 23.4145 23.4145 23.4145 23.4145 23.4145 23.4145 23.4145 23.4145 23.4145 16.3119 16.3119 16.3119 16.3119 16.3119 16.3119 16.3119 16.3119 16.3119 16.3119 16.3119 ]
D = [ 3372 3861 4821 5761 6171 6687 7644 8481 8812 9612 10448 11047 11850 10893 9947 8795 7708 6853 8151 8951 10207 8545 7179 6008 4155 5300 6005 6384 7200 8143 8819 9449 10061 10871 11719 12429 13375 12239 10583 9658 8543 7290 8592 9936 11234 9088 6852 5422 3325 4207 4642 5576 6427 7094 7521 8579 9186 10095 11029 11712 12145 11365 10568 9322 8618 7453 8658 9680 10449 8708 7326 5399 3945 4637 5127 5906 6860 7524 7805 8665 9581 10160 10866 11342 12094 11106 10226 9512 8654 7456 8442 9412 10578 8931 7601 5871 ]
K = 5
nk = [ 1 1 1 1 1 1 1 2 2 2 2 2 2 2 2 2 2 2 2 2 2 2 3 3 3 3 3 3 3 3 3 3 3 3 3 4 4 4 4 4 4 4 4 4 4 4 4 4 4 5 5 5 5 5 5 5 5 5 5 5 ]
First = [ 1 0 0 0 0 0 0 1 0 0 0 0 0 0 0 0 0 0 0 0 0 0 1 0 0 0 0 0 0 0 0 0 0 0 0 1 0 0 0 0 0 0 0 0 0 0 0 0 0 1 0 0 0 0 0 0 0 0 0 0 ]
Last = [ 0 0 0 0 0 0 1 0 0 0 0 0 0 0 0 0 0 0 0 0 0 1 0 0 0 0 0 0 0 0 0 0 0 0 1 0 0 0 0 0 0 0 0 0 0 0 0 0 1 0 0 0 0 0 0 0 0 0 0 1 ]
nS = 1
S = [ 0 1 2 3 4 5 6 7 8 9 10 11 12 13 14 15 16 17 18 19 20 21 22 23 24 25 26 27 28 29 30 31 32 33 34 35 36 37 38 39 40 41 42 43 44 45 46 47 48 49 50 51 52 53 54 55 56 57 58 59 ]
