n = 60 ; 
T = 96 ; 
Init = [ 1 1 1 1 1 1 1 1 1 1 1 1 1 1 1 1 1 0 0 0 0 1 1 1 1 0 0 0 0 0 0 0 0 0 0 1 1 1 1 1 1 1 1 1 1 1 1 1 1 1 1 1 1 1 1 1 1 1 1 1 ]
L = [ 8 8 8 8 8 8 8 8 8 8 8 8 8 8 4 4 5 4 4 4 4 5 5 5 5 4 4 4 4 4 4 4 4 4 4 9 9 9 9 9 9 9 9 9 9 9 9 9 9 3 3 3 3 3 3 3 3 3 3 3 ]
l = [ 8 8 8 8 8 8 8 8 8 8 8 8 8 8 4 4 5 4 4 4 4 5 5 5 5 4 4 4 4 4 4 4 4 4 4 9 9 9 9 9 9 9 9 9 9 9 9 9 9 3 3 3 3 3 3 3 3 3 3 3 ]
Pmin = [ 92 92 92 92 92 92 92 92 92 92 92 92 92 92 39 39 42 38 38 38 38 52 52 52 52 34 34 34 34 34 34 34 34 34 34 100 100 100 100 100 100 100 100 100 100 100 100 100 100 36 36 36 36 36 36 36 36 36 36 36 ]
Pmax = [ 355 355 355 355 355 355 355 355 355 355 355 355 355 355 145 145 161 134 134 134 134 181 181 181 181 115 115 115 115 115 115 115 115 115 115 404 404 404 404 404 404 404 404 404 404 404 404 404 404 119 119 119 119 119 119 119 119 119 119 119 ]
cf = [ 68.1044 68.1044 68.1044 68.1044 68.1044 68.1044 68.1044 68.1044 68.1044 68.1044 68.1044 68.1044 68.1044 68.1044 49.2816 49.2816 35.9142 20.2523 20.2523 20.2523 20.2523 39.1366 39.1366 39.1366 39.1366 54.6188 54.6188 54.6188 54.6188 54.6188 54.6188 54.6188 54.6188 54.6188 54.6188 18.2514 18.2514 18.2514 18.2514 18.2514 18.2514 18.2514 18.2514 18.2514 18.2514 18.2514 18.2514 18.2514 18.2514 38.831 38.831 38.831 38.831 38.831 38.831 38.831 38.831 38.831 38.831 38.831 ]
c0 = [ 235 235 235 235 235 235 235 235 235 235 235 235 235 235 112 112 131 101 101 101 101 152 152 152 152 96 96 96 96 96 96 96 96 96 96 250 250 250 250 250 250 250 250 250 250 250 250 250 250 110 110 110 110 110 110 110 110 110 110 110 ]
cp = [ 17.1356 17.1356 17.1356 17.1356 17.1356 17.1356 17.1356 17.1356 17.1356 17.1356 17.1356 17.1356 17.1356 17.1356 26.873 26.873 22.8335 32.1126 32.1126 32.1126 32.1126 27.7297 27.7297 27.7297 27.7297 36.1992 36.1992 36.1992 36.1992 36.1992 36.1992 36.1992 36.1992 36.1992 36.1992 18.9727 18.9727 18.9727 18.9727 18.9727 18.9727 18.9727 18.9727 18.9727 18.9727 18.9727 18.9727 18.9727 18.9727 40.3224 40.3224 40.3224 40.3224 40.3224 40.3224 40.3224 40.3224 40.3224 40.3224 40.3224 ]
D = [ 2990 3571 4883 5591 6014 7038 7438 8188 9397 9984 10548 11655 12089 11261 10285 9380 8270 7643 9025 10506 11661 9638 7450 4904 2972 4029 4412 5554 6564 7479 8277 8952 10092 10873 11397 12357 13527 11802 11024 9750 8614 7313 8909 9943 11627 9400 7470 5391 2983 4038 4672 5635 6219 6549 7670 8314 9181 9531 10463 11256 11869 11358 10327 9403 8665 7503 8904 9734 10622 8482 7015 5001 3451 3803 5129 5771 6624 7596 8098 9148 9924 10937 11538 12531 13159 11832 10718 9663 8720 7505 9033 10251 11440 9744 7794 6091 ]
K = 8
nk = [ 1 1 1 1 1 1 1 1 1 1 1 1 1 1 2 2 3 4 4 4 4 5 5 5 5 6 6 6 6 6 6 6 6 6 6 7 7 7 7 7 7 7 7 7 7 7 7 7 7 8 8 8 8 8 8 8 8 8 8 8 ]
First = [ 1 0 0 0 0 0 0 0 0 0 0 0 0 0 1 0 1 1 0 0 0 1 0 0 0 1 0 0 0 0 0 0 0 0 0 1 0 0 0 0 0 0 0 0 0 0 0 0 0 1 0 0 0 0 0 0 0 0 0 0 ]
Last = [ 0 0 0 0 0 0 0 0 0 0 0 0 0 1 0 1 1 0 0 0 1 0 0 0 1 0 0 0 0 0 0 0 0 0 1 0 0 0 0 0 0 0 0 0 0 0 0 0 1 0 0 0 0 0 0 0 0 0 0 1 ]
nS = 1
S = [ 0 1 2 3 4 5 6 7 8 9 10 11 12 13 14 15 16 17 18 19 20 21 22 23 24 25 26 27 28 29 30 31 32 33 34 35 36 37 38 39 40 41 42 43 44 45 46 47 48 49 50 51 52 53 54 55 56 57 58 59 ]
