n = 60 ; 
T = 96 ; 
Init = [ 0 0 0 0 0 0 0 1 1 1 1 1 1 1 1 1 1 1 1 1 1 1 1 1 1 1 0 0 0 0 0 0 0 0 0 0 0 0 0 0 0 0 0 0 0 0 0 0 1 1 1 1 1 1 1 1 1 1 1 1 ]
L = [ 7 7 7 7 7 7 7 8 8 8 8 8 8 8 8 8 8 8 4 4 4 4 4 4 4 4 8 9 9 9 9 9 9 9 9 9 2 2 2 2 2 2 2 2 2 2 2 4 9 9 9 9 9 9 9 9 5 5 5 5 ]
l = [ 7 7 7 7 7 7 7 8 8 8 8 8 8 8 8 8 8 8 4 4 4 4 4 4 4 4 8 9 9 9 9 9 9 9 9 9 2 2 2 2 2 2 2 2 2 2 2 4 9 9 9 9 9 9 9 9 5 5 5 5 ]
Pmin = [ 76 76 76 76 76 76 76 89 89 89 89 89 89 89 89 89 89 89 39 39 39 39 39 39 39 39 88 100 100 100 100 100 100 100 100 100 18 18 18 18 18 18 18 18 18 18 18 38 93 93 93 93 93 93 93 93 62 62 62 62 ]
Pmax = [ 280 280 280 280 280 280 280 360 360 360 360 360 360 360 360 360 360 360 153 153 153 153 153 153 153 153 347 414 414 414 414 414 414 414 414 414 55 55 55 55 55 55 55 55 55 55 55 146 381 381 381 381 381 381 381 381 227 227 227 227 ]
cf = [ 64.4931 64.4931 64.4931 64.4931 64.4931 64.4931 64.4931 27.3569 27.3569 27.3569 27.3569 27.3569 27.3569 27.3569 27.3569 27.3569 27.3569 27.3569 12.0773 12.0773 12.0773 12.0773 12.0773 12.0773 12.0773 12.0773 61.9598 10.5549 10.5549 10.5549 10.5549 10.5549 10.5549 10.5549 10.5549 10.5549 52.6924 52.6924 52.6924 52.6924 52.6924 52.6924 52.6924 52.6924 52.6924 52.6924 52.6924 31.1402 8.3269 8.3269 8.3269 8.3269 8.3269 8.3269 8.3269 8.3269 51.57 51.57 51.57 51.57 ]
c0 = [ 201 201 201 201 201 201 201 226 226 226 226 226 226 226 226 226 226 226 106 106 106 106 106 106 106 106 231 250 250 250 250 250 250 250 250 250 59 59 59 59 59 59 59 59 59 59 59 110 239 239 239 239 239 239 239 239 172 172 172 172 ]
cp = [ 28.5048 28.5048 28.5048 28.5048 28.5048 28.5048 28.5048 13.6051 13.6051 13.6051 13.6051 13.6051 13.6051 13.6051 13.6051 13.6051 13.6051 13.6051 33.9702 33.9702 33.9702 33.9702 33.9702 33.9702 33.9702 33.9702 24.3348 15.791 15.791 15.791 15.791 15.791 15.791 15.791 15.791 15.791 40.363 40.363 40.363 40.363 40.363 40.363 40.363 40.363 40.363 40.363 40.363 30.2643 15.8337 15.8337 15.8337 15.8337 15.8337 15.8337 15.8337 15.8337 33.7749 33.7749 33.7749 33.7749 ]
D = [ 4810 5604 6201 7239 7904 8820 9123 9919 10926 11370 12475 13488 13779 12961 11610 10282 9327 8106 9619 10965 12551 10254 8592 6476 4416 5438 6151 7199 8039 8375 9309 10287 10784 11735 12305 13104 13746 12622 11642 10714 9414 8281 9436 10590 12095 10364 8237 5848 3595 4143 5361 6324 6812 7668 8699 9387 10404 11003 11415 12611 13644 12165 11313 9825 9158 7895 9444 10706 11798 10399 8428 6543 4600 5224 5833 6189 7221 7984 8656 9097 10081 10631 11916 12053 12842 12117 10719 10013 8906 7764 9048 9970 11126 9898 7503 6244 ]
K = 9
nk = [ 1 1 1 1 1 1 1 2 2 2 2 2 2 2 2 2 2 2 3 3 3 3 3 3 3 3 4 5 5 5 5 5 5 5 5 5 6 6 6 6 6 6 6 6 6 6 6 7 8 8 8 8 8 8 8 8 9 9 9 9 ]
First = [ 1 0 0 0 0 0 0 1 0 0 0 0 0 0 0 0 0 0 1 0 0 0 0 0 0 0 1 1 0 0 0 0 0 0 0 0 1 0 0 0 0 0 0 0 0 0 0 1 1 0 0 0 0 0 0 0 1 0 0 0 ]
Last = [ 0 0 0 0 0 0 1 0 0 0 0 0 0 0 0 0 0 1 0 0 0 0 0 0 0 1 1 0 0 0 0 0 0 0 0 1 0 0 0 0 0 0 0 0 0 0 1 1 0 0 0 0 0 0 0 1 0 0 0 1 ]
nS = 1
S = [ 0 1 2 3 4 5 6 7 8 9 10 11 12 13 14 15 16 17 18 19 20 21 22 23 24 25 26 27 28 29 30 31 32 33 34 35 36 37 38 39 40 41 42 43 44 45 46 47 48 49 50 51 52 53 54 55 56 57 58 59 ]
