n = 60 ; 
T = 96 ; 
Init = [ 1 1 1 1 1 1 1 1 1 1 1 0 0 0 0 0 0 0 0 0 0 0 0 0 0 0 0 0 0 0 0 0 0 0 0 0 0 0 0 0 0 0 0 0 0 0 0 0 0 0 0 0 0 0 0 0 0 0 0 0 ]
L = [ 14 14 14 14 14 14 14 14 14 14 14 14 14 14 14 14 14 14 14 14 14 14 14 14 14 14 14 14 14 14 14 14 14 14 14 14 14 14 14 14 14 14 14 14 14 14 14 14 14 14 14 14 14 14 14 14 14 14 14 14 ]
l = [ 14 14 14 14 14 14 14 14 14 14 14 14 14 14 14 14 14 14 14 14 14 14 14 14 14 14 14 14 14 14 14 14 14 14 14 14 14 14 14 14 14 14 14 14 14 14 14 14 14 14 14 14 14 14 14 14 14 14 14 14 ]
Pmin = [ 79 79 79 79 79 79 79 79 79 79 79 74 74 74 74 74 74 74 74 74 74 74 74 74 74 74 74 74 74 74 74 74 74 74 74 74 74 74 74 74 74 74 74 74 74 74 74 74 74 74 74 74 74 74 74 74 74 74 74 74 ]
Pmax = [ 294 294 294 294 294 294 294 294 294 294 294 275 275 275 275 275 275 275 275 275 275 275 275 275 275 275 275 275 275 275 275 275 275 275 275 275 275 275 275 275 275 275 275 275 275 275 275 275 275 275 275 275 275 275 275 275 275 275 275 275 ]
cf = [ 31.0845 31.0845 31.0845 31.0845 31.0845 31.0845 31.0845 31.0845 31.0845 31.0845 31.0845 29.7212 29.7212 29.7212 29.7212 29.7212 29.7212 29.7212 29.7212 29.7212 29.7212 29.7212 29.7212 29.7212 29.7212 29.7212 29.7212 29.7212 29.7212 29.7212 29.7212 29.7212 29.7212 29.7212 29.7212 29.7212 29.7212 29.7212 29.7212 29.7212 29.7212 29.7212 29.7212 29.7212 29.7212 29.7212 29.7212 29.7212 29.7212 29.7212 29.7212 29.7212 29.7212 29.7212 29.7212 29.7212 29.7212 29.7212 29.7212 29.7212 ]
c0 = [ 208 210 213 217 223 229 236 244 254 264 275 200 202 205 209 214 220 227 235 244 253 264 276 289 303 318 334 351 369 388 408 428 450 473 497 522 548 575 602 631 661 692 724 756 790 825 861 898 935 974 1014 1055 1096 1139 1183 1228 1273 1320 1368 1416 ]
cp = [ 23.3906 23.3906 23.3906 23.3906 23.3906 23.3906 23.3906 23.3906 23.3906 23.3906 23.3906 21.3787 21.3787 21.3787 21.3787 21.3787 21.3787 21.3787 21.3787 21.3787 21.3787 21.3787 21.3787 21.3787 21.3787 21.3787 21.3787 21.3787 21.3787 21.3787 21.3787 21.3787 21.3787 21.3787 21.3787 21.3787 21.3787 21.3787 21.3787 21.3787 21.3787 21.3787 21.3787 21.3787 21.3787 21.3787 21.3787 21.3787 21.3787 21.3787 21.3787 21.3787 21.3787 21.3787 21.3787 21.3787 21.3787 21.3787 21.3787 21.3787 ]
D = [ 3822 4680 4728 5389 5901 6022 6662 6742 7155 8033 8070 8546 8870 9023 9880 10379 10348 10854 11568 11477 11974 12553 13049 13203 13733 13339 12885 12064 11690 11507 10838 10226 9829 9475 8453 9311 9819 10849 11384 11903 12740 11308 10300 9456 8443 7890 6475 5697 4583 5346 5246 6219 6370 6628 7068 7545 7644 7981 8572 8825 9319 10133 10261 10481 11196 11208 11630 12549 12519 13066 13271 13655 14423 13783 12982 12580 11638 11449 10419 9935 9442 8581 8003 8693 9790 10016 11452 12250 12413 11537 10353 9444 8314 7526 6438 5624 ]
K = 2
nk = [ 1 1 1 1 1 1 1 1 1 1 1 2 2 2 2 2 2 2 2 2 2 2 2 2 2 2 2 2 2 2 2 2 2 2 2 2 2 2 2 2 2 2 2 2 2 2 2 2 2 2 2 2 2 2 2 2 2 2 2 2 ]
First = [ 1 0 0 0 0 0 0 0 0 0 0 1 0 0 0 0 0 0 0 0 0 0 0 0 0 0 0 0 0 0 0 0 0 0 0 0 0 0 0 0 0 0 0 0 0 0 0 0 0 0 0 0 0 0 0 0 0 0 0 0 ]
Last = [ 0 0 0 0 0 0 0 0 0 0 1 0 0 0 0 0 0 0 0 0 0 0 0 0 0 0 0 0 0 0 0 0 0 0 0 0 0 0 0 0 0 0 0 0 0 0 0 0 0 0 0 0 0 0 0 0 0 0 0 1 ]
nS = 1
S = [ 0 1 2 3 4 5 6 7 8 9 10 11 12 13 14 15 16 17 18 19 20 21 22 23 24 25 26 27 28 29 30 31 32 33 34 35 36 37 38 39 40 41 42 43 44 45 46 47 48 49 50 51 52 53 54 55 56 57 58 59 ]
