n = 60 ; 
T = 96 ; 
Init = [ 0 0 0 0 0 0 0 0 0 0 0 0 0 0 0 0 0 0 0 0 0 0 0 0 0 0 0 0 1 1 1 1 1 1 1 1 1 1 1 1 1 1 1 1 1 1 1 1 1 1 1 1 0 0 0 0 0 0 0 0 ]
L = [ 2 2 2 2 2 2 2 2 2 2 2 2 2 2 2 2 2 2 2 2 2 8 8 8 8 8 8 8 9 9 9 9 9 9 9 9 9 7 7 7 7 7 7 7 7 7 5 5 5 5 5 5 3 3 3 3 3 3 3 3 ]
l = [ 2 2 2 2 2 2 2 2 2 2 2 2 2 2 2 2 2 2 2 2 2 8 8 8 8 8 8 8 9 9 9 9 9 9 9 9 9 7 7 7 7 7 7 7 7 7 5 5 5 5 5 5 3 3 3 3 3 3 3 3 ]
Pmin = [ 15 15 15 15 15 15 15 15 15 15 15 15 15 15 15 15 15 15 15 15 15 86 86 86 86 86 86 86 100 100 100 100 100 100 100 100 100 82 82 82 82 82 82 82 82 82 43 43 43 43 43 43 28 28 28 28 28 28 29 29 ]
Pmax = [ 40 40 40 40 40 40 40 40 40 40 40 40 40 40 40 40 40 40 40 40 40 343 343 343 343 343 343 343 404 404 404 404 404 404 404 404 404 305 305 305 305 305 305 305 305 305 158 158 158 158 158 158 71 71 71 71 71 71 82 82 ]
cf = [ 53.5479 53.5479 53.5479 53.5479 53.5479 53.5479 53.5479 53.5479 53.5479 53.5479 53.5479 53.5479 53.5479 53.5479 53.5479 53.5479 53.5479 53.5479 53.5479 53.5479 53.5479 52.8449 52.8449 52.8449 52.8449 52.8449 52.8449 52.8449 33.0644 33.0644 33.0644 33.0644 33.0644 33.0644 33.0644 33.0644 33.0644 35.9326 35.9326 35.9326 35.9326 35.9326 35.9326 35.9326 35.9326 35.9326 43.5707 43.5707 43.5707 43.5707 43.5707 43.5707 64.3435 64.3435 64.3435 64.3435 64.3435 64.3435 41.0095 41.0095 ]
c0 = [ 59 59 59 59 59 59 59 59 59 59 59 59 59 59 59 59 59 59 59 59 59 231 231 231 231 231 231 231 250 250 250 250 250 250 250 250 250 215 215 215 215 215 215 215 215 215 122 122 122 122 122 122 92 92 92 92 92 92 93 93 ]
cp = [ 40.1196 40.1196 40.1196 40.1196 40.1196 40.1196 40.1196 40.1196 40.1196 40.1196 40.1196 40.1196 40.1196 40.1196 40.1196 40.1196 40.1196 40.1196 40.1196 40.1196 40.1196 14.3638 14.3638 14.3638 14.3638 14.3638 14.3638 14.3638 13.8747 13.8747 13.8747 13.8747 13.8747 13.8747 13.8747 13.8747 13.8747 25.2816 25.2816 25.2816 25.2816 25.2816 25.2816 25.2816 25.2816 25.2816 37.5656 37.5656 37.5656 37.5656 37.5656 37.5656 26.6244 26.6244 26.6244 26.6244 26.6244 26.6244 39.5762 39.5762 ]
D = [ 3229 3323 4177 4623 4824 5390 5823 6347 7103 7334 7901 8413 9065 8540 7683 6963 6546 5584 6764 7311 8436 6996 5447 4119 3173 3536 4089 4720 4993 5494 6274 6616 7052 7412 8012 8627 9057 8382 7416 6675 6235 5194 6574 7708 8486 7118 6084 4686 3134 3498 4300 4490 5339 5812 6209 6598 7337 8009 8320 8905 9217 8742 7908 6987 5874 5075 6473 7525 8972 7212 5644 3919 2672 3019 3490 4461 4647 5239 6096 6684 7156 7886 8251 8877 9402 8463 7959 7007 6499 5445 6444 7308 8730 7169 5423 4202 ]
K = 7
nk = [ 1 1 1 1 1 1 1 1 1 1 1 1 1 1 1 1 1 1 1 1 1 2 2 2 2 2 2 2 3 3 3 3 3 3 3 3 3 4 4 4 4 4 4 4 4 4 5 5 5 5 5 5 6 6 6 6 6 6 7 7 ]
First = [ 1 0 0 0 0 0 0 0 0 0 0 0 0 0 0 0 0 0 0 0 0 1 0 0 0 0 0 0 1 0 0 0 0 0 0 0 0 1 0 0 0 0 0 0 0 0 1 0 0 0 0 0 1 0 0 0 0 0 1 0 ]
Last = [ 0 0 0 0 0 0 0 0 0 0 0 0 0 0 0 0 0 0 0 0 1 0 0 0 0 0 0 1 0 0 0 0 0 0 0 0 1 0 0 0 0 0 0 0 0 1 0 0 0 0 0 1 0 0 0 0 0 1 0 1 ]
nS = 1
S = [ 0 1 2 3 4 5 6 7 8 9 10 11 12 13 14 15 16 17 18 19 20 21 22 23 24 25 26 27 28 29 30 31 32 33 34 35 36 37 38 39 40 41 42 43 44 45 46 47 48 49 50 51 52 53 54 55 56 57 58 59 ]
