n = 60 ; 
T = 96 ; 
Init = [ 0 0 0 0 0 0 0 0 0 0 0 0 0 0 0 0 0 0 0 0 0 0 0 0 0 0 0 0 0 0 0 0 0 0 0 0 0 0 0 0 0 0 0 0 0 0 0 0 0 0 0 0 0 0 1 1 1 1 1 1 ]
L = [ 6 6 6 6 6 6 6 6 6 6 6 6 6 6 6 6 6 6 6 6 6 6 6 6 8 8 8 8 8 8 8 8 8 8 8 8 8 8 8 8 8 8 8 8 8 8 8 8 8 8 8 8 8 8 5 5 5 5 5 5 ]
l = [ 6 6 6 6 6 6 6 6 6 6 6 6 6 6 6 6 6 6 6 6 6 6 6 6 8 8 8 8 8 8 8 8 8 8 8 8 8 8 8 8 8 8 8 8 8 8 8 8 8 8 8 8 8 8 5 5 5 5 5 5 ]
Pmin = [ 71 71 71 71 71 71 71 71 71 71 71 71 71 71 71 71 71 71 71 71 71 71 71 71 89 89 89 89 89 89 89 89 89 89 89 89 89 89 89 89 89 89 89 89 89 89 89 89 89 89 89 89 89 89 48 48 48 48 48 48 ]
Pmax = [ 267 267 267 267 267 267 267 267 267 267 267 267 267 267 267 267 267 267 267 267 267 267 267 267 333 333 333 333 333 333 333 333 333 333 333 333 333 333 333 333 333 333 333 333 333 333 333 333 333 333 333 333 333 333 175 175 175 175 175 175 ]
cf = [ 30.3583 30.3583 30.3583 30.3583 30.3583 30.3583 30.3583 30.3583 30.3583 30.3583 30.3583 30.3583 30.3583 30.3583 30.3583 30.3583 30.3583 30.3583 30.3583 30.3583 30.3583 30.3583 30.3583 30.3583 43.0208 43.0208 43.0208 43.0208 43.0208 43.0208 43.0208 43.0208 43.0208 43.0208 43.0208 43.0208 43.0208 43.0208 43.0208 43.0208 43.0208 43.0208 43.0208 43.0208 43.0208 43.0208 43.0208 43.0208 43.0208 43.0208 43.0208 43.0208 43.0208 43.0208 57.1191 57.1191 57.1191 57.1191 57.1191 57.1191 ]
c0 = [ 183 183 183 183 183 183 183 183 183 183 183 183 183 183 183 183 183 183 183 183 183 183 183 183 246 246 246 246 246 246 246 246 246 246 246 246 246 246 246 246 246 246 246 246 246 246 246 246 246 246 246 246 246 246 141 141 141 141 141 141 ]
cp = [ 23.4209 23.4209 23.4209 23.4209 23.4209 23.4209 23.4209 23.4209 23.4209 23.4209 23.4209 23.4209 23.4209 23.4209 23.4209 23.4209 23.4209 23.4209 23.4209 23.4209 23.4209 23.4209 23.4209 23.4209 18.1485 18.1485 18.1485 18.1485 18.1485 18.1485 18.1485 18.1485 18.1485 18.1485 18.1485 18.1485 18.1485 18.1485 18.1485 18.1485 18.1485 18.1485 18.1485 18.1485 18.1485 18.1485 18.1485 18.1485 18.1485 18.1485 18.1485 18.1485 18.1485 18.1485 31.7178 31.7178 31.7178 31.7178 31.7178 31.7178 ]
D = [ 4003 4988 5944 7024 7577 8901 9714 10912 11515 12382 13388 14571 15086 13936 12356 11399 9726 8947 10222 11714 12791 10574 9177 6596 4704 5560 6787 7581 8475 9166 10294 10896 12181 12892 13877 14414 15213 14263 12895 11658 10442 8734 10529 11843 13416 11074 8534 6334 4428 5619 5908 7141 7971 8863 9402 10731 11163 12113 13139 14090 14436 13724 12501 11124 9657 8506 10187 11983 13510 11082 9028 7033 4760 5165 6158 7307 7851 8531 9661 10249 11317 12230 13099 14269 14662 13556 12146 10985 9891 9037 10045 11439 12241 10169 8212 6448 ]
K = 3
nk = [ 1 1 1 1 1 1 1 1 1 1 1 1 1 1 1 1 1 1 1 1 1 1 1 1 2 2 2 2 2 2 2 2 2 2 2 2 2 2 2 2 2 2 2 2 2 2 2 2 2 2 2 2 2 2 3 3 3 3 3 3 ]
First = [ 1 0 0 0 0 0 0 0 0 0 0 0 0 0 0 0 0 0 0 0 0 0 0 0 1 0 0 0 0 0 0 0 0 0 0 0 0 0 0 0 0 0 0 0 0 0 0 0 0 0 0 0 0 0 1 0 0 0 0 0 ]
Last = [ 0 0 0 0 0 0 0 0 0 0 0 0 0 0 0 0 0 0 0 0 0 0 0 1 0 0 0 0 0 0 0 0 0 0 0 0 0 0 0 0 0 0 0 0 0 0 0 0 0 0 0 0 0 1 0 0 0 0 0 1 ]
nS = 1
S = [ 0 1 2 3 4 5 6 7 8 9 10 11 12 13 14 15 16 17 18 19 20 21 22 23 24 25 26 27 28 29 30 31 32 33 34 35 36 37 38 39 40 41 42 43 44 45 46 47 48 49 50 51 52 53 54 55 56 57 58 59 ]
