n = 60 ; 
T = 96 ; 
Init = [ 1 1 1 1 1 1 1 1 1 1 1 1 1 1 1 1 1 1 1 1 1 1 1 1 1 1 1 1 1 1 1 1 1 1 1 1 1 1 1 1 1 1 1 1 1 1 1 1 1 1 1 1 1 1 1 1 1 1 1 1 ]
L = [ 17 17 17 17 17 17 17 17 17 17 17 17 17 17 17 17 17 17 17 17 17 17 17 17 17 17 17 17 17 17 17 17 17 17 17 17 17 17 17 17 17 17 17 17 17 17 17 17 17 17 17 17 17 17 17 18 18 18 18 18 ]
l = [ 17 17 17 17 17 17 17 17 17 17 17 17 17 17 17 17 17 17 17 17 17 17 17 17 17 17 17 17 17 17 17 17 17 17 17 17 17 17 17 17 17 17 17 17 17 17 17 17 17 17 17 17 17 17 17 18 18 18 18 18 ]
Pmin = [ 90 90 90 90 90 90 90 90 90 90 86 86 86 86 86 86 86 86 86 86 86 86 86 86 86 86 86 86 86 86 86 86 86 86 86 86 86 86 86 86 86 86 86 86 86 86 86 86 86 86 86 86 86 86 86 98 98 98 98 98 ]
Pmax = [ 359 359 359 359 359 359 359 359 359 359 349 349 349 349 349 349 349 349 349 349 349 349 349 349 349 349 349 349 349 349 349 349 349 349 349 349 349 349 349 349 349 349 349 349 349 349 349 349 349 349 349 349 349 349 349 394 394 394 394 394 ]
cf = [ 35.0376 35.0376 35.0376 35.0376 35.0376 35.0376 35.0376 35.0376 35.0376 35.0376 52.1111 52.1111 52.1111 52.1111 52.1111 52.1111 52.1111 52.1111 52.1111 52.1111 52.1111 52.1111 52.1111 52.1111 52.1111 52.1111 52.1111 52.1111 52.1111 52.1111 52.1111 52.1111 52.1111 52.1111 52.1111 52.1111 52.1111 52.1111 52.1111 52.1111 52.1111 52.1111 52.1111 52.1111 52.1111 52.1111 52.1111 52.1111 52.1111 52.1111 52.1111 52.1111 52.1111 52.1111 52.1111 41.3574 41.3574 41.3574 41.3574 41.3574 ]
c0 = [ 237 239 243 247 253 260 269 278 289 300 232 234 238 242 248 255 263 272 283 294 307 321 336 352 369 388 407 428 450 473 498 523 549 577 606 636 667 700 733 768 803 840 878 918 958 1000 1042 1086 1131 1177 1225 1273 1323 1374 1426 251 254 258 263 269 ]
cp = [ 22.7276 22.7276 22.7276 22.7276 22.7276 22.7276 22.7276 22.7276 22.7276 22.7276 13.2164 13.2164 13.2164 13.2164 13.2164 13.2164 13.2164 13.2164 13.2164 13.2164 13.2164 13.2164 13.2164 13.2164 13.2164 13.2164 13.2164 13.2164 13.2164 13.2164 13.2164 13.2164 13.2164 13.2164 13.2164 13.2164 13.2164 13.2164 13.2164 13.2164 13.2164 13.2164 13.2164 13.2164 13.2164 13.2164 13.2164 13.2164 13.2164 13.2164 13.2164 13.2164 13.2164 13.2164 13.2164 21.0217 21.0217 21.0217 21.0217 21.0217 ]
D = [ 5514 5905 6149 6727 7188 8287 8864 9232 9802 10076 10940 11386 11514 12169 13028 13302 13668 13861 14911 15563 15554 16384 17084 17411 17691 16830 16089 16032 14799 14280 13867 12420 11771 11081 10542 11583 12371 13639 14527 16215 17236 15026 14048 12085 10860 9370 8011 5782 4865 5258 5732 5750 6964 7242 7590 8146 8722 9186 9805 10403 11039 11662 12009 12875 13348 13495 14344 15010 14881 15320 16315 17099 16882 16879 16227 15562 15015 14418 13084 13023 12287 11746 11170 11692 12322 12988 14384 15059 15656 14100 12651 11163 9697 8914 6910 5385 ]
K = 3
nk = [ 1 1 1 1 1 1 1 1 1 1 2 2 2 2 2 2 2 2 2 2 2 2 2 2 2 2 2 2 2 2 2 2 2 2 2 2 2 2 2 2 2 2 2 2 2 2 2 2 2 2 2 2 2 2 2 3 3 3 3 3 ]
First = [ 1 0 0 0 0 0 0 0 0 0 1 0 0 0 0 0 0 0 0 0 0 0 0 0 0 0 0 0 0 0 0 0 0 0 0 0 0 0 0 0 0 0 0 0 0 0 0 0 0 0 0 0 0 0 0 1 0 0 0 0 ]
Last = [ 0 0 0 0 0 0 0 0 0 1 0 0 0 0 0 0 0 0 0 0 0 0 0 0 0 0 0 0 0 0 0 0 0 0 0 0 0 0 0 0 0 0 0 0 0 0 0 0 0 0 0 0 0 0 1 0 0 0 0 1 ]
nS = 1
S = [ 0 1 2 3 4 5 6 7 8 9 10 11 12 13 14 15 16 17 18 19 20 21 22 23 24 25 26 27 28 29 30 31 32 33 34 35 36 37 38 39 40 41 42 43 44 45 46 47 48 49 50 51 52 53 54 55 56 57 58 59 ]
