n = 60 ; 
T = 96 ; 
Init = [ 1 1 1 0 0 0 0 0 0 0 0 0 0 0 0 0 0 0 0 0 0 0 0 0 0 0 0 0 0 0 0 0 0 0 0 0 0 0 0 1 1 1 1 1 1 1 1 1 1 1 1 1 1 1 1 1 1 1 1 1 ]
L = [ 9 9 9 9 9 9 9 9 9 9 9 9 9 9 9 9 9 9 2 2 2 2 2 2 2 2 7 7 7 7 7 7 7 7 7 7 7 7 7 8 8 8 8 8 8 8 8 8 8 6 6 6 6 7 7 7 7 7 7 7 ]
l = [ 9 9 9 9 9 9 9 9 9 9 9 9 9 9 9 9 9 9 2 2 2 2 2 2 2 2 7 7 7 7 7 7 7 7 7 7 7 7 7 8 8 8 8 8 8 8 8 8 8 6 6 6 6 7 7 7 7 7 7 7 ]
Pmin = [ 94 94 94 100 100 100 100 100 100 100 100 100 100 100 100 100 100 100 21 21 21 21 21 21 21 21 75 75 75 75 75 75 75 75 75 75 75 75 75 82 82 82 82 82 82 82 82 82 82 68 68 68 68 73 73 73 73 73 73 73 ]
Pmax = [ 388 388 388 402 402 402 402 402 402 402 402 402 402 402 402 402 402 402 52 52 52 52 52 52 52 52 283 283 283 283 283 283 283 283 283 283 283 283 283 328 328 328 328 328 328 328 328 328 328 262 262 262 262 275 275 275 275 293 293 293 ]
cf = [ 67.4459 67.4459 67.4459 68.802 68.802 68.802 68.802 68.802 68.802 68.802 68.802 68.802 68.802 68.802 68.802 68.802 68.802 68.802 15.3983 15.3983 15.3983 15.3983 15.3983 15.3983 15.3983 15.3983 31.8947 31.8947 31.8947 31.8947 31.8947 31.8947 31.8947 31.8947 31.8947 31.8947 31.8947 31.8947 31.8947 30.22 30.22 30.22 30.22 30.22 30.22 30.22 30.22 30.22 30.22 52.5751 52.5751 52.5751 52.5751 43.3334 43.3334 43.3334 43.3334 14.4518 14.4518 14.4518 ]
c0 = [ 250 250 250 250 250 250 250 250 250 250 250 250 250 250 250 250 250 250 71 71 71 71 71 71 71 71 202 202 202 202 202 202 202 202 202 202 202 202 202 222 222 222 222 222 222 222 222 222 222 182 182 182 182 197 197 197 197 192 192 192 ]
cp = [ 15.0634 15.0634 15.0634 8.3383 8.3383 8.3383 8.3383 8.3383 8.3383 8.3383 8.3383 8.3383 8.3383 8.3383 8.3383 8.3383 8.3383 8.3383 41.5921 41.5921 41.5921 41.5921 41.5921 41.5921 41.5921 41.5921 25.0871 25.0871 25.0871 25.0871 25.0871 25.0871 25.0871 25.0871 25.0871 25.0871 25.0871 25.0871 25.0871 21.8653 21.8653 21.8653 21.8653 21.8653 21.8653 21.8653 21.8653 21.8653 21.8653 29.7336 29.7336 29.7336 29.7336 25.8434 25.8434 25.8434 25.8434 29.5855 29.5855 29.5855 ]
D = [ 4195 4972 5633 6404 7386 8108 9336 10382 11075 11838 12489 13880 14582 13387 12185 11101 9896 8861 10633 12063 13457 11021 8535 6413 3706 4511 5698 6994 7564 8624 9301 10399 11086 11913 12806 14064 14644 13858 12042 11131 9613 8591 9749 11877 13188 11382 9102 6781 5038 6145 6497 7518 8200 8939 9622 10456 11668 12541 13153 14283 15141 13303 12008 11249 9564 8623 9501 11358 12630 10584 7997 5967 3545 4825 5323 6409 7222 8627 9575 10308 11577 12539 13665 14284 15040 14197 12576 11195 10335 8528 10265 11858 13138 11125 9085 6929 ]
K = 8
nk = [ 1 1 1 2 2 2 2 2 2 2 2 2 2 2 2 2 2 2 3 3 3 3 3 3 3 3 4 4 4 4 4 4 4 4 4 4 4 4 4 5 5 5 5 5 5 5 5 5 5 6 6 6 6 7 7 7 7 8 8 8 ]
First = [ 1 0 0 1 0 0 0 0 0 0 0 0 0 0 0 0 0 0 1 0 0 0 0 0 0 0 1 0 0 0 0 0 0 0 0 0 0 0 0 1 0 0 0 0 0 0 0 0 0 1 0 0 0 1 0 0 0 1 0 0 ]
Last = [ 0 0 1 0 0 0 0 0 0 0 0 0 0 0 0 0 0 1 0 0 0 0 0 0 0 1 0 0 0 0 0 0 0 0 0 0 0 0 1 0 0 0 0 0 0 0 0 0 1 0 0 0 1 0 0 0 1 0 0 1 ]
nS = 1
S = [ 0 1 2 3 4 5 6 7 8 9 10 11 12 13 14 15 16 17 18 19 20 21 22 23 24 25 26 27 28 29 30 31 32 33 34 35 36 37 38 39 40 41 42 43 44 45 46 47 48 49 50 51 52 53 54 55 56 57 58 59 ]
