n = 60 ; 
T = 96 ; 
Init = [ 0 0 0 0 0 0 0 0 0 0 0 0 0 0 0 0 0 0 0 0 0 0 0 0 0 0 0 0 0 0 0 1 1 1 1 1 1 1 1 1 1 1 1 1 1 1 1 1 1 1 1 1 1 1 1 1 1 1 1 1 ]
L = [ 2 2 2 2 2 2 2 2 2 2 2 2 2 2 2 2 2 2 2 2 2 2 2 2 2 2 2 2 2 4 4 8 8 8 8 8 8 8 8 8 8 8 8 8 8 8 8 8 8 8 8 8 8 8 8 8 8 8 8 8 ]
l = [ 2 2 2 2 2 2 2 2 2 2 2 2 2 2 2 2 2 2 2 2 2 2 2 2 2 2 2 2 2 4 4 8 8 8 8 8 8 8 8 8 8 8 8 8 8 8 8 8 8 8 8 8 8 8 8 8 8 8 8 8 ]
Pmin = [ 24 24 24 24 24 24 24 24 24 24 24 24 24 24 24 24 24 24 24 24 24 24 24 24 24 24 24 24 24 36 36 85 85 85 85 85 85 85 85 85 85 85 85 85 85 85 85 85 85 85 85 85 85 85 85 85 85 85 85 85 ]
Pmax = [ 54 54 54 54 54 54 54 54 54 54 54 54 54 54 54 54 54 54 54 54 54 54 54 54 54 54 54 54 54 115 115 344 344 344 344 344 344 344 344 344 344 344 344 344 344 344 344 344 344 344 344 344 344 344 344 344 344 344 344 344 ]
cf = [ 42.2277 42.2277 42.2277 42.2277 42.2277 42.2277 42.2277 42.2277 42.2277 42.2277 42.2277 42.2277 42.2277 42.2277 42.2277 42.2277 42.2277 42.2277 42.2277 42.2277 42.2277 42.2277 42.2277 42.2277 42.2277 42.2277 42.2277 42.2277 42.2277 28.4559 28.4559 52.458 52.458 52.458 52.458 52.458 52.458 52.458 52.458 52.458 52.458 52.458 52.458 52.458 52.458 52.458 52.458 52.458 52.458 52.458 52.458 52.458 52.458 52.458 52.458 52.458 52.458 52.458 52.458 52.458 ]
c0 = [ 80 80 80 80 80 80 80 80 80 80 80 80 80 80 80 80 80 80 80 80 80 80 80 80 80 80 80 80 80 106 106 232 232 232 232 232 232 232 232 232 232 232 232 232 232 232 232 232 232 232 232 232 232 232 232 232 232 232 232 232 ]
cp = [ 38.5731 38.5731 38.5731 38.5731 38.5731 38.5731 38.5731 38.5731 38.5731 38.5731 38.5731 38.5731 38.5731 38.5731 38.5731 38.5731 38.5731 38.5731 38.5731 38.5731 38.5731 38.5731 38.5731 38.5731 38.5731 38.5731 38.5731 38.5731 38.5731 34.2374 34.2374 20.3288 20.3288 20.3288 20.3288 20.3288 20.3288 20.3288 20.3288 20.3288 20.3288 20.3288 20.3288 20.3288 20.3288 20.3288 20.3288 20.3288 20.3288 20.3288 20.3288 20.3288 20.3288 20.3288 20.3288 20.3288 20.3288 20.3288 20.3288 20.3288 ]
D = [ 2664 3210 3876 4365 5111 5479 6373 6821 7659 8063 8928 9257 9961 9320 8358 7384 6507 5516 6814 8140 9513 8049 6431 5061 3394 3717 4489 4840 5671 5831 6298 6867 7763 8048 8825 9024 9544 8795 8313 7374 7012 5963 7185 7927 9107 7290 5982 4047 2491 3049 3711 4529 4864 5824 6477 6920 7823 8521 8865 9528 10480 9484 8658 7607 6830 6239 7411 8172 9229 7966 6259 4518 2749 3722 4148 4850 5354 5938 6786 7118 8167 8326 9372 9988 10301 9303 8634 7670 6672 5776 6945 7792 9093 7253 5858 4318 ]
K = 3
nk = [ 1 1 1 1 1 1 1 1 1 1 1 1 1 1 1 1 1 1 1 1 1 1 1 1 1 1 1 1 1 2 2 3 3 3 3 3 3 3 3 3 3 3 3 3 3 3 3 3 3 3 3 3 3 3 3 3 3 3 3 3 ]
First = [ 1 0 0 0 0 0 0 0 0 0 0 0 0 0 0 0 0 0 0 0 0 0 0 0 0 0 0 0 0 1 0 1 0 0 0 0 0 0 0 0 0 0 0 0 0 0 0 0 0 0 0 0 0 0 0 0 0 0 0 0 ]
Last = [ 0 0 0 0 0 0 0 0 0 0 0 0 0 0 0 0 0 0 0 0 0 0 0 0 0 0 0 0 1 0 1 0 0 0 0 0 0 0 0 0 0 0 0 0 0 0 0 0 0 0 0 0 0 0 0 0 0 0 0 1 ]
nS = 1
S = [ 0 1 2 3 4 5 6 7 8 9 10 11 12 13 14 15 16 17 18 19 20 21 22 23 24 25 26 27 28 29 30 31 32 33 34 35 36 37 38 39 40 41 42 43 44 45 46 47 48 49 50 51 52 53 54 55 56 57 58 59 ]
