n = 60 ; 
T = 96 ; 
Init = [ 0 1 1 1 1 1 1 1 1 1 1 1 1 1 1 1 1 1 1 1 1 1 1 1 1 1 1 1 1 1 1 1 1 1 1 1 1 1 1 1 1 1 0 0 0 0 0 0 0 0 0 0 0 0 0 0 0 0 0 0 ]
L = [ 6 7 7 7 7 7 7 7 7 7 7 7 7 7 7 7 7 7 7 7 7 7 7 7 7 7 7 7 7 7 3 3 3 3 3 3 3 3 3 3 3 3 3 3 3 3 3 3 3 3 3 3 3 3 3 3 8 8 8 8 ]
l = [ 6 7 7 7 7 7 7 7 7 7 7 7 7 7 7 7 7 7 7 7 7 7 7 7 7 7 7 7 7 7 3 3 3 3 3 3 3 3 3 3 3 3 3 3 3 3 3 3 3 3 3 3 3 3 3 3 8 8 8 8 ]
Pmin = [ 62 73 73 73 73 73 73 73 73 73 73 73 73 73 73 73 73 73 73 73 73 73 73 73 73 73 73 73 73 73 27 27 27 27 27 27 27 27 27 27 27 27 29 29 29 29 29 29 29 29 29 29 29 29 29 29 84 84 84 84 ]
Pmax = [ 252 287 287 287 287 287 287 287 287 287 287 287 287 287 287 287 287 287 287 287 287 287 287 287 287 287 287 287 287 287 80 80 80 80 80 80 80 80 80 80 80 80 81 81 81 81 81 81 81 81 81 81 81 81 81 81 317 317 317 317 ]
cf = [ 21.9067 63.6609 63.6609 63.6609 63.6609 63.6609 63.6609 63.6609 63.6609 63.6609 63.6609 63.6609 63.6609 63.6609 63.6609 63.6609 63.6609 63.6609 63.6609 63.6609 63.6609 63.6609 63.6609 63.6609 63.6609 63.6609 63.6609 63.6609 63.6609 63.6609 13.7393 13.7393 13.7393 13.7393 13.7393 13.7393 13.7393 13.7393 13.7393 13.7393 13.7393 13.7393 41.4914 41.4914 41.4914 41.4914 41.4914 41.4914 41.4914 41.4914 41.4914 41.4914 41.4914 41.4914 41.4914 41.4914 51.1952 51.1952 51.1952 51.1952 ]
c0 = [ 167 193 193 193 193 193 193 193 193 193 193 193 193 193 193 193 193 193 193 193 193 193 193 193 193 193 193 193 193 193 87 87 87 87 87 87 87 87 87 87 87 87 100 100 100 100 100 100 100 100 100 100 100 100 100 100 229 229 229 229 ]
cp = [ 27.5278 20.5399 20.5399 20.5399 20.5399 20.5399 20.5399 20.5399 20.5399 20.5399 20.5399 20.5399 20.5399 20.5399 20.5399 20.5399 20.5399 20.5399 20.5399 20.5399 20.5399 20.5399 20.5399 20.5399 20.5399 20.5399 20.5399 20.5399 20.5399 20.5399 36.1916 36.1916 36.1916 36.1916 36.1916 36.1916 36.1916 36.1916 36.1916 36.1916 36.1916 36.1916 35.0307 35.0307 35.0307 35.0307 35.0307 35.0307 35.0307 35.0307 35.0307 35.0307 35.0307 35.0307 35.0307 35.0307 21.5645 21.5645 21.5645 21.5645 ]
D = [ 2224 3141 3833 4486 5169 5681 6045 6886 7618 8245 8825 9443 10320 9220 8589 7887 6903 5961 6905 7966 8683 6979 5482 3861 2591 3149 3630 4300 4904 5393 6100 7048 7256 8158 8715 9383 9743 9265 8201 7261 6482 5524 6711 7622 8611 7116 5478 3839 2338 3007 3662 4357 4889 5595 6276 6678 7472 8005 8474 9074 9545 8743 8240 7302 6780 6204 7141 8317 9280 7624 6284 4688 3277 4014 4329 5045 5369 5790 6447 7365 7876 8345 8989 9443 9792 9133 8633 7597 6689 5981 7300 8217 9058 7634 6074 4363 ]
K = 5
nk = [ 1 2 2 2 2 2 2 2 2 2 2 2 2 2 2 2 2 2 2 2 2 2 2 2 2 2 2 2 2 2 3 3 3 3 3 3 3 3 3 3 3 3 4 4 4 4 4 4 4 4 4 4 4 4 4 4 5 5 5 5 ]
First = [ 1 1 0 0 0 0 0 0 0 0 0 0 0 0 0 0 0 0 0 0 0 0 0 0 0 0 0 0 0 0 1 0 0 0 0 0 0 0 0 0 0 0 1 0 0 0 0 0 0 0 0 0 0 0 0 0 1 0 0 0 ]
Last = [ 1 0 0 0 0 0 0 0 0 0 0 0 0 0 0 0 0 0 0 0 0 0 0 0 0 0 0 0 0 1 0 0 0 0 0 0 0 0 0 0 0 1 0 0 0 0 0 0 0 0 0 0 0 0 0 1 0 0 0 1 ]
nS = 1
S = [ 0 1 2 3 4 5 6 7 8 9 10 11 12 13 14 15 16 17 18 19 20 21 22 23 24 25 26 27 28 29 30 31 32 33 34 35 36 37 38 39 40 41 42 43 44 45 46 47 48 49 50 51 52 53 54 55 56 57 58 59 ]
