n = 60 ; 
T = 96 ; 
Init = [ 0 0 0 0 0 0 0 0 0 0 0 0 0 0 0 0 0 0 0 0 0 0 0 0 0 0 0 0 0 0 0 0 0 0 0 0 0 0 0 0 0 0 0 0 0 0 0 0 0 0 0 0 0 0 0 0 0 0 0 0 ]
L = [ 15 15 15 15 15 15 15 15 15 15 15 15 15 15 15 15 15 15 15 15 15 15 15 15 15 15 15 15 15 15 15 15 15 15 15 15 15 15 15 15 17 17 17 17 17 17 17 17 17 17 17 17 17 17 17 17 17 17 17 17 ]
l = [ 15 15 15 15 15 15 15 15 15 15 15 15 15 15 15 15 15 15 15 15 15 15 15 15 15 15 15 15 15 15 15 15 15 15 15 15 15 15 15 15 17 17 17 17 17 17 17 17 17 17 17 17 17 17 17 17 17 17 17 17 ]
Pmin = [ 80 80 80 80 80 80 80 80 80 80 80 80 80 80 80 80 80 80 80 80 80 80 80 80 80 80 80 80 80 80 80 80 80 80 80 80 80 80 80 80 90 90 90 90 90 90 90 90 90 90 90 90 90 90 90 90 90 90 90 90 ]
Pmax = [ 313 313 313 313 313 313 313 313 313 313 313 313 313 313 313 313 313 313 313 313 313 313 313 313 313 313 313 313 313 313 313 313 313 313 313 313 313 313 313 313 353 353 353 353 353 353 353 353 353 353 353 353 353 353 353 353 353 353 353 353 ]
cf = [ 49.2414 49.2414 49.2414 49.2414 49.2414 49.2414 49.2414 49.2414 49.2414 49.2414 49.2414 49.2414 49.2414 49.2414 49.2414 49.2414 49.2414 49.2414 49.2414 49.2414 49.2414 49.2414 49.2414 49.2414 49.2414 49.2414 49.2414 49.2414 49.2414 49.2414 49.2414 49.2414 49.2414 49.2414 49.2414 49.2414 49.2414 49.2414 49.2414 49.2414 42.138 42.138 42.138 42.138 42.138 42.138 42.138 42.138 42.138 42.138 42.138 42.138 42.138 42.138 42.138 42.138 42.138 42.138 42.138 42.138 ]
c0 = [ 214 216 219 223 229 235 242 251 261 271 283 296 309 324 340 357 375 395 415 436 458 482 506 532 558 586 615 644 675 707 740 774 809 846 883 921 960 1001 1042 1085 240 242 246 251 257 264 272 282 293 305 318 332 348 364 382 401 422 443 466 490 ]
cp = [ 24.0284 24.0284 24.0284 24.0284 24.0284 24.0284 24.0284 24.0284 24.0284 24.0284 24.0284 24.0284 24.0284 24.0284 24.0284 24.0284 24.0284 24.0284 24.0284 24.0284 24.0284 24.0284 24.0284 24.0284 24.0284 24.0284 24.0284 24.0284 24.0284 24.0284 24.0284 24.0284 24.0284 24.0284 24.0284 24.0284 24.0284 24.0284 24.0284 24.0284 18.0685 18.0685 18.0685 18.0685 18.0685 18.0685 18.0685 18.0685 18.0685 18.0685 18.0685 18.0685 18.0685 18.0685 18.0685 18.0685 18.0685 18.0685 18.0685 18.0685 ]
D = [ 5729 6164 6583 7199 7553 8299 8388 8402 9479 9427 9791 10617 11005 11103 11883 12371 13096 13203 13560 14409 14265 14583 15365 15663 15942 15350 14821 14749 13844 13224 12959 11640 11017 10732 10374 10882 11337 11845 12713 13023 13824 12875 11832 10057 9552 8067 7125 6124 4580 5214 5520 6114 6828 6887 7185 7887 8288 8660 9347 10072 10694 10499 11071 11595 12443 12718 13436 13688 14054 14916 15013 15813 16084 15171 14927 14166 13015 13072 12303 11257 10693 9757 9615 9970 10864 12010 12593 13416 14460 13397 11828 11161 9430 8743 7344 6772 ]
K = 2
nk = [ 1 1 1 1 1 1 1 1 1 1 1 1 1 1 1 1 1 1 1 1 1 1 1 1 1 1 1 1 1 1 1 1 1 1 1 1 1 1 1 1 2 2 2 2 2 2 2 2 2 2 2 2 2 2 2 2 2 2 2 2 ]
First = [ 1 0 0 0 0 0 0 0 0 0 0 0 0 0 0 0 0 0 0 0 0 0 0 0 0 0 0 0 0 0 0 0 0 0 0 0 0 0 0 0 1 0 0 0 0 0 0 0 0 0 0 0 0 0 0 0 0 0 0 0 ]
Last = [ 0 0 0 0 0 0 0 0 0 0 0 0 0 0 0 0 0 0 0 0 0 0 0 0 0 0 0 0 0 0 0 0 0 0 0 0 0 0 0 1 0 0 0 0 0 0 0 0 0 0 0 0 0 0 0 0 0 0 0 1 ]
nS = 1
S = [ 0 1 2 3 4 5 6 7 8 9 10 11 12 13 14 15 16 17 18 19 20 21 22 23 24 25 26 27 28 29 30 31 32 33 34 35 36 37 38 39 40 41 42 43 44 45 46 47 48 49 50 51 52 53 54 55 56 57 58 59 ]
