n = 60 ; 
T = 96 ; 
Init = [ 1 1 1 1 1 1 1 1 1 1 1 1 1 1 1 1 1 1 1 1 1 1 1 1 1 1 1 1 1 1 1 1 1 1 1 1 1 1 1 1 1 1 1 1 1 1 1 1 1 1 1 1 1 1 1 1 1 1 1 1 ]
L = [ 12 12 12 12 12 12 12 12 12 12 12 12 12 12 12 12 12 12 12 12 12 12 12 12 12 12 12 12 12 12 12 12 12 12 12 12 12 12 12 12 12 12 12 12 12 12 12 12 12 12 12 12 14 14 14 14 14 14 14 14 ]
l = [ 12 12 12 12 12 12 12 12 12 12 12 12 12 12 12 12 12 12 12 12 12 12 12 12 12 12 12 12 12 12 12 12 12 12 12 12 12 12 12 12 12 12 12 12 12 12 12 12 12 12 12 12 14 14 14 14 14 14 14 14 ]
Pmin = [ 61 61 61 61 61 61 61 61 61 61 61 61 61 61 61 61 61 61 61 61 61 61 61 61 61 61 61 61 61 61 61 61 61 61 61 61 61 61 61 61 61 61 61 61 61 61 61 61 61 61 61 61 76 76 76 76 76 76 76 76 ]
Pmax = [ 213 213 213 213 213 213 213 213 213 213 213 213 213 213 213 213 213 213 213 213 213 213 213 213 213 213 213 213 213 213 213 213 213 213 213 213 213 213 213 213 213 213 213 213 213 213 213 213 213 213 213 213 301 301 301 301 301 301 301 301 ]
cf = [ 30.8345 30.8345 30.8345 30.8345 30.8345 30.8345 30.8345 30.8345 30.8345 30.8345 30.8345 30.8345 30.8345 30.8345 30.8345 30.8345 30.8345 30.8345 30.8345 30.8345 30.8345 30.8345 30.8345 30.8345 30.8345 30.8345 30.8345 30.8345 30.8345 30.8345 30.8345 30.8345 30.8345 30.8345 30.8345 30.8345 30.8345 30.8345 30.8345 30.8345 30.8345 30.8345 30.8345 30.8345 30.8345 30.8345 30.8345 30.8345 30.8345 30.8345 30.8345 30.8345 20.0441 20.0441 20.0441 20.0441 20.0441 20.0441 20.0441 20.0441 ]
c0 = [ 169 170 173 176 180 185 191 198 206 214 223 233 244 256 268 282 296 311 327 344 362 380 399 419 440 462 485 508 533 558 584 611 638 667 696 726 757 789 822 856 890 925 961 998 1036 1075 1114 1154 1195 1237 1280 1324 215 217 220 225 230 236 244 253 ]
cp = [ 37.442 37.442 37.442 37.442 37.442 37.442 37.442 37.442 37.442 37.442 37.442 37.442 37.442 37.442 37.442 37.442 37.442 37.442 37.442 37.442 37.442 37.442 37.442 37.442 37.442 37.442 37.442 37.442 37.442 37.442 37.442 37.442 37.442 37.442 37.442 37.442 37.442 37.442 37.442 37.442 37.442 37.442 37.442 37.442 37.442 37.442 37.442 37.442 37.442 37.442 37.442 37.442 18.8777 18.8777 18.8777 18.8777 18.8777 18.8777 18.8777 18.8777 ]
D = [ 3175 3655 4126 4261 4474 5095 5025 5579 5956 6201 6251 6706 7371 7352 7853 7997 8504 8724 8869 9097 9663 9933 10030 10711 10745 10207 9904 9580 9090 8637 8210 7822 7538 6733 6709 7438 8055 8762 9195 9878 10521 9621 8839 7686 6996 5866 5086 4053 3234 3379 3933 4319 4593 4716 5045 5838 5967 6340 6741 7038 7280 7732 7967 8238 8445 9224 9459 9698 10089 10642 10585 11317 11483 11079 10738 10105 9519 9146 8999 8556 7983 7504 7101 7380 8143 8646 8833 9379 9909 9390 8586 7712 6760 5845 4896 4343 ]
K = 2
nk = [ 1 1 1 1 1 1 1 1 1 1 1 1 1 1 1 1 1 1 1 1 1 1 1 1 1 1 1 1 1 1 1 1 1 1 1 1 1 1 1 1 1 1 1 1 1 1 1 1 1 1 1 1 2 2 2 2 2 2 2 2 ]
First = [ 1 0 0 0 0 0 0 0 0 0 0 0 0 0 0 0 0 0 0 0 0 0 0 0 0 0 0 0 0 0 0 0 0 0 0 0 0 0 0 0 0 0 0 0 0 0 0 0 0 0 0 0 1 0 0 0 0 0 0 0 ]
Last = [ 0 0 0 0 0 0 0 0 0 0 0 0 0 0 0 0 0 0 0 0 0 0 0 0 0 0 0 0 0 0 0 0 0 0 0 0 0 0 0 0 0 0 0 0 0 0 0 0 0 0 0 1 0 0 0 0 0 0 0 1 ]
nS = 1
S = [ 0 1 2 3 4 5 6 7 8 9 10 11 12 13 14 15 16 17 18 19 20 21 22 23 24 25 26 27 28 29 30 31 32 33 34 35 36 37 38 39 40 41 42 43 44 45 46 47 48 49 50 51 52 53 54 55 56 57 58 59 ]
