n = 60 ; 
T = 96 ; 
Init = [ 1 1 1 1 1 1 1 1 1 1 1 1 1 1 1 1 1 1 0 0 0 0 0 0 0 0 0 0 0 0 0 1 1 1 1 1 1 1 1 1 1 1 1 1 1 1 1 1 1 1 1 1 1 1 1 1 1 1 1 1 ]
L = [ 3 3 3 3 3 3 3 3 3 3 3 3 3 3 3 3 3 3 4 4 4 4 4 4 4 4 4 4 4 4 4 6 6 6 6 6 6 6 6 6 6 6 4 4 4 4 4 4 4 4 4 4 4 8 8 8 8 8 8 8 ]
l = [ 3 3 3 3 3 3 3 3 3 3 3 3 3 3 3 3 3 3 4 4 4 4 4 4 4 4 4 4 4 4 4 6 6 6 6 6 6 6 6 6 6 6 4 4 4 4 4 4 4 4 4 4 4 8 8 8 8 8 8 8 ]
Pmin = [ 17 17 17 17 17 17 17 17 17 17 17 17 17 17 17 17 17 17 39 39 39 39 39 39 39 39 39 39 39 39 39 66 66 66 66 66 66 66 66 66 66 66 49 49 49 49 49 49 49 49 49 49 49 84 84 84 84 84 84 84 ]
Pmax = [ 52 52 52 52 52 52 52 52 52 52 52 52 52 52 52 52 52 52 137 137 137 137 137 137 137 137 137 137 137 137 137 268 268 268 268 268 268 268 268 268 268 268 172 172 172 172 172 172 172 172 172 172 172 326 326 326 326 326 326 326 ]
cf = [ 18.4233 18.4233 18.4233 18.4233 18.4233 18.4233 18.4233 18.4233 18.4233 18.4233 18.4233 18.4233 18.4233 18.4233 18.4233 18.4233 18.4233 18.4233 45.4078 45.4078 45.4078 45.4078 45.4078 45.4078 45.4078 45.4078 45.4078 45.4078 45.4078 45.4078 45.4078 13.4192 13.4192 13.4192 13.4192 13.4192 13.4192 13.4192 13.4192 13.4192 13.4192 13.4192 37.9944 37.9944 37.9944 37.9944 37.9944 37.9944 37.9944 37.9944 37.9944 37.9944 37.9944 26.6683 26.6683 26.6683 26.6683 26.6683 26.6683 26.6683 ]
c0 = [ 68 68 68 68 68 68 68 68 68 68 68 68 68 68 68 68 68 68 121 121 121 121 121 121 121 121 121 121 121 121 121 177 177 177 177 177 177 177 177 177 177 177 139 139 139 139 139 139 139 139 139 139 139 226 226 226 226 226 226 226 ]
cp = [ 32.0842 32.0842 32.0842 32.0842 32.0842 32.0842 32.0842 32.0842 32.0842 32.0842 32.0842 32.0842 32.0842 32.0842 32.0842 32.0842 32.0842 32.0842 30.615 30.615 30.615 30.615 30.615 30.615 30.615 30.615 30.615 30.615 30.615 30.615 30.615 23.7735 23.7735 23.7735 23.7735 23.7735 23.7735 23.7735 23.7735 23.7735 23.7735 23.7735 23.5429 23.5429 23.5429 23.5429 23.5429 23.5429 23.5429 23.5429 23.5429 23.5429 23.5429 15.3498 15.3498 15.3498 15.3498 15.3498 15.3498 15.3498 ]
D = [ 2599 3284 3806 3942 4449 5251 5552 5990 6536 6881 7314 7875 8400 7755 6849 6338 5422 4886 5363 6298 6742 6067 4808 3921 3051 3210 3807 4228 4428 5073 5520 6040 6111 6515 7100 7429 7784 7402 6726 6109 5540 4681 5682 6324 7064 5863 4600 3615 2276 2576 3362 3960 4435 4828 5600 5906 6325 7197 7547 7951 8594 7983 7057 6683 5630 5108 6041 6792 7727 6680 5156 3927 2730 3265 3722 4324 4711 5225 5761 6393 6744 7045 7555 8237 8741 7808 7287 6203 5460 4893 5672 6932 7784 6556 5205 4081 ]
K = 5
nk = [ 1 1 1 1 1 1 1 1 1 1 1 1 1 1 1 1 1 1 2 2 2 2 2 2 2 2 2 2 2 2 2 3 3 3 3 3 3 3 3 3 3 3 4 4 4 4 4 4 4 4 4 4 4 5 5 5 5 5 5 5 ]
First = [ 1 0 0 0 0 0 0 0 0 0 0 0 0 0 0 0 0 0 1 0 0 0 0 0 0 0 0 0 0 0 0 1 0 0 0 0 0 0 0 0 0 0 1 0 0 0 0 0 0 0 0 0 0 1 0 0 0 0 0 0 ]
Last = [ 0 0 0 0 0 0 0 0 0 0 0 0 0 0 0 0 0 1 0 0 0 0 0 0 0 0 0 0 0 0 1 0 0 0 0 0 0 0 0 0 0 1 0 0 0 0 0 0 0 0 0 0 1 0 0 0 0 0 0 1 ]
nS = 1
S = [ 0 1 2 3 4 5 6 7 8 9 10 11 12 13 14 15 16 17 18 19 20 21 22 23 24 25 26 27 28 29 30 31 32 33 34 35 36 37 38 39 40 41 42 43 44 45 46 47 48 49 50 51 52 53 54 55 56 57 58 59 ]
