n = 60 ; 
T = 96 ; 
Init = [ 1 1 1 1 1 1 1 1 1 0 0 0 0 0 0 0 0 0 0 0 0 0 0 0 0 0 0 0 0 0 0 0 0 0 0 0 0 0 0 0 0 0 0 1 1 1 1 1 1 1 1 1 1 1 1 1 1 0 0 0 ]
L = [ 3 3 3 3 3 3 3 3 3 8 8 8 8 8 8 8 8 8 8 8 8 8 5 5 5 5 5 5 5 5 2 2 2 2 2 2 2 2 2 2 2 2 2 7 7 7 7 7 7 7 7 7 7 7 7 7 7 7 7 7 ]
l = [ 3 3 3 3 3 3 3 3 3 8 8 8 8 8 8 8 8 8 8 8 8 8 5 5 5 5 5 5 5 5 2 2 2 2 2 2 2 2 2 2 2 2 2 7 7 7 7 7 7 7 7 7 7 7 7 7 7 7 7 7 ]
Pmin = [ 30 30 30 30 30 30 30 30 30 86 86 86 86 86 86 86 86 86 86 86 86 86 50 50 50 50 50 50 50 50 21 21 21 21 21 21 21 21 21 21 21 21 21 80 80 80 80 80 80 80 80 80 80 80 80 80 80 73 73 73 ]
Pmax = [ 91 91 91 91 91 91 91 91 91 355 355 355 355 355 355 355 355 355 355 355 355 355 167 167 167 167 167 167 167 167 45 45 45 45 45 45 45 45 45 45 45 45 45 296 296 296 296 296 296 296 296 296 296 296 296 296 296 280 280 280 ]
cf = [ 56.4108 56.4108 56.4108 56.4108 56.4108 56.4108 56.4108 56.4108 56.4108 24.5314 24.5314 24.5314 24.5314 24.5314 24.5314 24.5314 24.5314 24.5314 24.5314 24.5314 24.5314 24.5314 28.7514 28.7514 28.7514 28.7514 28.7514 28.7514 28.7514 28.7514 47.3271 47.3271 47.3271 47.3271 47.3271 47.3271 47.3271 47.3271 47.3271 47.3271 47.3271 47.3271 47.3271 52.6466 52.6466 52.6466 52.6466 52.6466 52.6466 52.6466 52.6466 52.6466 52.6466 52.6466 52.6466 52.6466 52.6466 32.6432 32.6432 32.6432 ]
c0 = [ 104 104 104 104 104 104 104 104 104 237 237 237 237 237 237 237 237 237 237 237 237 237 146 146 146 146 146 146 146 146 80 80 80 80 80 80 80 80 80 80 80 80 80 217 217 217 217 217 217 217 217 217 217 217 217 217 217 201 201 201 ]
cp = [ 39.5757 39.5757 39.5757 39.5757 39.5757 39.5757 39.5757 39.5757 39.5757 14.3317 14.3317 14.3317 14.3317 14.3317 14.3317 14.3317 14.3317 14.3317 14.3317 14.3317 14.3317 14.3317 27.445 27.445 27.445 27.445 27.445 27.445 27.445 27.445 37.8144 37.8144 37.8144 37.8144 37.8144 37.8144 37.8144 37.8144 37.8144 37.8144 37.8144 37.8144 37.8144 19.1067 19.1067 19.1067 19.1067 19.1067 19.1067 19.1067 19.1067 19.1067 19.1067 19.1067 19.1067 19.1067 19.1067 12.094 12.094 12.094 ]
D = [ 3361 4036 4359 5305 5842 6666 7120 7573 8284 9081 9651 10359 11146 9759 8980 7846 6778 6049 6990 8167 9464 7557 6342 4975 3269 3885 4609 5478 5783 6325 7096 7591 8446 9036 9607 10132 10656 9693 8762 7764 7001 5915 7086 8336 9865 8203 6247 4396 2838 3543 4367 4862 5674 6257 6934 7178 7916 8471 9448 10159 10669 9487 8531 7990 6868 5907 7172 8027 9537 7607 6040 4868 2878 3626 4604 5001 5443 6279 6853 7736 8120 8796 9288 10084 10608 10056 8622 7784 6721 6177 7312 8383 9633 7692 6340 4909 ]
K = 6
nk = [ 1 1 1 1 1 1 1 1 1 2 2 2 2 2 2 2 2 2 2 2 2 2 3 3 3 3 3 3 3 3 4 4 4 4 4 4 4 4 4 4 4 4 4 5 5 5 5 5 5 5 5 5 5 5 5 5 5 6 6 6 ]
First = [ 1 0 0 0 0 0 0 0 0 1 0 0 0 0 0 0 0 0 0 0 0 0 1 0 0 0 0 0 0 0 1 0 0 0 0 0 0 0 0 0 0 0 0 1 0 0 0 0 0 0 0 0 0 0 0 0 0 1 0 0 ]
Last = [ 0 0 0 0 0 0 0 0 1 0 0 0 0 0 0 0 0 0 0 0 0 1 0 0 0 0 0 0 0 1 0 0 0 0 0 0 0 0 0 0 0 0 1 0 0 0 0 0 0 0 0 0 0 0 0 0 1 0 0 1 ]
nS = 1
S = [ 0 1 2 3 4 5 6 7 8 9 10 11 12 13 14 15 16 17 18 19 20 21 22 23 24 25 26 27 28 29 30 31 32 33 34 35 36 37 38 39 40 41 42 43 44 45 46 47 48 49 50 51 52 53 54 55 56 57 58 59 ]
