n = 60 ; 
T = 96 ; 
Init = [ 0 0 0 0 0 0 0 0 1 1 1 1 1 1 1 1 1 1 1 1 0 0 0 0 0 0 0 0 0 0 0 0 0 0 0 0 0 0 1 1 1 1 1 0 0 0 0 1 1 1 1 1 1 1 1 1 1 1 1 1 ]
L = [ 8 8 8 8 8 8 8 8 10 10 10 10 10 10 10 10 10 10 10 10 6 6 6 6 6 6 6 6 6 6 6 6 6 6 6 6 6 6 9 9 9 9 9 3 3 3 3 10 10 10 10 10 10 10 10 10 10 10 10 10 ]
l = [ 8 8 8 8 8 8 8 8 10 10 10 10 10 10 10 10 10 10 10 10 6 6 6 6 6 6 6 6 6 6 6 6 6 6 6 6 6 6 9 9 9 9 9 3 3 3 3 10 10 10 10 10 10 10 10 10 10 10 10 10 ]
Pmin = [ 94 94 94 94 94 94 94 94 100 100 100 100 100 100 100 100 100 100 100 100 60 60 60 60 60 60 60 60 60 60 60 60 60 60 60 60 60 60 95 95 95 95 95 27 27 27 27 100 100 100 100 100 100 100 100 100 100 100 100 100 ]
Pmax = [ 378 378 378 378 378 378 378 378 408 408 408 408 408 408 408 408 408 408 408 408 210 210 210 210 210 210 210 210 210 210 210 210 210 210 210 210 210 210 381 381 381 381 381 93 93 93 93 420 420 420 420 420 420 420 420 420 420 420 420 420 ]
cf = [ 17.0005 17.0005 17.0005 17.0005 17.0005 17.0005 17.0005 17.0005 49.0713 49.0713 49.0713 49.0713 49.0713 49.0713 49.0713 49.0713 49.0713 49.0713 49.0713 49.0713 52.2237 52.2237 52.2237 52.2237 52.2237 52.2237 52.2237 52.2237 52.2237 52.2237 52.2237 52.2237 52.2237 52.2237 52.2237 52.2237 52.2237 52.2237 68.2784 68.2784 68.2784 68.2784 68.2784 38.4069 38.4069 38.4069 38.4069 31.9402 31.9402 31.9402 31.9402 31.9402 31.9402 31.9402 31.9402 31.9402 31.9402 31.9402 31.9402 31.9402 ]
c0 = [ 238 238 238 238 238 238 238 238 250 250 250 250 250 250 250 250 250 250 250 250 174 174 174 174 174 174 174 174 174 174 174 174 174 174 174 174 174 174 250 250 250 250 250 79 79 79 79 250 250 250 250 250 250 250 250 250 250 250 250 250 ]
cp = [ 15.1202 15.1202 15.1202 15.1202 15.1202 15.1202 15.1202 15.1202 11.7126 11.7126 11.7126 11.7126 11.7126 11.7126 11.7126 11.7126 11.7126 11.7126 11.7126 11.7126 19.5696 19.5696 19.5696 19.5696 19.5696 19.5696 19.5696 19.5696 19.5696 19.5696 19.5696 19.5696 19.5696 19.5696 19.5696 19.5696 19.5696 19.5696 14.0125 14.0125 14.0125 14.0125 14.0125 34.297 34.297 34.297 34.297 15.8013 15.8013 15.8013 15.8013 15.8013 15.8013 15.8013 15.8013 15.8013 15.8013 15.8013 15.8013 15.8013 ]
D = [ 3850 5367 6095 7083 8430 8977 9750 11294 11828 13301 13690 14879 16025 14573 13401 12745 11200 10264 11798 13183 14696 12569 9876 7458 5384 6106 6877 7825 8296 9853 10391 11206 12557 12882 14029 15097 15608 14944 13378 12328 10849 9762 11678 12999 14609 11904 9508 7553 5361 6353 6615 7953 8837 9947 10877 11662 12431 14076 14555 15548 16684 15033 14116 12635 11338 9736 11443 12948 13773 11804 9923 7617 5811 6426 7037 8388 9072 10049 10535 11356 12291 13367 13984 14815 16176 14661 13504 12409 10547 9256 10991 12431 14228 11378 9107 6385 ]
K = 6
nk = [ 1 1 1 1 1 1 1 1 2 2 2 2 2 2 2 2 2 2 2 2 3 3 3 3 3 3 3 3 3 3 3 3 3 3 3 3 3 3 4 4 4 4 4 5 5 5 5 6 6 6 6 6 6 6 6 6 6 6 6 6 ]
First = [ 1 0 0 0 0 0 0 0 1 0 0 0 0 0 0 0 0 0 0 0 1 0 0 0 0 0 0 0 0 0 0 0 0 0 0 0 0 0 1 0 0 0 0 1 0 0 0 1 0 0 0 0 0 0 0 0 0 0 0 0 ]
Last = [ 0 0 0 0 0 0 0 1 0 0 0 0 0 0 0 0 0 0 0 1 0 0 0 0 0 0 0 0 0 0 0 0 0 0 0 0 0 1 0 0 0 0 1 0 0 0 1 0 0 0 0 0 0 0 0 0 0 0 0 1 ]
nS = 1
S = [ 0 1 2 3 4 5 6 7 8 9 10 11 12 13 14 15 16 17 18 19 20 21 22 23 24 25 26 27 28 29 30 31 32 33 34 35 36 37 38 39 40 41 42 43 44 45 46 47 48 49 50 51 52 53 54 55 56 57 58 59 ]
