n = 60 ; 
T = 96 ; 
Init = [ 1 1 1 1 1 1 1 1 1 1 1 1 1 1 1 1 1 1 1 1 1 1 1 1 1 1 1 1 1 1 1 1 1 1 1 1 1 1 1 1 1 1 1 1 1 1 1 1 1 1 1 1 1 1 1 1 1 1 1 1 ]
L = [ 18 18 18 18 18 18 18 18 18 18 18 18 18 18 18 18 18 18 18 18 18 18 18 18 18 18 18 18 18 18 18 18 16 16 16 16 16 16 16 16 16 16 16 16 16 16 16 16 16 16 16 16 16 16 16 16 16 16 16 16 ]
l = [ 18 18 18 18 18 18 18 18 18 18 18 18 18 18 18 18 18 18 18 18 18 18 18 18 18 18 18 18 18 18 18 18 16 16 16 16 16 16 16 16 16 16 16 16 16 16 16 16 16 16 16 16 16 16 16 16 16 16 16 16 ]
Pmin = [ 98 98 98 98 98 98 98 98 98 98 98 98 98 98 98 98 98 98 98 98 98 98 98 98 98 98 98 98 98 98 98 98 84 84 84 84 84 84 84 84 84 84 84 84 84 84 84 84 84 84 84 84 84 84 84 84 84 84 84 84 ]
Pmax = [ 376 376 376 376 376 376 376 376 376 376 376 376 376 376 376 376 376 376 376 376 376 376 376 376 376 376 376 376 376 376 376 376 334 334 334 334 334 334 334 334 334 334 334 334 334 334 334 334 334 334 334 334 334 334 334 334 334 334 334 334 ]
cf = [ 17.1675 17.1675 17.1675 17.1675 17.1675 17.1675 17.1675 17.1675 17.1675 17.1675 17.1675 17.1675 17.1675 17.1675 17.1675 17.1675 17.1675 17.1675 17.1675 17.1675 17.1675 17.1675 17.1675 17.1675 17.1675 17.1675 17.1675 17.1675 17.1675 17.1675 17.1675 17.1675 23.7298 23.7298 23.7298 23.7298 23.7298 23.7298 23.7298 23.7298 23.7298 23.7298 23.7298 23.7298 23.7298 23.7298 23.7298 23.7298 23.7298 23.7298 23.7298 23.7298 23.7298 23.7298 23.7298 23.7298 23.7298 23.7298 23.7298 23.7298 ]
c0 = [ 251 254 258 263 269 276 285 295 306 319 333 348 364 381 400 420 441 464 488 513 539 566 595 625 656 689 723 758 794 831 870 910 222 224 227 232 237 244 252 260 270 281 294 307 321 337 353 371 390 409 430 452 476 500 525 552 579 608 638 669 ]
cp = [ 13.1804 13.1804 13.1804 13.1804 13.1804 13.1804 13.1804 13.1804 13.1804 13.1804 13.1804 13.1804 13.1804 13.1804 13.1804 13.1804 13.1804 13.1804 13.1804 13.1804 13.1804 13.1804 13.1804 13.1804 13.1804 13.1804 13.1804 13.1804 13.1804 13.1804 13.1804 13.1804 15.0576 15.0576 15.0576 15.0576 15.0576 15.0576 15.0576 15.0576 15.0576 15.0576 15.0576 15.0576 15.0576 15.0576 15.0576 15.0576 15.0576 15.0576 15.0576 15.0576 15.0576 15.0576 15.0576 15.0576 15.0576 15.0576 15.0576 15.0576 ]
D = [ 6068 6829 6678 7245 8124 8223 9020 9306 9562 10249 10636 11194 11745 11899 12879 13507 13973 14280 14433 15100 15222 15581 16603 16509 17362 16509 16448 15292 14719 13792 13813 13258 12624 12027 10716 11940 12419 13738 13925 15048 15731 14440 13402 11916 10312 8931 7606 6000 4098 5385 6046 6138 7133 7264 8263 8956 8877 9947 10632 10580 11820 12054 12517 13401 13858 14625 15373 15972 16278 16975 17403 17762 18566 18255 17083 16260 15121 14352 14069 12659 11731 11519 10466 10820 11880 12968 14280 14671 15383 14526 12866 11964 9894 8963 7499 6151 ]
K = 2
nk = [ 1 1 1 1 1 1 1 1 1 1 1 1 1 1 1 1 1 1 1 1 1 1 1 1 1 1 1 1 1 1 1 1 2 2 2 2 2 2 2 2 2 2 2 2 2 2 2 2 2 2 2 2 2 2 2 2 2 2 2 2 ]
First = [ 1 0 0 0 0 0 0 0 0 0 0 0 0 0 0 0 0 0 0 0 0 0 0 0 0 0 0 0 0 0 0 0 1 0 0 0 0 0 0 0 0 0 0 0 0 0 0 0 0 0 0 0 0 0 0 0 0 0 0 0 ]
Last = [ 0 0 0 0 0 0 0 0 0 0 0 0 0 0 0 0 0 0 0 0 0 0 0 0 0 0 0 0 0 0 0 1 0 0 0 0 0 0 0 0 0 0 0 0 0 0 0 0 0 0 0 0 0 0 0 0 0 0 0 1 ]
nS = 1
S = [ 0 1 2 3 4 5 6 7 8 9 10 11 12 13 14 15 16 17 18 19 20 21 22 23 24 25 26 27 28 29 30 31 32 33 34 35 36 37 38 39 40 41 42 43 44 45 46 47 48 49 50 51 52 53 54 55 56 57 58 59 ]
