n = 80 ; 
T = 48 ; 
Init = [ 1 1 1 1 1 1 1 1 1 1 1 1 1 1 1 0 0 0 0 0 0 0 0 0 0 0 0 0 0 0 0 0 0 0 0 0 0 0 0 0 0 0 0 0 0 0 0 0 0 0 0 0 0 0 0 0 0 1 1 1 1 1 1 1 1 1 1 1 1 0 0 0 0 0 0 0 0 0 0 0 ]
L = [ 6 6 6 6 6 6 6 6 6 6 6 6 6 6 7 9 9 9 9 9 9 9 9 6 6 6 6 6 6 6 6 6 6 6 6 6 6 6 6 2 2 2 2 2 2 2 2 2 2 2 2 2 2 2 2 2 2 4 4 4 4 4 4 4 4 4 4 4 4 5 5 5 5 5 5 5 5 5 5 5 ]
l = [ 6 6 6 6 6 6 6 6 6 6 6 6 6 6 7 9 9 9 9 9 9 9 9 6 6 6 6 6 6 6 6 6 6 6 6 6 6 6 6 2 2 2 2 2 2 2 2 2 2 2 2 2 2 2 2 2 2 4 4 4 4 4 4 4 4 4 4 4 4 5 5 5 5 5 5 5 5 5 5 5 ]
Pmin = [ 73 73 73 73 73 73 73 73 73 73 73 73 73 73 75 100 100 100 100 100 100 100 100 54 54 54 54 54 54 54 54 54 54 54 54 54 54 54 54 26 26 26 26 26 26 26 26 26 26 26 26 26 26 26 26 26 26 35 35 35 35 35 35 35 35 35 35 35 35 48 48 48 48 48 48 48 48 48 48 48 ]
Pmax = [ 265 265 265 265 265 265 265 265 265 265 265 265 265 265 304 412 412 412 412 412 412 412 412 211 211 211 211 211 211 211 211 211 211 211 211 211 211 211 211 59 59 59 59 59 59 59 59 59 59 59 59 59 59 59 59 59 59 115 115 115 115 115 115 115 115 115 115 115 115 176 176 176 176 176 176 176 176 176 176 176 ]
cf = [ 66.1978 66.1978 66.1978 66.1978 66.1978 66.1978 66.1978 66.1978 66.1978 66.1978 66.1978 66.1978 66.1978 66.1978 12.2525 20.0594 20.0594 20.0594 20.0594 20.0594 20.0594 20.0594 20.0594 66.9675 66.9675 66.9675 66.9675 66.9675 66.9675 66.9675 66.9675 66.9675 66.9675 66.9675 66.9675 66.9675 66.9675 66.9675 66.9675 24.7884 24.7884 24.7884 24.7884 24.7884 24.7884 24.7884 24.7884 24.7884 24.7884 24.7884 24.7884 24.7884 24.7884 24.7884 24.7884 24.7884 24.7884 41.9284 41.9284 41.9284 41.9284 41.9284 41.9284 41.9284 41.9284 41.9284 41.9284 41.9284 41.9284 66.4089 66.4089 66.4089 66.4089 66.4089 66.4089 66.4089 66.4089 66.4089 66.4089 66.4089 ]
c0 = [ 194 194 194 194 194 194 194 194 194 194 194 194 194 194 210 250 250 250 250 250 250 250 250 158 158 158 158 158 158 158 158 158 158 158 158 158 158 158 158 89 89 89 89 89 89 89 89 89 89 89 89 89 89 89 89 89 89 107 107 107 107 107 107 107 107 107 107 107 107 134 134 134 134 134 134 134 134 134 134 134 ]
cp = [ 28.6794 28.6794 28.6794 28.6794 28.6794 28.6794 28.6794 28.6794 28.6794 28.6794 28.6794 28.6794 28.6794 28.6794 20.7897 9.6632 9.6632 9.6632 9.6632 9.6632 9.6632 9.6632 9.6632 18.4416 18.4416 18.4416 18.4416 18.4416 18.4416 18.4416 18.4416 18.4416 18.4416 18.4416 18.4416 18.4416 18.4416 18.4416 18.4416 40.655 40.655 40.655 40.655 40.655 40.655 40.655 40.655 40.655 40.655 40.655 40.655 40.655 40.655 40.655 40.655 40.655 40.655 34.0693 34.0693 34.0693 34.0693 34.0693 34.0693 34.0693 34.0693 34.0693 34.0693 34.0693 34.0693 31.1861 31.1861 31.1861 31.1861 31.1861 31.1861 31.1861 31.1861 31.1861 31.1861 31.1861 ]
D = [ 4406 5169 5612 6465 6996 7775 8236 9309 9582 10371 11027 11605 12437 11518 10670 9410 8590 7873 9014 10053 11019 9283 7824 5615 3911 4766 5161 5785 7022 7607 8099 8850 9835 10135 11099 11607 12503 11630 10554 9084 8270 6842 8599 9911 11650 9767 7365 5609 ]
K = 7
nk = [ 1 1 1 1 1 1 1 1 1 1 1 1 1 1 2 3 3 3 3 3 3 3 3 4 4 4 4 4 4 4 4 4 4 4 4 4 4 4 4 5 5 5 5 5 5 5 5 5 5 5 5 5 5 5 5 5 5 6 6 6 6 6 6 6 6 6 6 6 6 7 7 7 7 7 7 7 7 7 7 7 ]
First = [ 1 0 0 0 0 0 0 0 0 0 0 0 0 0 1 1 0 0 0 0 0 0 0 1 0 0 0 0 0 0 0 0 0 0 0 0 0 0 0 1 0 0 0 0 0 0 0 0 0 0 0 0 0 0 0 0 0 1 0 0 0 0 0 0 0 0 0 0 0 1 0 0 0 0 0 0 0 0 0 0 ]
Last = [ 0 0 0 0 0 0 0 0 0 0 0 0 0 1 1 0 0 0 0 0 0 0 1 0 0 0 0 0 0 0 0 0 0 0 0 0 0 0 1 0 0 0 0 0 0 0 0 0 0 0 0 0 0 0 0 0 1 0 0 0 0 0 0 0 0 0 0 0 1 0 0 0 0 0 0 0 0 0 0 1 ]
nS = 1
S = [ 0 1 2 3 4 5 6 7 8 9 10 11 12 13 14 15 16 17 18 19 20 21 22 23 24 25 26 27 28 29 30 31 32 33 34 35 36 37 38 39 40 41 42 43 44 45 46 47 48 49 50 51 52 53 54 55 56 57 58 59 60 61 62 63 64 65 66 67 68 69 70 71 72 73 74 75 76 77 78 79 ]
