n = 80 ; 
T = 48 ; 
Init = [ 0 0 0 0 0 0 0 0 0 0 0 0 0 0 0 0 0 0 0 1 1 1 1 1 1 1 1 1 1 1 1 1 1 1 1 1 1 1 1 1 1 1 1 1 1 1 1 1 1 0 0 0 0 0 0 0 0 0 0 0 0 0 0 0 0 0 0 0 0 0 0 0 0 0 0 0 0 0 1 1 ]
L = [ 7 7 7 7 7 7 7 7 7 7 7 7 7 7 7 7 7 7 7 6 6 6 6 6 6 6 6 6 6 6 6 6 6 6 5 5 5 5 2 2 2 2 2 2 2 2 2 2 2 8 8 8 8 8 8 8 8 8 8 8 6 6 6 6 6 6 6 6 6 6 6 6 6 6 6 6 6 6 10 10 ]
l = [ 7 7 7 7 7 7 7 7 7 7 7 7 7 7 7 7 7 7 7 6 6 6 6 6 6 6 6 6 6 6 6 6 6 6 5 5 5 5 2 2 2 2 2 2 2 2 2 2 2 8 8 8 8 8 8 8 8 8 8 8 6 6 6 6 6 6 6 6 6 6 6 6 6 6 6 6 6 6 10 10 ]
Pmin = [ 74 74 74 74 74 74 74 74 74 74 74 74 74 74 74 74 74 74 74 64 64 64 64 64 64 64 64 64 64 64 64 64 64 64 54 54 54 54 25 25 25 25 25 25 25 25 25 25 25 86 86 86 86 86 86 86 86 86 86 86 56 56 56 56 56 56 56 56 56 56 56 56 56 56 56 56 56 56 100 100 ]
Pmax = [ 283 283 283 283 283 283 283 283 283 283 283 283 283 283 283 283 283 283 283 249 249 249 249 249 249 249 249 249 249 249 249 249 249 249 211 211 211 211 61 61 61 61 61 61 61 61 61 61 61 359 359 359 359 359 359 359 359 359 359 359 227 227 227 227 227 227 227 227 227 227 227 227 227 227 227 227 227 227 420 420 ]
cf = [ 19.2994 19.2994 19.2994 19.2994 19.2994 19.2994 19.2994 19.2994 19.2994 19.2994 19.2994 19.2994 19.2994 19.2994 19.2994 19.2994 19.2994 19.2994 19.2994 67.0587 67.0587 67.0587 67.0587 67.0587 67.0587 67.0587 67.0587 67.0587 67.0587 67.0587 67.0587 67.0587 67.0587 67.0587 57.1956 57.1956 57.1956 57.1956 62.5675 62.5675 62.5675 62.5675 62.5675 62.5675 62.5675 62.5675 62.5675 62.5675 62.5675 17.5142 17.5142 17.5142 17.5142 17.5142 17.5142 17.5142 17.5142 17.5142 17.5142 17.5142 33.1263 33.1263 33.1263 33.1263 33.1263 33.1263 33.1263 33.1263 33.1263 33.1263 33.1263 33.1263 33.1263 33.1263 33.1263 33.1263 33.1263 33.1263 15.9662 15.9662 ]
c0 = [ 201 201 201 201 201 201 201 201 201 201 201 201 201 201 201 201 201 201 201 186 186 186 186 186 186 186 186 186 186 186 186 186 186 186 160 160 160 160 81 81 81 81 81 81 81 81 81 81 81 220 220 220 220 220 220 220 220 220 220 220 145 145 145 145 145 145 145 145 145 145 145 145 145 145 145 145 145 145 250 250 ]
cp = [ 22.7662 22.7662 22.7662 22.7662 22.7662 22.7662 22.7662 22.7662 22.7662 22.7662 22.7662 22.7662 22.7662 22.7662 22.7662 22.7662 22.7662 22.7662 22.7662 28.2799 28.2799 28.2799 28.2799 28.2799 28.2799 28.2799 28.2799 28.2799 28.2799 28.2799 28.2799 28.2799 28.2799 28.2799 30.2464 30.2464 30.2464 30.2464 40.9103 40.9103 40.9103 40.9103 40.9103 40.9103 40.9103 40.9103 40.9103 40.9103 40.9103 13.4259 13.4259 13.4259 13.4259 13.4259 13.4259 13.4259 13.4259 13.4259 13.4259 13.4259 18.0099 18.0099 18.0099 18.0099 18.0099 18.0099 18.0099 18.0099 18.0099 18.0099 18.0099 18.0099 18.0099 18.0099 18.0099 18.0099 18.0099 18.0099 8.37003 8.37003 ]
D = [ 4098 5026 6250 6767 8517 9128 9953 11038 12357 13619 14771 15846 16336 15258 14046 12198 11412 9927 10963 12953 14138 11874 9126 6478 4370 4864 6216 7282 8732 9553 10541 11553 12931 13957 15239 16051 17180 15932 14409 13294 11446 10246 12145 13391 15674 12881 10189 7596 ]
K = 7
nk = [ 1 1 1 1 1 1 1 1 1 1 1 1 1 1 1 1 1 1 1 2 2 2 2 2 2 2 2 2 2 2 2 2 2 2 3 3 3 3 4 4 4 4 4 4 4 4 4 4 4 5 5 5 5 5 5 5 5 5 5 5 6 6 6 6 6 6 6 6 6 6 6 6 6 6 6 6 6 6 7 7 ]
First = [ 1 0 0 0 0 0 0 0 0 0 0 0 0 0 0 0 0 0 0 1 0 0 0 0 0 0 0 0 0 0 0 0 0 0 1 0 0 0 1 0 0 0 0 0 0 0 0 0 0 1 0 0 0 0 0 0 0 0 0 0 1 0 0 0 0 0 0 0 0 0 0 0 0 0 0 0 0 0 1 0 ]
Last = [ 0 0 0 0 0 0 0 0 0 0 0 0 0 0 0 0 0 0 1 0 0 0 0 0 0 0 0 0 0 0 0 0 0 1 0 0 0 1 0 0 0 0 0 0 0 0 0 0 1 0 0 0 0 0 0 0 0 0 0 1 0 0 0 0 0 0 0 0 0 0 0 0 0 0 0 0 0 1 0 1 ]
nS = 1
S = [ 0 1 2 3 4 5 6 7 8 9 10 11 12 13 14 15 16 17 18 19 20 21 22 23 24 25 26 27 28 29 30 31 32 33 34 35 36 37 38 39 40 41 42 43 44 45 46 47 48 49 50 51 52 53 54 55 56 57 58 59 60 61 62 63 64 65 66 67 68 69 70 71 72 73 74 75 76 77 78 79 ]
