n = 80 ; 
T = 48 ; 
Init = [ 0 0 0 0 0 0 0 0 0 0 0 0 0 0 0 0 0 0 0 0 1 1 1 1 1 1 1 1 1 1 1 1 1 1 1 1 0 0 0 0 0 0 0 0 1 1 1 1 1 1 1 1 1 1 1 1 1 1 0 0 0 0 0 0 0 0 0 0 0 0 0 0 0 0 0 0 0 0 1 1 ]
L = [ 5 5 5 5 5 5 5 5 5 5 5 5 5 5 5 5 5 5 5 5 6 6 6 6 6 6 6 6 6 6 6 6 6 6 6 6 3 3 3 3 3 3 3 3 6 6 6 6 6 6 6 6 6 6 6 6 6 6 6 6 6 6 6 6 6 6 6 6 6 6 6 6 6 6 6 6 6 6 5 5 ]
l = [ 5 5 5 5 5 5 5 5 5 5 5 5 5 5 5 5 5 5 5 5 6 6 6 6 6 6 6 6 6 6 6 6 6 6 6 6 3 3 3 3 3 3 3 3 6 6 6 6 6 6 6 6 6 6 6 6 6 6 6 6 6 6 6 6 6 6 6 6 6 6 6 6 6 6 6 6 6 6 5 5 ]
Pmin = [ 63 63 63 63 63 63 63 63 63 63 63 63 63 63 63 63 63 63 63 63 63 63 63 63 63 63 63 63 63 63 63 63 63 63 63 63 27 27 27 27 27 27 27 27 65 65 65 65 65 65 65 65 65 65 65 65 65 65 70 70 70 70 70 70 70 70 70 70 70 70 70 70 70 70 70 70 70 70 58 58 ]
Pmax = [ 223 223 223 223 223 223 223 223 223 223 223 223 223 223 223 223 223 223 223 223 240 240 240 240 240 240 240 240 240 240 240 240 240 240 240 240 73 73 73 73 73 73 73 73 249 249 249 249 249 249 249 249 249 249 249 249 249 249 252 252 252 252 252 252 252 252 252 252 252 252 252 252 252 252 252 252 252 252 220 220 ]
cf = [ 26.3971 26.3971 26.3971 26.3971 26.3971 26.3971 26.3971 26.3971 26.3971 26.3971 26.3971 26.3971 26.3971 26.3971 26.3971 26.3971 26.3971 26.3971 26.3971 26.3971 61.2191 61.2191 61.2191 61.2191 61.2191 61.2191 61.2191 61.2191 61.2191 61.2191 61.2191 61.2191 61.2191 61.2191 61.2191 61.2191 34.5624 34.5624 34.5624 34.5624 34.5624 34.5624 34.5624 34.5624 52.9976 52.9976 52.9976 52.9976 52.9976 52.9976 52.9976 52.9976 52.9976 52.9976 52.9976 52.9976 52.9976 52.9976 52.9794 52.9794 52.9794 52.9794 52.9794 52.9794 52.9794 52.9794 52.9794 52.9794 52.9794 52.9794 52.9794 52.9794 52.9794 52.9794 52.9794 52.9794 52.9794 52.9794 66.1698 66.1698 ]
c0 = [ 173 173 173 173 173 173 173 173 173 173 173 173 173 173 173 173 173 173 173 173 171 171 171 171 171 171 171 171 171 171 171 171 171 171 171 171 87 87 87 87 87 87 87 87 173 173 173 173 173 173 173 173 173 173 173 173 173 173 191 191 191 191 191 191 191 191 191 191 191 191 191 191 191 191 191 191 191 191 160 160 ]
cp = [ 23.3499 23.3499 23.3499 23.3499 23.3499 23.3499 23.3499 23.3499 23.3499 23.3499 23.3499 23.3499 23.3499 23.3499 23.3499 23.3499 23.3499 23.3499 23.3499 23.3499 14.4954 14.4954 14.4954 14.4954 14.4954 14.4954 14.4954 14.4954 14.4954 14.4954 14.4954 14.4954 14.4954 14.4954 14.4954 14.4954 30.9521 30.9521 30.9521 30.9521 30.9521 30.9521 30.9521 30.9521 28.3729 28.3729 28.3729 28.3729 28.3729 28.3729 28.3729 28.3729 28.3729 28.3729 28.3729 28.3729 28.3729 28.3729 24.7133 24.7133 24.7133 24.7133 24.7133 24.7133 24.7133 24.7133 24.7133 24.7133 24.7133 24.7133 24.7133 24.7133 24.7133 24.7133 24.7133 24.7133 24.7133 24.7133 25.5685 25.5685 ]
D = [ 4883 5794 6498 6872 8197 8780 9425 10357 11466 12441 13301 13648 14301 13594 12538 11455 10082 9223 10183 11701 12757 10739 8649 6518 4303 5762 6216 7646 8267 8982 10195 10572 11819 12422 13796 14477 15113 13892 12999 11951 10811 9258 10515 12195 13526 11597 9630 6942 ]
K = 6
nk = [ 1 1 1 1 1 1 1 1 1 1 1 1 1 1 1 1 1 1 1 1 2 2 2 2 2 2 2 2 2 2 2 2 2 2 2 2 3 3 3 3 3 3 3 3 4 4 4 4 4 4 4 4 4 4 4 4 4 4 5 5 5 5 5 5 5 5 5 5 5 5 5 5 5 5 5 5 5 5 6 6 ]
First = [ 1 0 0 0 0 0 0 0 0 0 0 0 0 0 0 0 0 0 0 0 1 0 0 0 0 0 0 0 0 0 0 0 0 0 0 0 1 0 0 0 0 0 0 0 1 0 0 0 0 0 0 0 0 0 0 0 0 0 1 0 0 0 0 0 0 0 0 0 0 0 0 0 0 0 0 0 0 0 1 0 ]
Last = [ 0 0 0 0 0 0 0 0 0 0 0 0 0 0 0 0 0 0 0 1 0 0 0 0 0 0 0 0 0 0 0 0 0 0 0 1 0 0 0 0 0 0 0 1 0 0 0 0 0 0 0 0 0 0 0 0 0 1 0 0 0 0 0 0 0 0 0 0 0 0 0 0 0 0 0 0 0 1 0 1 ]
nS = 1
S = [ 0 1 2 3 4 5 6 7 8 9 10 11 12 13 14 15 16 17 18 19 20 21 22 23 24 25 26 27 28 29 30 31 32 33 34 35 36 37 38 39 40 41 42 43 44 45 46 47 48 49 50 51 52 53 54 55 56 57 58 59 60 61 62 63 64 65 66 67 68 69 70 71 72 73 74 75 76 77 78 79 ]
