n = 80 ; 
T = 48 ; 
Init = [ 0 0 0 0 0 0 0 0 0 0 0 0 0 0 0 0 0 0 0 0 0 0 0 1 1 1 1 1 1 1 1 1 1 1 1 1 1 1 1 1 1 1 1 0 0 0 0 1 1 1 1 1 1 1 1 1 1 1 1 0 0 0 0 0 0 0 0 0 0 0 0 0 1 1 1 1 1 1 1 1 ]
L = [ 9 5 5 5 5 5 5 5 5 5 5 5 6 6 6 6 6 6 6 6 6 6 6 9 9 9 9 9 9 9 9 9 9 9 9 9 9 9 9 9 9 9 9 9 9 9 9 4 4 4 4 4 4 4 4 4 4 4 4 7 7 7 7 7 7 7 7 7 7 7 7 7 7 7 7 7 7 7 7 7 ]
l = [ 9 5 5 5 5 5 5 5 5 5 5 5 6 6 6 6 6 6 6 6 6 6 6 9 9 9 9 9 9 9 9 9 9 9 9 9 9 9 9 9 9 9 9 9 9 9 9 4 4 4 4 4 4 4 4 4 4 4 4 7 7 7 7 7 7 7 7 7 7 7 7 7 7 7 7 7 7 7 7 7 ]
Pmin = [ 99 63 63 63 63 63 63 63 63 63 63 63 73 73 73 73 73 73 73 73 73 73 73 100 100 100 100 100 100 100 100 100 100 100 100 100 100 100 100 100 100 100 100 95 95 95 95 41 41 41 41 41 41 41 41 41 41 41 41 72 72 72 72 72 72 72 72 72 72 72 72 72 67 67 67 67 67 67 67 67 ]
Pmax = [ 410 224 224 224 224 224 224 224 224 224 224 224 270 270 270 270 270 270 270 270 270 270 270 399 399 399 399 399 399 399 399 399 399 399 399 399 399 399 399 399 399 399 399 394 394 394 394 138 138 138 138 138 138 138 138 138 138 138 138 290 290 290 290 290 290 290 290 290 290 290 290 290 265 265 265 265 265 265 265 265 ]
cf = [ 37.3288 30.9598 30.9598 30.9598 30.9598 30.9598 30.9598 30.9598 30.9598 30.9598 30.9598 30.9598 39.1365 39.1365 39.1365 39.1365 39.1365 39.1365 39.1365 39.1365 39.1365 39.1365 39.1365 23.3673 23.3673 23.3673 23.3673 23.3673 23.3673 23.3673 23.3673 23.3673 23.3673 23.3673 23.3673 23.3673 23.3673 23.3673 23.3673 23.3673 23.3673 23.3673 23.3673 53.7831 53.7831 53.7831 53.7831 46.7997 46.7997 46.7997 46.7997 46.7997 46.7997 46.7997 46.7997 46.7997 46.7997 46.7997 46.7997 32.1927 32.1927 32.1927 32.1927 32.1927 32.1927 32.1927 32.1927 32.1927 32.1927 32.1927 32.1927 32.1927 20.0105 20.0105 20.0105 20.0105 20.0105 20.0105 20.0105 20.0105 ]
c0 = [ 250 161 161 161 161 161 161 161 161 161 161 161 192 192 192 192 192 192 192 192 192 192 192 250 250 250 250 250 250 250 250 250 250 250 250 250 250 250 250 250 250 250 250 240 240 240 240 130 130 130 130 130 130 130 130 130 130 130 130 197 197 197 197 197 197 197 197 197 197 197 197 197 175 175 175 175 175 175 175 175 ]
cp = [ 12.6489 36.8454 36.8454 36.8454 36.8454 36.8454 36.8454 36.8454 36.8454 36.8454 36.8454 36.8454 18.6577 18.6577 18.6577 18.6577 18.6577 18.6577 18.6577 18.6577 18.6577 18.6577 18.6577 18.7584 18.7584 18.7584 18.7584 18.7584 18.7584 18.7584 18.7584 18.7584 18.7584 18.7584 18.7584 18.7584 18.7584 18.7584 18.7584 18.7584 18.7584 18.7584 18.7584 13.5999 13.5999 13.5999 13.5999 34.219 34.219 34.219 34.219 34.219 34.219 34.219 34.219 34.219 34.219 34.219 34.219 19.5714 19.5714 19.5714 19.5714 19.5714 19.5714 19.5714 19.5714 19.5714 19.5714 19.5714 19.5714 19.5714 20.9399 20.9399 20.9399 20.9399 20.9399 20.9399 20.9399 20.9399 ]
D = [ 6345 8073 8386 9733 10619 11738 13036 14328 14665 15683 16916 18325 19275 17323 16133 14492 12527 11114 13273 15503 17916 14794 11866 8463 5623 6993 8462 9163 10737 11608 13085 13833 15892 16718 17693 18825 20774 18179 17117 14693 13355 11266 13354 16163 18106 14788 11457 8795 ]
K = 8
nk = [ 1 2 2 2 2 2 2 2 2 2 2 2 3 3 3 3 3 3 3 3 3 3 3 4 4 4 4 4 4 4 4 4 4 4 4 4 4 4 4 4 4 4 4 5 5 5 5 6 6 6 6 6 6 6 6 6 6 6 6 7 7 7 7 7 7 7 7 7 7 7 7 7 8 8 8 8 8 8 8 8 ]
First = [ 1 1 0 0 0 0 0 0 0 0 0 0 1 0 0 0 0 0 0 0 0 0 0 1 0 0 0 0 0 0 0 0 0 0 0 0 0 0 0 0 0 0 0 1 0 0 0 1 0 0 0 0 0 0 0 0 0 0 0 1 0 0 0 0 0 0 0 0 0 0 0 0 1 0 0 0 0 0 0 0 ]
Last = [ 1 0 0 0 0 0 0 0 0 0 0 1 0 0 0 0 0 0 0 0 0 0 1 0 0 0 0 0 0 0 0 0 0 0 0 0 0 0 0 0 0 0 1 0 0 0 1 0 0 0 0 0 0 0 0 0 0 0 1 0 0 0 0 0 0 0 0 0 0 0 0 1 0 0 0 0 0 0 0 1 ]
nS = 1
S = [ 0 1 2 3 4 5 6 7 8 9 10 11 12 13 14 15 16 17 18 19 20 21 22 23 24 25 26 27 28 29 30 31 32 33 34 35 36 37 38 39 40 41 42 43 44 45 46 47 48 49 50 51 52 53 54 55 56 57 58 59 60 61 62 63 64 65 66 67 68 69 70 71 72 73 74 75 76 77 78 79 ]
