n = 80 ; 
T = 48 ; 
Init = [ 0 0 0 0 0 0 0 0 0 0 0 0 0 0 0 0 0 0 0 0 0 0 0 0 0 0 0 0 0 0 1 1 1 1 1 1 1 1 1 1 1 1 1 1 1 1 1 0 0 0 0 0 0 0 0 0 0 0 0 0 0 0 0 0 0 0 0 0 0 0 0 0 0 0 1 1 1 1 1 1 ]
L = [ 3 3 3 3 3 3 3 3 3 3 3 3 3 3 3 3 3 3 3 3 2 2 2 2 2 4 4 4 4 4 6 6 6 6 6 6 6 6 6 6 6 6 6 6 6 6 6 6 6 6 6 6 6 6 6 4 4 4 4 4 4 4 4 4 4 4 4 4 4 4 4 4 4 4 3 3 9 8 8 8 ]
l = [ 3 3 3 3 3 3 3 3 3 3 3 3 3 3 3 3 3 3 3 3 2 2 2 2 2 4 4 4 4 4 6 6 6 6 6 6 6 6 6 6 6 6 6 6 6 6 6 6 6 6 6 6 6 6 6 4 4 4 4 4 4 4 4 4 4 4 4 4 4 4 4 4 4 4 3 3 9 8 8 8 ]
Pmin = [ 30 30 30 30 30 30 30 30 30 30 30 30 30 30 30 30 30 30 30 30 21 21 21 21 21 41 41 41 41 41 68 68 68 68 68 68 68 68 68 68 68 68 68 68 68 68 68 67 67 67 67 67 67 67 67 41 41 41 41 41 41 41 41 41 41 41 41 41 41 41 41 41 41 41 31 31 88 80 80 80 ]
Pmax = [ 90 90 90 90 90 90 90 90 90 90 90 90 90 90 90 90 90 90 90 90 60 60 60 60 60 142 142 142 142 142 253 253 253 253 253 253 253 253 253 253 253 253 253 253 253 253 253 272 272 272 272 272 272 272 272 123 123 123 123 123 123 123 123 123 123 123 123 123 123 123 123 123 123 123 85 85 365 307 307 307 ]
cf = [ 34.749 34.749 34.749 34.749 34.749 34.749 34.749 34.749 34.749 34.749 34.749 34.749 34.749 34.749 34.749 34.749 34.749 34.749 34.749 34.749 15.9591 15.9591 15.9591 15.9591 15.9591 25.4526 25.4526 25.4526 25.4526 25.4526 56.0708 56.0708 56.0708 56.0708 56.0708 56.0708 56.0708 56.0708 56.0708 56.0708 56.0708 56.0708 56.0708 56.0708 56.0708 56.0708 56.0708 37.2726 37.2726 37.2726 37.2726 37.2726 37.2726 37.2726 37.2726 19.0607 19.0607 19.0607 19.0607 19.0607 19.0607 19.0607 19.0607 19.0607 19.0607 19.0607 19.0607 19.0607 19.0607 19.0607 19.0607 19.0607 19.0607 19.0607 45.8302 45.8302 62.6868 27.1597 27.1597 27.1597 ]
c0 = [ 90 90 90 90 90 90 90 90 90 90 90 90 90 90 90 90 90 90 90 90 67 67 67 67 67 117 117 117 117 117 175 175 175 175 175 175 175 175 175 175 175 175 175 175 175 175 175 173 173 173 173 173 173 173 173 113 113 113 113 113 113 113 113 113 113 113 113 113 113 113 113 113 113 113 89 89 223 204 204 204 ]
cp = [ 36.0283 36.0283 36.0283 36.0283 36.0283 36.0283 36.0283 36.0283 36.0283 36.0283 36.0283 36.0283 36.0283 36.0283 36.0283 36.0283 36.0283 36.0283 36.0283 36.0283 39.5804 39.5804 39.5804 39.5804 39.5804 23.5835 23.5835 23.5835 23.5835 23.5835 30.6335 30.6335 30.6335 30.6335 30.6335 30.6335 30.6335 30.6335 30.6335 30.6335 30.6335 30.6335 30.6335 30.6335 30.6335 30.6335 30.6335 13.1599 13.1599 13.1599 13.1599 13.1599 13.1599 13.1599 13.1599 39.622 39.622 39.622 39.622 39.622 39.622 39.622 39.622 39.622 39.622 39.622 39.622 39.622 39.622 39.622 39.622 39.622 39.622 39.622 38.4213 38.4213 21.9257 15.5945 15.5945 15.5945 ]
D = [ 3222 3954 4412 5339 5552 6184 6906 7725 8470 9045 9579 10110 10959 10197 8867 7967 7160 6209 7605 8464 9282 8049 6657 5071 3438 4474 4879 5789 6121 6811 7294 8139 8911 9573 9998 10705 11259 10433 9160 8188 7454 6180 7670 8732 10167 8487 6861 5571 ]
K = 9
nk = [ 1 1 1 1 1 1 1 1 1 1 1 1 1 1 1 1 1 1 1 1 2 2 2 2 2 3 3 3 3 3 4 4 4 4 4 4 4 4 4 4 4 4 4 4 4 4 4 5 5 5 5 5 5 5 5 6 6 6 6 6 6 6 6 6 6 6 6 6 6 6 6 6 6 6 7 7 8 9 9 9 ]
First = [ 1 0 0 0 0 0 0 0 0 0 0 0 0 0 0 0 0 0 0 0 1 0 0 0 0 1 0 0 0 0 1 0 0 0 0 0 0 0 0 0 0 0 0 0 0 0 0 1 0 0 0 0 0 0 0 1 0 0 0 0 0 0 0 0 0 0 0 0 0 0 0 0 0 0 1 0 1 1 0 0 ]
Last = [ 0 0 0 0 0 0 0 0 0 0 0 0 0 0 0 0 0 0 0 1 0 0 0 0 1 0 0 0 0 1 0 0 0 0 0 0 0 0 0 0 0 0 0 0 0 0 1 0 0 0 0 0 0 0 1 0 0 0 0 0 0 0 0 0 0 0 0 0 0 0 0 0 0 1 0 1 1 0 0 1 ]
nS = 1
S = [ 0 1 2 3 4 5 6 7 8 9 10 11 12 13 14 15 16 17 18 19 20 21 22 23 24 25 26 27 28 29 30 31 32 33 34 35 36 37 38 39 40 41 42 43 44 45 46 47 48 49 50 51 52 53 54 55 56 57 58 59 60 61 62 63 64 65 66 67 68 69 70 71 72 73 74 75 76 77 78 79 ]
