n = 80 ; 
T = 48 ; 
Init = [ 1 1 1 1 1 1 1 1 1 1 1 1 1 1 1 1 1 1 1 1 1 1 1 1 1 1 1 1 1 1 1 1 1 1 1 1 1 1 1 1 1 1 1 1 1 1 1 1 1 1 1 1 1 1 1 1 1 1 1 1 1 1 1 1 1 1 1 1 1 1 1 1 1 1 1 1 1 1 1 1 ]
L = [ 7 7 7 7 3 3 3 3 3 3 3 3 3 3 3 3 3 3 3 3 3 3 3 3 3 3 3 3 3 3 3 3 3 3 3 3 3 3 3 8 8 8 8 8 8 8 8 8 8 8 8 8 8 8 8 8 8 8 8 8 8 8 8 8 8 8 8 8 8 8 8 8 8 8 8 8 8 8 8 8 ]
l = [ 7 7 7 7 3 3 3 3 3 3 3 3 3 3 3 3 3 3 3 3 3 3 3 3 3 3 3 3 3 3 3 3 3 3 3 3 3 3 3 8 8 8 8 8 8 8 8 8 8 8 8 8 8 8 8 8 8 8 8 8 8 8 8 8 8 8 8 8 8 8 8 8 8 8 8 8 8 8 8 8 ]
Pmin = [ 78 78 78 78 37 37 37 37 37 37 37 37 37 37 37 37 37 37 37 37 37 37 37 37 37 37 37 37 37 37 37 37 37 37 37 37 37 37 37 88 88 88 88 88 88 88 88 88 88 88 88 88 88 88 88 88 88 88 88 88 88 88 88 88 88 88 88 88 88 88 88 88 88 88 88 88 88 88 93 93 ]
Pmax = [ 308 308 308 308 110 110 110 110 110 110 110 110 110 110 110 110 110 110 110 110 110 110 110 110 110 110 110 110 110 110 110 110 110 110 110 110 110 110 110 346 346 346 346 346 346 346 346 346 346 346 346 346 346 346 346 346 346 346 346 346 346 346 346 346 346 346 346 346 346 346 346 346 346 346 346 346 346 346 363 363 ]
cf = [ 32.7141 32.7141 32.7141 32.7141 50.0772 50.0772 50.0772 50.0772 50.0772 50.0772 50.0772 50.0772 50.0772 50.0772 50.0772 50.0772 50.0772 50.0772 50.0772 50.0772 50.0772 50.0772 50.0772 50.0772 50.0772 50.0772 50.0772 50.0772 50.0772 50.0772 50.0772 50.0772 50.0772 50.0772 50.0772 50.0772 50.0772 50.0772 50.0772 69.2651 69.2651 69.2651 69.2651 69.2651 69.2651 69.2651 69.2651 69.2651 69.2651 69.2651 69.2651 69.2651 69.2651 69.2651 69.2651 69.2651 69.2651 69.2651 69.2651 69.2651 69.2651 69.2651 69.2651 69.2651 69.2651 69.2651 69.2651 69.2651 69.2651 69.2651 69.2651 69.2651 69.2651 69.2651 69.2651 69.2651 69.2651 69.2651 60.5113 60.5113 ]
c0 = [ 205 205 205 205 104 104 104 104 104 104 104 104 104 104 104 104 104 104 104 104 104 104 104 104 104 104 104 104 104 104 104 104 104 104 104 104 104 104 104 221 221 221 221 221 221 221 221 221 221 221 221 221 221 221 221 221 221 221 221 221 221 221 221 221 221 221 221 221 221 221 221 221 221 221 221 221 221 221 242 242 ]
cp = [ 19.2264 19.2264 19.2264 19.2264 31.78 31.78 31.78 31.78 31.78 31.78 31.78 31.78 31.78 31.78 31.78 31.78 31.78 31.78 31.78 31.78 31.78 31.78 31.78 31.78 31.78 31.78 31.78 31.78 31.78 31.78 31.78 31.78 31.78 31.78 31.78 31.78 31.78 31.78 31.78 17.3261 17.3261 17.3261 17.3261 17.3261 17.3261 17.3261 17.3261 17.3261 17.3261 17.3261 17.3261 17.3261 17.3261 17.3261 17.3261 17.3261 17.3261 17.3261 17.3261 17.3261 17.3261 17.3261 17.3261 17.3261 17.3261 17.3261 17.3261 17.3261 17.3261 17.3261 17.3261 17.3261 17.3261 17.3261 17.3261 17.3261 17.3261 17.3261 19.9335 19.9335 ]
D = [ 4417 5691 6261 7195 8322 9570 10342 11309 12188 12841 13872 14771 15685 14591 13443 12764 11451 9569 11575 12466 14193 11875 9562 7174 4473 5849 6872 7309 8296 9294 10671 11174 12756 13369 14564 15841 16525 15223 14019 12396 11168 9735 11216 13296 14856 12156 9348 6628 ]
K = 4
nk = [ 1 1 1 1 2 2 2 2 2 2 2 2 2 2 2 2 2 2 2 2 2 2 2 2 2 2 2 2 2 2 2 2 2 2 2 2 2 2 2 3 3 3 3 3 3 3 3 3 3 3 3 3 3 3 3 3 3 3 3 3 3 3 3 3 3 3 3 3 3 3 3 3 3 3 3 3 3 3 4 4 ]
First = [ 1 0 0 0 1 0 0 0 0 0 0 0 0 0 0 0 0 0 0 0 0 0 0 0 0 0 0 0 0 0 0 0 0 0 0 0 0 0 0 1 0 0 0 0 0 0 0 0 0 0 0 0 0 0 0 0 0 0 0 0 0 0 0 0 0 0 0 0 0 0 0 0 0 0 0 0 0 0 1 0 ]
Last = [ 0 0 0 1 0 0 0 0 0 0 0 0 0 0 0 0 0 0 0 0 0 0 0 0 0 0 0 0 0 0 0 0 0 0 0 0 0 0 1 0 0 0 0 0 0 0 0 0 0 0 0 0 0 0 0 0 0 0 0 0 0 0 0 0 0 0 0 0 0 0 0 0 0 0 0 0 0 1 0 1 ]
nS = 1
S = [ 0 1 2 3 4 5 6 7 8 9 10 11 12 13 14 15 16 17 18 19 20 21 22 23 24 25 26 27 28 29 30 31 32 33 34 35 36 37 38 39 40 41 42 43 44 45 46 47 48 49 50 51 52 53 54 55 56 57 58 59 60 61 62 63 64 65 66 67 68 69 70 71 72 73 74 75 76 77 78 79 ]
