n = 80 ; 
T = 48 ; 
Init = [ 0 0 0 0 0 0 0 0 0 0 0 0 0 0 0 0 0 0 0 0 0 0 0 0 0 0 0 0 0 0 0 0 1 1 1 1 1 1 1 1 1 1 1 1 1 1 1 1 1 1 1 1 1 1 1 1 1 1 1 1 1 1 1 1 1 1 1 1 1 0 0 0 0 0 0 0 0 0 0 0 ]
L = [ 7 7 7 7 7 7 7 7 7 7 7 7 7 7 7 7 7 7 7 7 7 7 7 7 7 7 7 7 7 7 7 7 2 2 2 2 2 2 2 2 2 2 2 2 2 2 2 2 2 2 2 2 2 2 2 2 2 2 2 2 2 2 2 2 2 2 2 2 2 4 4 4 4 4 4 4 4 4 4 4 ]
l = [ 7 7 7 7 7 7 7 7 7 7 7 7 7 7 7 7 7 7 7 7 7 7 7 7 7 7 7 7 7 7 7 7 2 2 2 2 2 2 2 2 2 2 2 2 2 2 2 2 2 2 2 2 2 2 2 2 2 2 2 2 2 2 2 2 2 2 2 2 2 4 4 4 4 4 4 4 4 4 4 4 ]
Pmin = [ 82 82 82 82 82 82 82 82 82 82 82 82 82 82 82 82 82 82 82 82 82 82 82 82 82 82 82 82 82 82 82 82 12 12 12 12 12 12 12 12 12 12 12 12 12 12 12 12 12 12 12 12 12 12 12 12 12 12 12 12 12 12 12 12 12 12 12 12 12 36 36 36 36 36 36 36 36 36 36 36 ]
Pmax = [ 326 326 326 326 326 326 326 326 326 326 326 326 326 326 326 326 326 326 326 326 326 326 326 326 326 326 326 326 326 326 326 326 32 32 32 32 32 32 32 32 32 32 32 32 32 32 32 32 32 32 32 32 32 32 32 32 32 32 32 32 32 32 32 32 32 32 32 32 32 121 121 121 121 121 121 121 121 121 121 121 ]
cf = [ 66.0238 66.0238 66.0238 66.0238 66.0238 66.0238 66.0238 66.0238 66.0238 66.0238 66.0238 66.0238 66.0238 66.0238 66.0238 66.0238 66.0238 66.0238 66.0238 66.0238 66.0238 66.0238 66.0238 66.0238 66.0238 66.0238 66.0238 66.0238 66.0238 66.0238 66.0238 66.0238 15.8222 15.8222 15.8222 15.8222 15.8222 15.8222 15.8222 15.8222 15.8222 15.8222 15.8222 15.8222 15.8222 15.8222 15.8222 15.8222 15.8222 15.8222 15.8222 15.8222 15.8222 15.8222 15.8222 15.8222 15.8222 15.8222 15.8222 15.8222 15.8222 15.8222 15.8222 15.8222 15.8222 15.8222 15.8222 15.8222 15.8222 58.1828 58.1828 58.1828 58.1828 58.1828 58.1828 58.1828 58.1828 58.1828 58.1828 58.1828 ]
c0 = [ 212 212 212 212 212 212 212 212 212 212 212 212 212 212 212 212 212 212 212 212 212 212 212 212 212 212 212 212 212 212 212 212 41 41 41 41 41 41 41 41 41 41 41 41 41 41 41 41 41 41 41 41 41 41 41 41 41 41 41 41 41 41 41 41 41 41 41 41 41 112 112 112 112 112 112 112 112 112 112 112 ]
cp = [ 22.4391 22.4391 22.4391 22.4391 22.4391 22.4391 22.4391 22.4391 22.4391 22.4391 22.4391 22.4391 22.4391 22.4391 22.4391 22.4391 22.4391 22.4391 22.4391 22.4391 22.4391 22.4391 22.4391 22.4391 22.4391 22.4391 22.4391 22.4391 22.4391 22.4391 22.4391 22.4391 41.8412 41.8412 41.8412 41.8412 41.8412 41.8412 41.8412 41.8412 41.8412 41.8412 41.8412 41.8412 41.8412 41.8412 41.8412 41.8412 41.8412 41.8412 41.8412 41.8412 41.8412 41.8412 41.8412 41.8412 41.8412 41.8412 41.8412 41.8412 41.8412 41.8412 41.8412 41.8412 41.8412 41.8412 41.8412 41.8412 41.8412 30.7221 30.7221 30.7221 30.7221 30.7221 30.7221 30.7221 30.7221 30.7221 30.7221 30.7221 ]
D = [ 3090 3670 4119 5092 5509 6159 6948 7771 8141 8730 9843 10217 10784 9795 9200 8149 7577 6281 7748 8774 10489 8643 6935 5100 3230 3764 4513 5339 5661 6205 6786 7616 8286 9030 9567 10165 10843 9598 9123 8216 7275 6131 7705 9039 10230 8695 7089 5331 ]
K = 3
nk = [ 1 1 1 1 1 1 1 1 1 1 1 1 1 1 1 1 1 1 1 1 1 1 1 1 1 1 1 1 1 1 1 1 2 2 2 2 2 2 2 2 2 2 2 2 2 2 2 2 2 2 2 2 2 2 2 2 2 2 2 2 2 2 2 2 2 2 2 2 2 3 3 3 3 3 3 3 3 3 3 3 ]
First = [ 1 0 0 0 0 0 0 0 0 0 0 0 0 0 0 0 0 0 0 0 0 0 0 0 0 0 0 0 0 0 0 0 1 0 0 0 0 0 0 0 0 0 0 0 0 0 0 0 0 0 0 0 0 0 0 0 0 0 0 0 0 0 0 0 0 0 0 0 0 1 0 0 0 0 0 0 0 0 0 0 ]
Last = [ 0 0 0 0 0 0 0 0 0 0 0 0 0 0 0 0 0 0 0 0 0 0 0 0 0 0 0 0 0 0 0 1 0 0 0 0 0 0 0 0 0 0 0 0 0 0 0 0 0 0 0 0 0 0 0 0 0 0 0 0 0 0 0 0 0 0 0 0 1 0 0 0 0 0 0 0 0 0 0 1 ]
nS = 1
S = [ 0 1 2 3 4 5 6 7 8 9 10 11 12 13 14 15 16 17 18 19 20 21 22 23 24 25 26 27 28 29 30 31 32 33 34 35 36 37 38 39 40 41 42 43 44 45 46 47 48 49 50 51 52 53 54 55 56 57 58 59 60 61 62 63 64 65 66 67 68 69 70 71 72 73 74 75 76 77 78 79 ]
