n = 80 ; 
T = 48 ; 
Init = [ 0 0 0 0 0 1 1 1 1 1 1 1 1 1 1 1 1 1 1 1 1 1 1 1 1 1 1 1 1 1 1 1 1 1 0 0 0 0 0 0 0 0 0 0 0 0 0 0 0 0 0 0 0 0 0 0 0 0 0 0 0 0 0 0 0 0 0 0 0 0 0 0 0 0 0 0 0 0 0 0 ]
L = [ 6 6 6 6 6 3 3 3 3 3 3 3 3 3 3 3 7 7 7 7 7 7 7 7 7 7 7 7 7 7 7 7 7 7 6 6 6 6 6 6 6 6 6 6 6 6 6 8 8 8 8 8 8 8 8 8 8 8 8 5 5 5 5 5 5 5 5 5 5 5 5 5 5 5 5 5 5 5 5 5 ]
l = [ 6 6 6 6 6 3 3 3 3 3 3 3 3 3 3 3 7 7 7 7 7 7 7 7 7 7 7 7 7 7 7 7 7 7 6 6 6 6 6 6 6 6 6 6 6 6 6 8 8 8 8 8 8 8 8 8 8 8 8 5 5 5 5 5 5 5 5 5 5 5 5 5 5 5 5 5 5 5 5 5 ]
Pmin = [ 69 69 69 69 69 22 22 22 22 22 22 22 22 22 22 22 68 68 68 68 68 68 68 68 68 68 68 68 68 68 68 68 68 68 66 66 66 66 66 66 66 66 66 66 66 66 66 82 82 82 82 82 82 82 82 82 82 82 82 61 61 61 61 61 61 61 61 61 61 61 45 45 45 45 45 45 45 45 45 45 ]
Pmax = [ 256 256 256 256 256 56 56 56 56 56 56 56 56 56 56 56 280 280 280 280 280 280 280 280 280 280 280 280 280 280 280 280 280 280 233 233 233 233 233 233 233 233 233 233 233 233 233 331 331 331 331 331 331 331 331 331 331 331 331 224 224 224 224 224 224 224 224 224 224 224 170 170 170 170 170 170 170 170 170 170 ]
cf = [ 57.4417 57.4417 57.4417 57.4417 57.4417 13.8547 13.8547 13.8547 13.8547 13.8547 13.8547 13.8547 13.8547 13.8547 13.8547 13.8547 19.831 19.831 19.831 19.831 19.831 19.831 19.831 19.831 19.831 19.831 19.831 19.831 19.831 19.831 19.831 19.831 19.831 19.831 58.2812 58.2812 58.2812 58.2812 58.2812 58.2812 58.2812 58.2812 58.2812 58.2812 58.2812 58.2812 58.2812 34.2911 34.2911 34.2911 34.2911 34.2911 34.2911 34.2911 34.2911 34.2911 34.2911 34.2911 34.2911 66.8682 66.8682 66.8682 66.8682 66.8682 66.8682 66.8682 66.8682 66.8682 66.8682 66.8682 49.327 49.327 49.327 49.327 49.327 49.327 49.327 49.327 49.327 49.327 ]
c0 = [ 184 184 184 184 184 80 80 80 80 80 80 80 80 80 80 80 189 189 189 189 189 189 189 189 189 189 189 189 189 189 189 189 189 189 182 182 182 182 182 182 182 182 182 182 182 182 182 213 213 213 213 213 213 213 213 213 213 213 213 162 162 162 162 162 162 162 162 162 162 162 128 128 128 128 128 128 128 128 128 128 ]
cp = [ 28.9871 28.9871 28.9871 28.9871 28.9871 38.2603 38.2603 38.2603 38.2603 38.2603 38.2603 38.2603 38.2603 38.2603 38.2603 38.2603 17.0541 17.0541 17.0541 17.0541 17.0541 17.0541 17.0541 17.0541 17.0541 17.0541 17.0541 17.0541 17.0541 17.0541 17.0541 17.0541 17.0541 17.0541 19.7773 19.7773 19.7773 19.7773 19.7773 19.7773 19.7773 19.7773 19.7773 19.7773 19.7773 19.7773 19.7773 21.8969 21.8969 21.8969 21.8969 21.8969 21.8969 21.8969 21.8969 21.8969 21.8969 21.8969 21.8969 29.8336 29.8336 29.8336 29.8336 29.8336 29.8336 29.8336 29.8336 29.8336 29.8336 29.8336 17.2816 17.2816 17.2816 17.2816 17.2816 17.2816 17.2816 17.2816 17.2816 17.2816 ]
D = [ 3812 5035 5416 6373 7665 8395 9691 10551 11862 12394 13840 14232 15522 14490 12878 11716 10270 8822 10953 12768 14226 11451 9270 6914 4139 5098 6007 6931 8011 8893 10124 10950 11420 12527 13678 14421 15265 14308 13115 11984 10714 8931 10642 12211 14532 12362 9692 7828 ]
K = 7
nk = [ 1 1 1 1 1 2 2 2 2 2 2 2 2 2 2 2 3 3 3 3 3 3 3 3 3 3 3 3 3 3 3 3 3 3 4 4 4 4 4 4 4 4 4 4 4 4 4 5 5 5 5 5 5 5 5 5 5 5 5 6 6 6 6 6 6 6 6 6 6 6 7 7 7 7 7 7 7 7 7 7 ]
First = [ 1 0 0 0 0 1 0 0 0 0 0 0 0 0 0 0 1 0 0 0 0 0 0 0 0 0 0 0 0 0 0 0 0 0 1 0 0 0 0 0 0 0 0 0 0 0 0 1 0 0 0 0 0 0 0 0 0 0 0 1 0 0 0 0 0 0 0 0 0 0 1 0 0 0 0 0 0 0 0 0 ]
Last = [ 0 0 0 0 1 0 0 0 0 0 0 0 0 0 0 1 0 0 0 0 0 0 0 0 0 0 0 0 0 0 0 0 0 1 0 0 0 0 0 0 0 0 0 0 0 0 1 0 0 0 0 0 0 0 0 0 0 0 1 0 0 0 0 0 0 0 0 0 0 1 0 0 0 0 0 0 0 0 0 1 ]
nS = 1
S = [ 0 1 2 3 4 5 6 7 8 9 10 11 12 13 14 15 16 17 18 19 20 21 22 23 24 25 26 27 28 29 30 31 32 33 34 35 36 37 38 39 40 41 42 43 44 45 46 47 48 49 50 51 52 53 54 55 56 57 58 59 60 61 62 63 64 65 66 67 68 69 70 71 72 73 74 75 76 77 78 79 ]
