n = 80 ; 
T = 48 ; 
Init = [ 1 1 1 1 1 1 1 1 1 1 1 1 1 1 1 1 1 1 1 1 1 1 1 1 1 1 1 1 1 1 1 1 0 0 0 0 0 0 0 0 0 0 0 0 0 0 0 0 0 0 0 0 0 0 0 0 0 0 0 0 0 0 0 0 0 0 0 0 0 0 0 0 0 0 0 0 0 0 0 0 ]
L = [ 5 5 5 5 5 5 5 5 5 5 5 5 5 5 5 5 5 5 5 5 5 5 5 5 5 5 5 5 5 5 5 5 4 4 4 4 4 4 4 4 4 4 4 4 4 4 4 4 4 4 4 4 4 4 4 4 4 4 4 4 8 8 8 8 8 8 8 8 8 8 7 7 7 7 7 6 6 6 6 6 ]
l = [ 5 5 5 5 5 5 5 5 5 5 5 5 5 5 5 5 5 5 5 5 5 5 5 5 5 5 5 5 5 5 5 5 4 4 4 4 4 4 4 4 4 4 4 4 4 4 4 4 4 4 4 4 4 4 4 4 4 4 4 4 8 8 8 8 8 8 8 8 8 8 7 7 7 7 7 6 6 6 6 6 ]
Pmin = [ 56 56 56 56 56 56 56 56 56 56 56 56 56 56 56 56 56 56 56 56 56 56 56 56 56 56 56 56 56 56 56 56 43 43 43 43 43 43 44 44 44 44 44 44 44 44 44 44 44 44 44 44 44 44 44 44 44 44 44 44 82 82 82 82 82 82 82 82 82 82 67 67 67 67 67 69 69 69 69 69 ]
Pmax = [ 190 190 190 190 190 190 190 190 190 190 190 190 190 190 190 190 190 190 190 190 190 190 190 190 190 190 190 190 190 190 190 190 161 161 161 161 161 161 148 148 148 148 148 148 148 148 148 148 148 148 148 148 148 148 148 148 148 148 148 148 336 336 336 336 336 336 336 336 336 336 274 274 274 274 274 268 268 268 268 268 ]
cf = [ 59.8701 59.8701 59.8701 59.8701 59.8701 59.8701 59.8701 59.8701 59.8701 59.8701 59.8701 59.8701 59.8701 59.8701 59.8701 59.8701 59.8701 59.8701 59.8701 59.8701 59.8701 59.8701 59.8701 59.8701 59.8701 59.8701 59.8701 59.8701 59.8701 59.8701 59.8701 59.8701 32.3267 32.3267 32.3267 32.3267 32.3267 32.3267 41.7944 41.7944 41.7944 41.7944 41.7944 41.7944 41.7944 41.7944 41.7944 41.7944 41.7944 41.7944 41.7944 41.7944 41.7944 41.7944 41.7944 41.7944 41.7944 41.7944 41.7944 41.7944 21.965 21.965 21.965 21.965 21.965 21.965 21.965 21.965 21.965 21.965 43.122 43.122 43.122 43.122 43.122 50.0224 50.0224 50.0224 50.0224 50.0224 ]
c0 = [ 161 161 161 161 161 161 161 161 161 161 161 161 161 161 161 161 161 161 161 161 161 161 161 161 161 161 161 161 161 161 161 161 131 131 131 131 131 131 139 139 139 139 139 139 139 139 139 139 139 139 139 139 139 139 139 139 139 139 139 139 212 212 212 212 212 212 212 212 212 212 185 185 185 185 185 181 181 181 181 181 ]
cp = [ 32.5446 32.5446 32.5446 32.5446 32.5446 32.5446 32.5446 32.5446 32.5446 32.5446 32.5446 32.5446 32.5446 32.5446 32.5446 32.5446 32.5446 32.5446 32.5446 32.5446 32.5446 32.5446 32.5446 32.5446 32.5446 32.5446 32.5446 32.5446 32.5446 32.5446 32.5446 32.5446 26.4008 26.4008 26.4008 26.4008 26.4008 26.4008 34.8939 34.8939 34.8939 34.8939 34.8939 34.8939 34.8939 34.8939 34.8939 34.8939 34.8939 34.8939 34.8939 34.8939 34.8939 34.8939 34.8939 34.8939 34.8939 34.8939 34.8939 34.8939 20.0133 20.0133 20.0133 20.0133 20.0133 20.0133 20.0133 20.0133 20.0133 20.0133 23.4821 23.4821 23.4821 23.4821 23.4821 22.1508 22.1508 22.1508 22.1508 22.1508 ]
D = [ 3534 4280 5373 6026 6748 7712 8901 9649 10337 11766 12690 13405 14344 12926 12176 10842 9761 8504 9254 10761 11888 9735 8191 5944 4647 5543 5895 6898 7967 8708 9515 9973 10984 12274 12501 13367 14661 13269 12084 11053 9418 8061 9572 10959 11783 9739 7846 5597 ]
K = 6
nk = [ 1 1 1 1 1 1 1 1 1 1 1 1 1 1 1 1 1 1 1 1 1 1 1 1 1 1 1 1 1 1 1 1 2 2 2 2 2 2 3 3 3 3 3 3 3 3 3 3 3 3 3 3 3 3 3 3 3 3 3 3 4 4 4 4 4 4 4 4 4 4 5 5 5 5 5 6 6 6 6 6 ]
First = [ 1 0 0 0 0 0 0 0 0 0 0 0 0 0 0 0 0 0 0 0 0 0 0 0 0 0 0 0 0 0 0 0 1 0 0 0 0 0 1 0 0 0 0 0 0 0 0 0 0 0 0 0 0 0 0 0 0 0 0 0 1 0 0 0 0 0 0 0 0 0 1 0 0 0 0 1 0 0 0 0 ]
Last = [ 0 0 0 0 0 0 0 0 0 0 0 0 0 0 0 0 0 0 0 0 0 0 0 0 0 0 0 0 0 0 0 1 0 0 0 0 0 1 0 0 0 0 0 0 0 0 0 0 0 0 0 0 0 0 0 0 0 0 0 1 0 0 0 0 0 0 0 0 0 1 0 0 0 0 1 0 0 0 0 1 ]
nS = 1
S = [ 0 1 2 3 4 5 6 7 8 9 10 11 12 13 14 15 16 17 18 19 20 21 22 23 24 25 26 27 28 29 30 31 32 33 34 35 36 37 38 39 40 41 42 43 44 45 46 47 48 49 50 51 52 53 54 55 56 57 58 59 60 61 62 63 64 65 66 67 68 69 70 71 72 73 74 75 76 77 78 79 ]
