n = 80 ; 
T = 48 ; 
Init = [ 1 1 1 1 1 1 1 1 1 1 1 1 1 1 1 1 0 0 0 0 0 0 0 0 0 0 0 0 0 0 0 0 0 0 0 0 0 0 0 0 1 1 1 1 1 1 1 1 1 1 0 0 0 0 0 0 1 1 1 1 1 1 1 1 1 1 1 1 1 1 1 1 1 1 0 0 0 0 0 0 ]
L = [ 6 6 6 6 6 6 6 6 6 6 6 6 6 6 6 6 3 3 3 3 3 3 3 3 3 3 3 3 3 3 5 5 5 5 5 5 5 5 5 5 6 6 6 6 6 6 6 6 6 6 8 8 3 3 3 3 7 7 7 7 7 7 7 7 7 4 4 4 4 4 4 4 4 4 6 6 6 6 6 6 ]
l = [ 6 6 6 6 6 6 6 6 6 6 6 6 6 6 6 6 3 3 3 3 3 3 3 3 3 3 3 3 3 3 5 5 5 5 5 5 5 5 5 5 6 6 6 6 6 6 6 6 6 6 8 8 3 3 3 3 7 7 7 7 7 7 7 7 7 4 4 4 4 4 4 4 4 4 6 6 6 6 6 6 ]
Pmin = [ 68 68 68 68 68 68 68 68 68 68 68 68 68 68 68 68 29 29 29 29 29 29 29 29 29 29 29 29 29 29 62 62 62 62 62 62 62 62 62 62 58 58 58 58 58 58 58 58 58 58 88 88 32 32 32 32 78 78 78 78 78 78 78 78 78 47 47 47 47 47 47 47 47 47 66 66 66 66 66 66 ]
Pmax = [ 256 256 256 256 256 256 256 256 256 256 256 256 256 256 256 256 109 109 109 109 109 109 109 109 109 109 109 109 109 109 225 225 225 225 225 225 225 225 225 225 210 210 210 210 210 210 210 210 210 210 355 355 87 87 87 87 309 309 309 309 309 309 309 309 309 164 164 164 164 164 164 164 164 164 240 240 240 240 240 240 ]
cf = [ 32.664 32.664 32.664 32.664 32.664 32.664 32.664 32.664 32.664 32.664 32.664 32.664 32.664 32.664 32.664 32.664 46.0403 46.0403 46.0403 46.0403 46.0403 46.0403 46.0403 46.0403 46.0403 46.0403 46.0403 46.0403 46.0403 46.0403 53.6191 53.6191 53.6191 53.6191 53.6191 53.6191 53.6191 53.6191 53.6191 53.6191 16.9033 16.9033 16.9033 16.9033 16.9033 16.9033 16.9033 16.9033 16.9033 16.9033 65.6744 65.6744 66.9615 66.9615 66.9615 66.9615 24.0194 24.0194 24.0194 24.0194 24.0194 24.0194 24.0194 24.0194 24.0194 67.6897 67.6897 67.6897 67.6897 67.6897 67.6897 67.6897 67.6897 67.6897 19.6537 19.6537 19.6537 19.6537 19.6537 19.6537 ]
c0 = [ 175 175 175 175 175 175 175 175 175 175 175 175 175 175 175 175 80 80 80 80 80 80 80 80 80 80 80 80 80 80 175 175 175 175 175 175 175 175 175 175 162 162 162 162 162 162 162 162 162 162 240 240 106 106 106 106 218 218 218 218 218 218 218 218 218 131 131 131 131 131 131 131 131 131 177 177 177 177 177 177 ]
cp = [ 17.8389 17.8389 17.8389 17.8389 17.8389 17.8389 17.8389 17.8389 17.8389 17.8389 17.8389 17.8389 17.8389 17.8389 17.8389 17.8389 32.5671 32.5671 32.5671 32.5671 32.5671 32.5671 32.5671 32.5671 32.5671 32.5671 32.5671 32.5671 32.5671 32.5671 21.1443 21.1443 21.1443 21.1443 21.1443 21.1443 21.1443 21.1443 21.1443 21.1443 31.1995 31.1995 31.1995 31.1995 31.1995 31.1995 31.1995 31.1995 31.1995 31.1995 21.1427 21.1427 38.9522 38.9522 38.9522 38.9522 22.6101 22.6101 22.6101 22.6101 22.6101 22.6101 22.6101 22.6101 22.6101 32.3941 32.3941 32.3941 32.3941 32.3941 32.3941 32.3941 32.3941 32.3941 20.0874 20.0874 20.0874 20.0874 20.0874 20.0874 ]
D = [ 4540 5319 6129 6990 7647 8450 9231 10441 11269 11676 12858 13352 14280 13573 12294 11131 10089 9088 10104 10807 11827 10011 7776 5831 4094 4824 5875 6255 7636 8048 8924 9608 10640 11227 12578 13187 14127 13239 12042 10837 9801 8574 9657 10952 11926 10471 8208 6418 ]
K = 9
nk = [ 1 1 1 1 1 1 1 1 1 1 1 1 1 1 1 1 2 2 2 2 2 2 2 2 2 2 2 2 2 2 3 3 3 3 3 3 3 3 3 3 4 4 4 4 4 4 4 4 4 4 5 5 6 6 6 6 7 7 7 7 7 7 7 7 7 8 8 8 8 8 8 8 8 8 9 9 9 9 9 9 ]
First = [ 1 0 0 0 0 0 0 0 0 0 0 0 0 0 0 0 1 0 0 0 0 0 0 0 0 0 0 0 0 0 1 0 0 0 0 0 0 0 0 0 1 0 0 0 0 0 0 0 0 0 1 0 1 0 0 0 1 0 0 0 0 0 0 0 0 1 0 0 0 0 0 0 0 0 1 0 0 0 0 0 ]
Last = [ 0 0 0 0 0 0 0 0 0 0 0 0 0 0 0 1 0 0 0 0 0 0 0 0 0 0 0 0 0 1 0 0 0 0 0 0 0 0 0 1 0 0 0 0 0 0 0 0 0 1 0 1 0 0 0 1 0 0 0 0 0 0 0 0 1 0 0 0 0 0 0 0 0 1 0 0 0 0 0 1 ]
nS = 1
S = [ 0 1 2 3 4 5 6 7 8 9 10 11 12 13 14 15 16 17 18 19 20 21 22 23 24 25 26 27 28 29 30 31 32 33 34 35 36 37 38 39 40 41 42 43 44 45 46 47 48 49 50 51 52 53 54 55 56 57 58 59 60 61 62 63 64 65 66 67 68 69 70 71 72 73 74 75 76 77 78 79 ]
