n = 80 ; 
T = 48 ; 
Init = [ 0 0 0 0 0 0 0 0 0 0 0 0 0 0 0 0 0 0 0 0 0 0 0 0 1 1 1 1 1 1 1 0 1 1 1 1 1 1 1 1 1 1 1 1 1 1 1 1 1 1 1 1 1 1 1 1 1 0 0 0 0 0 0 0 0 0 0 0 0 0 0 0 1 1 1 1 1 1 1 1 ]
L = [ 9 9 9 9 9 9 9 9 9 9 9 9 9 9 9 9 9 9 9 9 9 9 9 9 7 7 7 7 7 7 7 9 9 9 9 9 9 9 9 9 9 9 9 9 9 9 9 9 9 9 9 9 9 9 9 9 9 9 9 9 9 9 9 9 9 9 9 9 9 9 9 9 7 7 7 7 7 7 7 7 ]
l = [ 9 9 9 9 9 9 9 9 9 9 9 9 9 9 9 9 9 9 9 9 9 9 9 9 7 7 7 7 7 7 7 9 9 9 9 9 9 9 9 9 9 9 9 9 9 9 9 9 9 9 9 9 9 9 9 9 9 9 9 9 9 9 9 9 9 9 9 9 9 9 9 9 7 7 7 7 7 7 7 7 ]
Pmin = [ 87 87 87 87 87 87 87 87 87 87 87 87 87 87 87 87 87 87 87 87 87 87 87 87 80 80 80 80 80 80 80 94 100 100 100 100 100 100 100 100 100 100 100 100 100 100 100 100 100 100 100 100 100 100 100 100 100 99 99 99 99 99 99 99 99 99 99 99 99 99 99 99 73 73 73 73 73 73 73 73 ]
Pmax = [ 362 362 362 362 362 362 362 362 362 362 362 362 362 362 362 362 362 362 362 362 362 362 362 362 311 311 311 311 311 311 311 383 420 420 420 420 420 420 420 420 420 420 420 420 420 420 420 420 420 420 420 420 420 420 420 420 420 388 388 388 388 388 388 388 388 388 388 388 388 388 388 388 296 296 296 296 296 296 296 296 ]
cf = [ 33.9857 33.9857 33.9857 33.9857 33.9857 33.9857 33.9857 33.9857 33.9857 33.9857 33.9857 33.9857 33.9857 33.9857 33.9857 33.9857 33.9857 33.9857 33.9857 33.9857 33.9857 33.9857 33.9857 33.9857 14.6664 14.6664 14.6664 14.6664 14.6664 14.6664 14.6664 26.9328 20.3742 20.3742 20.3742 20.3742 20.3742 20.3742 20.3742 20.3742 20.3742 20.3742 20.3742 20.3742 20.3742 20.3742 20.3742 20.3742 20.3742 20.3742 20.3742 20.3742 20.3742 20.3742 20.3742 20.3742 20.3742 59.3426 59.3426 59.3426 59.3426 59.3426 59.3426 59.3426 59.3426 59.3426 59.3426 59.3426 59.3426 59.3426 59.3426 59.3426 16.9599 16.9599 16.9599 16.9599 16.9599 16.9599 16.9599 16.9599 ]
c0 = [ 226 226 226 226 226 226 226 226 226 226 226 226 226 226 226 226 226 226 226 226 226 226 226 226 216 216 216 216 216 216 216 247 250 250 250 250 250 250 250 250 250 250 250 250 250 250 250 250 250 250 250 250 250 250 250 250 250 250 250 250 250 250 250 250 250 250 250 250 250 250 250 250 193 193 193 193 193 193 193 193 ]
cp = [ 18.6279 18.6279 18.6279 18.6279 18.6279 18.6279 18.6279 18.6279 18.6279 18.6279 18.6279 18.6279 18.6279 18.6279 18.6279 18.6279 18.6279 18.6279 18.6279 18.6279 18.6279 18.6279 18.6279 18.6279 14.3529 14.3529 14.3529 14.3529 14.3529 14.3529 14.3529 14.4673 13.0878 13.0878 13.0878 13.0878 13.0878 13.0878 13.0878 13.0878 13.0878 13.0878 13.0878 13.0878 13.0878 13.0878 13.0878 13.0878 13.0878 13.0878 13.0878 13.0878 13.0878 13.0878 13.0878 13.0878 13.0878 9.3413 9.3413 9.3413 9.3413 9.3413 9.3413 9.3413 9.3413 9.3413 9.3413 9.3413 9.3413 9.3413 9.3413 9.3413 19.7779 19.7779 19.7779 19.7779 19.7779 19.7779 19.7779 19.7779 ]
D = [ 7030 8464 10014 12085 13749 15496 16582 18760 20305 21864 23876 24693 26532 24094 21167 19524 16834 14756 17091 19650 22481 19015 15062 10967 7571 8288 10053 11257 13127 15369 16643 18667 20399 21060 23035 24733 25812 24445 22626 19908 18017 15761 18075 19435 21066 17599 13450 9655 ]
K = 6
nk = [ 1 1 1 1 1 1 1 1 1 1 1 1 1 1 1 1 1 1 1 1 1 1 1 1 2 2 2 2 2 2 2 3 4 4 4 4 4 4 4 4 4 4 4 4 4 4 4 4 4 4 4 4 4 4 4 4 4 5 5 5 5 5 5 5 5 5 5 5 5 5 5 5 6 6 6 6 6 6 6 6 ]
First = [ 1 0 0 0 0 0 0 0 0 0 0 0 0 0 0 0 0 0 0 0 0 0 0 0 1 0 0 0 0 0 0 1 1 0 0 0 0 0 0 0 0 0 0 0 0 0 0 0 0 0 0 0 0 0 0 0 0 1 0 0 0 0 0 0 0 0 0 0 0 0 0 0 1 0 0 0 0 0 0 0 ]
Last = [ 0 0 0 0 0 0 0 0 0 0 0 0 0 0 0 0 0 0 0 0 0 0 0 1 0 0 0 0 0 0 1 1 0 0 0 0 0 0 0 0 0 0 0 0 0 0 0 0 0 0 0 0 0 0 0 0 1 0 0 0 0 0 0 0 0 0 0 0 0 0 0 1 0 0 0 0 0 0 0 1 ]
nS = 1
S = [ 0 1 2 3 4 5 6 7 8 9 10 11 12 13 14 15 16 17 18 19 20 21 22 23 24 25 26 27 28 29 30 31 32 33 34 35 36 37 38 39 40 41 42 43 44 45 46 47 48 49 50 51 52 53 54 55 56 57 58 59 60 61 62 63 64 65 66 67 68 69 70 71 72 73 74 75 76 77 78 79 ]
