n = 80 ; 
T = 48 ; 
Init = [ 0 0 0 0 1 1 1 1 1 1 1 1 1 1 1 1 1 1 1 1 1 0 1 1 1 1 1 1 1 1 1 1 1 1 1 1 1 1 1 1 1 1 1 1 1 1 1 1 1 1 1 1 1 1 0 0 0 0 0 0 0 0 0 0 0 0 0 0 0 0 0 0 0 0 0 0 0 0 0 0 ]
L = [ 7 7 7 7 3 3 3 3 3 3 3 3 3 3 3 3 3 3 3 3 3 4 4 4 4 4 4 4 4 4 4 4 4 4 4 4 4 4 4 4 4 4 4 4 4 4 4 4 4 4 4 4 4 4 4 4 4 4 4 4 4 4 4 4 4 4 4 4 4 4 4 4 4 4 4 4 4 4 4 6 ]
l = [ 7 7 7 7 3 3 3 3 3 3 3 3 3 3 3 3 3 3 3 3 3 4 4 4 4 4 4 4 4 4 4 4 4 4 4 4 4 4 4 4 4 4 4 4 4 4 4 4 4 4 4 4 4 4 4 4 4 4 4 4 4 4 4 4 4 4 4 4 4 4 4 4 4 4 4 4 4 4 4 6 ]
Pmin = [ 73 73 73 73 26 26 26 26 26 26 26 26 26 26 26 26 26 26 26 26 26 39 39 39 39 39 39 39 39 39 39 39 39 39 39 39 39 39 39 39 39 39 39 39 39 39 43 43 43 43 43 43 43 43 44 44 44 44 44 44 44 44 44 44 44 44 44 44 44 44 44 44 44 44 44 44 44 44 44 61 ]
Pmax = [ 284 284 284 284 80 80 80 80 80 80 80 80 80 80 80 80 80 80 80 80 80 140 123 123 123 123 123 123 123 123 123 123 123 123 123 123 123 123 123 123 123 123 123 123 123 123 135 135 135 135 135 135 135 135 175 175 175 175 175 175 175 175 175 175 175 175 175 175 175 175 175 175 175 175 175 175 175 175 175 244 ]
cf = [ 10.6657 10.6657 10.6657 10.6657 54.9015 54.9015 54.9015 54.9015 54.9015 54.9015 54.9015 54.9015 54.9015 54.9015 54.9015 54.9015 54.9015 54.9015 54.9015 54.9015 54.9015 14.5471 43.1134 43.1134 43.1134 43.1134 43.1134 43.1134 43.1134 43.1134 43.1134 43.1134 43.1134 43.1134 43.1134 43.1134 43.1134 43.1134 43.1134 43.1134 43.1134 43.1134 43.1134 43.1134 43.1134 43.1134 29.6533 29.6533 29.6533 29.6533 29.6533 29.6533 29.6533 29.6533 19.7743 19.7743 19.7743 19.7743 19.7743 19.7743 19.7743 19.7743 19.7743 19.7743 19.7743 19.7743 19.7743 19.7743 19.7743 19.7743 19.7743 19.7743 19.7743 19.7743 19.7743 19.7743 19.7743 19.7743 19.7743 8.77539 ]
c0 = [ 195 195 195 195 85 85 85 85 85 85 85 85 85 85 85 85 85 85 85 85 85 111 116 116 116 116 116 116 116 116 116 116 116 116 116 116 116 116 116 116 116 116 116 116 116 116 122 122 122 122 122 122 122 122 131 131 131 131 131 131 131 131 131 131 131 131 131 131 131 131 131 131 131 131 131 131 131 131 131 163 ]
cp = [ 19.826 19.826 19.826 19.826 35.8075 35.8075 35.8075 35.8075 35.8075 35.8075 35.8075 35.8075 35.8075 35.8075 35.8075 35.8075 35.8075 35.8075 35.8075 35.8075 35.8075 27.4028 26.8325 26.8325 26.8325 26.8325 26.8325 26.8325 26.8325 26.8325 26.8325 26.8325 26.8325 26.8325 26.8325 26.8325 26.8325 26.8325 26.8325 26.8325 26.8325 26.8325 26.8325 26.8325 26.8325 26.8325 35.864 35.864 35.864 35.864 35.864 35.864 35.864 35.864 22.4876 22.4876 22.4876 22.4876 22.4876 22.4876 22.4876 22.4876 22.4876 22.4876 22.4876 22.4876 22.4876 22.4876 22.4876 22.4876 22.4876 22.4876 22.4876 22.4876 22.4876 22.4876 22.4876 22.4876 22.4876 22.5991 ]
D = [ 2378 2901 3765 4057 4646 5581 6002 6749 7107 7653 8359 9053 9623 8619 7722 6954 6381 5480 6644 7741 8538 7348 6012 4646 3095 3554 4391 4667 5414 5966 6255 6909 7306 7765 8201 9020 9609 8925 8050 7225 6472 6107 6732 7552 8858 7148 5784 4546 ]
K = 7
nk = [ 1 1 1 1 2 2 2 2 2 2 2 2 2 2 2 2 2 2 2 2 2 3 4 4 4 4 4 4 4 4 4 4 4 4 4 4 4 4 4 4 4 4 4 4 4 4 5 5 5 5 5 5 5 5 6 6 6 6 6 6 6 6 6 6 6 6 6 6 6 6 6 6 6 6 6 6 6 6 6 7 ]
First = [ 1 0 0 0 1 0 0 0 0 0 0 0 0 0 0 0 0 0 0 0 0 1 1 0 0 0 0 0 0 0 0 0 0 0 0 0 0 0 0 0 0 0 0 0 0 0 1 0 0 0 0 0 0 0 1 0 0 0 0 0 0 0 0 0 0 0 0 0 0 0 0 0 0 0 0 0 0 0 0 1 ]
Last = [ 0 0 0 1 0 0 0 0 0 0 0 0 0 0 0 0 0 0 0 0 1 1 0 0 0 0 0 0 0 0 0 0 0 0 0 0 0 0 0 0 0 0 0 0 0 1 0 0 0 0 0 0 0 1 0 0 0 0 0 0 0 0 0 0 0 0 0 0 0 0 0 0 0 0 0 0 0 0 1 1 ]
nS = 1
S = [ 0 1 2 3 4 5 6 7 8 9 10 11 12 13 14 15 16 17 18 19 20 21 22 23 24 25 26 27 28 29 30 31 32 33 34 35 36 37 38 39 40 41 42 43 44 45 46 47 48 49 50 51 52 53 54 55 56 57 58 59 60 61 62 63 64 65 66 67 68 69 70 71 72 73 74 75 76 77 78 79 ]
