n = 80 ; 
T = 48 ; 
Init = [ 0 0 0 0 0 0 0 0 0 0 0 0 0 0 0 0 0 0 0 0 0 0 0 0 0 0 0 0 0 0 0 0 0 0 0 0 0 0 0 0 0 0 0 0 0 0 0 0 0 0 0 0 0 0 0 0 0 0 0 0 0 0 0 0 0 1 1 1 1 1 1 1 1 1 1 1 1 1 1 1 ]
L = [ 3 3 3 3 3 3 3 3 3 3 3 3 3 3 3 3 3 3 3 4 4 4 4 4 4 4 4 4 4 4 4 4 4 4 4 4 4 4 4 9 9 9 9 9 9 9 9 9 9 9 9 9 9 9 9 9 9 9 9 9 9 9 9 9 9 3 3 3 3 3 3 3 3 3 3 3 3 3 3 3 ]
l = [ 3 3 3 3 3 3 3 3 3 3 3 3 3 3 3 3 3 3 3 4 4 4 4 4 4 4 4 4 4 4 4 4 4 4 4 4 4 4 4 9 9 9 9 9 9 9 9 9 9 9 9 9 9 9 9 9 9 9 9 9 9 9 9 9 9 3 3 3 3 3 3 3 3 3 3 3 3 3 3 3 ]
Pmin = [ 39 39 39 39 39 39 39 39 39 39 39 39 39 39 39 39 39 39 39 47 47 47 47 47 47 47 47 47 47 47 47 47 47 47 47 47 47 47 47 87 87 87 87 87 87 87 87 87 87 87 87 87 87 87 87 87 87 87 87 87 87 87 87 87 87 34 34 34 34 34 34 34 34 34 34 34 34 34 34 34 ]
Pmax = [ 124 124 124 124 124 124 124 124 124 124 124 124 124 124 124 124 124 124 124 167 167 167 167 167 167 167 167 167 167 167 167 167 167 167 167 167 167 167 167 358 358 358 358 358 358 358 358 358 358 358 358 358 358 358 358 358 358 358 358 358 358 358 358 358 358 104 104 104 104 104 104 104 104 104 104 104 104 104 104 104 ]
cf = [ 53.7168 53.7168 53.7168 53.7168 53.7168 53.7168 53.7168 53.7168 53.7168 53.7168 53.7168 53.7168 53.7168 53.7168 53.7168 53.7168 53.7168 53.7168 53.7168 42.5035 42.5035 42.5035 42.5035 42.5035 42.5035 42.5035 42.5035 42.5035 42.5035 42.5035 42.5035 42.5035 42.5035 42.5035 42.5035 42.5035 42.5035 42.5035 42.5035 24.5742 24.5742 24.5742 24.5742 24.5742 24.5742 24.5742 24.5742 24.5742 24.5742 24.5742 24.5742 24.5742 24.5742 24.5742 24.5742 24.5742 24.5742 24.5742 24.5742 24.5742 24.5742 24.5742 24.5742 24.5742 24.5742 34.937 34.937 34.937 34.937 34.937 34.937 34.937 34.937 34.937 34.937 34.937 34.937 34.937 34.937 34.937 ]
c0 = [ 111 111 111 111 111 111 111 111 111 111 111 111 111 111 111 111 111 111 111 129 129 129 129 129 129 129 129 129 129 129 129 129 129 129 129 129 129 129 129 227 227 227 227 227 227 227 227 227 227 227 227 227 227 227 227 227 227 227 227 227 227 227 227 227 227 110 110 110 110 110 110 110 110 110 110 110 110 110 110 110 ]
cp = [ 34.2927 34.2927 34.2927 34.2927 34.2927 34.2927 34.2927 34.2927 34.2927 34.2927 34.2927 34.2927 34.2927 34.2927 34.2927 34.2927 34.2927 34.2927 34.2927 28.639 28.639 28.639 28.639 28.639 28.639 28.639 28.639 28.639 28.639 28.639 28.639 28.639 28.639 28.639 28.639 28.639 28.639 28.639 28.639 11.0996 11.0996 11.0996 11.0996 11.0996 11.0996 11.0996 11.0996 11.0996 11.0996 11.0996 11.0996 11.0996 11.0996 11.0996 11.0996 11.0996 11.0996 11.0996 11.0996 11.0996 11.0996 11.0996 11.0996 11.0996 11.0996 34.3485 34.3485 34.3485 34.3485 34.3485 34.3485 34.3485 34.3485 34.3485 34.3485 34.3485 34.3485 34.3485 34.3485 34.3485 ]
D = [ 4249 4938 5409 6511 7105 7766 9176 10006 10714 11293 12501 13221 13836 12400 11638 10481 9134 7762 9134 10812 12732 10096 8073 5513 3786 4150 5075 6238 6915 8122 9058 9576 10710 11656 12061 12953 14286 13112 11657 10584 9154 7713 9089 10746 11813 10064 8175 6168 ]
K = 4
nk = [ 1 1 1 1 1 1 1 1 1 1 1 1 1 1 1 1 1 1 1 2 2 2 2 2 2 2 2 2 2 2 2 2 2 2 2 2 2 2 2 3 3 3 3 3 3 3 3 3 3 3 3 3 3 3 3 3 3 3 3 3 3 3 3 3 3 4 4 4 4 4 4 4 4 4 4 4 4 4 4 4 ]
First = [ 1 0 0 0 0 0 0 0 0 0 0 0 0 0 0 0 0 0 0 1 0 0 0 0 0 0 0 0 0 0 0 0 0 0 0 0 0 0 0 1 0 0 0 0 0 0 0 0 0 0 0 0 0 0 0 0 0 0 0 0 0 0 0 0 0 1 0 0 0 0 0 0 0 0 0 0 0 0 0 0 ]
Last = [ 0 0 0 0 0 0 0 0 0 0 0 0 0 0 0 0 0 0 1 0 0 0 0 0 0 0 0 0 0 0 0 0 0 0 0 0 0 0 1 0 0 0 0 0 0 0 0 0 0 0 0 0 0 0 0 0 0 0 0 0 0 0 0 0 1 0 0 0 0 0 0 0 0 0 0 0 0 0 0 1 ]
nS = 1
S = [ 0 1 2 3 4 5 6 7 8 9 10 11 12 13 14 15 16 17 18 19 20 21 22 23 24 25 26 27 28 29 30 31 32 33 34 35 36 37 38 39 40 41 42 43 44 45 46 47 48 49 50 51 52 53 54 55 56 57 58 59 60 61 62 63 64 65 66 67 68 69 70 71 72 73 74 75 76 77 78 79 ]
