n = 80 ; 
T = 48 ; 
Init = [ 0 0 0 0 0 0 0 0 0 0 0 0 0 0 0 0 0 0 0 0 0 0 0 0 0 0 0 0 0 0 0 0 0 0 0 0 0 0 0 0 0 0 0 0 0 0 0 0 0 0 0 0 0 0 0 0 0 0 0 0 0 0 0 0 0 0 0 0 0 0 0 0 0 0 0 0 0 0 0 0 ]
L = [ 8 8 8 8 8 8 8 8 8 8 8 8 9 9 9 9 9 9 9 9 9 9 9 9 9 9 9 9 9 9 9 9 9 9 9 9 9 9 9 9 2 2 2 2 2 2 2 2 2 2 2 2 2 2 2 2 2 2 2 2 2 3 3 3 3 3 3 3 3 3 3 3 3 3 3 3 3 3 3 3 ]
l = [ 8 8 8 8 8 8 8 8 8 8 8 8 9 9 9 9 9 9 9 9 9 9 9 9 9 9 9 9 9 9 9 9 9 9 9 9 9 9 9 9 2 2 2 2 2 2 2 2 2 2 2 2 2 2 2 2 2 2 2 2 2 3 3 3 3 3 3 3 3 3 3 3 3 3 3 3 3 3 3 3 ]
Pmin = [ 86 86 86 86 86 86 86 86 86 86 86 86 100 100 100 100 100 100 100 100 100 100 100 100 100 100 100 100 100 100 100 100 100 100 100 100 100 100 100 100 26 26 26 26 26 26 26 26 26 26 26 26 26 26 26 26 26 26 26 26 26 28 28 28 28 28 28 28 28 28 28 28 28 28 28 28 28 28 28 28 ]
Pmax = [ 337 337 337 337 337 337 337 337 337 337 337 337 420 420 420 420 420 420 420 420 420 420 420 420 420 420 420 420 420 420 420 420 420 420 420 420 420 420 420 420 75 75 75 75 75 75 75 75 75 75 75 75 75 75 75 75 75 75 75 75 75 89 89 89 89 89 89 89 89 89 89 89 89 89 89 89 89 89 89 89 ]
cf = [ 16.8694 16.8694 16.8694 16.8694 16.8694 16.8694 16.8694 16.8694 16.8694 16.8694 16.8694 16.8694 29.0072 29.0072 29.0072 29.0072 29.0072 29.0072 29.0072 29.0072 29.0072 29.0072 29.0072 29.0072 29.0072 29.0072 29.0072 29.0072 29.0072 29.0072 29.0072 29.0072 29.0072 29.0072 29.0072 29.0072 29.0072 29.0072 29.0072 29.0072 44.257 44.257 44.257 44.257 44.257 44.257 44.257 44.257 44.257 44.257 44.257 44.257 44.257 44.257 44.257 44.257 44.257 44.257 44.257 44.257 44.257 50.1139 50.1139 50.1139 50.1139 50.1139 50.1139 50.1139 50.1139 50.1139 50.1139 50.1139 50.1139 50.1139 50.1139 50.1139 50.1139 50.1139 50.1139 50.1139 ]
c0 = [ 230 230 230 230 230 230 230 230 230 230 230 230 250 250 250 250 250 250 250 250 250 250 250 250 250 250 250 250 250 250 250 250 250 250 250 250 250 250 250 250 76 76 76 76 76 76 76 76 76 76 76 76 76 76 76 76 76 76 76 76 76 94 94 94 94 94 94 94 94 94 94 94 94 94 94 94 94 94 94 94 ]
cp = [ 16.4049 16.4049 16.4049 16.4049 16.4049 16.4049 16.4049 16.4049 16.4049 16.4049 16.4049 16.4049 14.1483 14.1483 14.1483 14.1483 14.1483 14.1483 14.1483 14.1483 14.1483 14.1483 14.1483 14.1483 14.1483 14.1483 14.1483 14.1483 14.1483 14.1483 14.1483 14.1483 14.1483 14.1483 14.1483 14.1483 14.1483 14.1483 14.1483 14.1483 40.5611 40.5611 40.5611 40.5611 40.5611 40.5611 40.5611 40.5611 40.5611 40.5611 40.5611 40.5611 40.5611 40.5611 40.5611 40.5611 40.5611 40.5611 40.5611 40.5611 40.5611 30.8953 30.8953 30.8953 30.8953 30.8953 30.8953 30.8953 30.8953 30.8953 30.8953 30.8953 30.8953 30.8953 30.8953 30.8953 30.8953 30.8953 30.8953 30.8953 ]
D = [ 4274 5115 6491 7415 8614 9047 10191 11432 12286 12868 14021 15204 15921 14854 13184 12699 11479 10198 11431 12938 14441 11957 10296 7483 4849 6343 6977 7536 8694 9304 10113 11519 12324 13426 13974 15175 15718 14444 13356 11964 10971 9824 11027 12567 14449 11912 9706 7855 ]
K = 4
nk = [ 1 1 1 1 1 1 1 1 1 1 1 1 2 2 2 2 2 2 2 2 2 2 2 2 2 2 2 2 2 2 2 2 2 2 2 2 2 2 2 2 3 3 3 3 3 3 3 3 3 3 3 3 3 3 3 3 3 3 3 3 3 4 4 4 4 4 4 4 4 4 4 4 4 4 4 4 4 4 4 4 ]
First = [ 1 0 0 0 0 0 0 0 0 0 0 0 1 0 0 0 0 0 0 0 0 0 0 0 0 0 0 0 0 0 0 0 0 0 0 0 0 0 0 0 1 0 0 0 0 0 0 0 0 0 0 0 0 0 0 0 0 0 0 0 0 1 0 0 0 0 0 0 0 0 0 0 0 0 0 0 0 0 0 0 ]
Last = [ 0 0 0 0 0 0 0 0 0 0 0 1 0 0 0 0 0 0 0 0 0 0 0 0 0 0 0 0 0 0 0 0 0 0 0 0 0 0 0 1 0 0 0 0 0 0 0 0 0 0 0 0 0 0 0 0 0 0 0 0 1 0 0 0 0 0 0 0 0 0 0 0 0 0 0 0 0 0 0 1 ]
nS = 1
S = [ 0 1 2 3 4 5 6 7 8 9 10 11 12 13 14 15 16 17 18 19 20 21 22 23 24 25 26 27 28 29 30 31 32 33 34 35 36 37 38 39 40 41 42 43 44 45 46 47 48 49 50 51 52 53 54 55 56 57 58 59 60 61 62 63 64 65 66 67 68 69 70 71 72 73 74 75 76 77 78 79 ]
