n = 80 ; 
T = 48 ; 
Init = [ 1 1 1 1 1 1 1 1 1 1 1 1 1 1 1 1 1 1 1 1 1 1 1 1 1 1 1 1 1 1 1 1 1 1 1 1 1 1 1 1 1 0 0 0 0 0 0 0 0 0 0 0 0 0 0 0 0 0 0 0 0 0 0 0 0 0 0 0 0 0 0 0 0 0 0 0 0 0 0 0 ]
L = [ 5 5 5 5 5 5 5 5 5 5 5 5 5 5 5 5 5 5 8 8 8 8 8 8 8 6 6 6 8 8 8 8 8 8 8 8 8 8 8 8 8 4 4 4 4 4 4 4 4 4 4 4 4 4 4 4 4 4 4 4 4 4 4 4 4 4 4 4 4 4 4 4 6 6 6 6 6 6 6 6 ]
l = [ 5 5 5 5 5 5 5 5 5 5 5 5 5 5 5 5 5 5 8 8 8 8 8 8 8 6 6 6 8 8 8 8 8 8 8 8 8 8 8 8 8 4 4 4 4 4 4 4 4 4 4 4 4 4 4 4 4 4 4 4 4 4 4 4 4 4 4 4 4 4 4 4 6 6 6 6 6 6 6 6 ]
Pmin = [ 47 47 47 47 47 47 47 47 47 47 47 47 47 47 47 47 47 47 82 82 82 82 82 82 82 65 65 65 95 95 95 95 95 95 95 95 95 95 95 95 95 47 47 47 47 47 47 47 47 47 47 47 47 47 47 47 47 47 47 38 38 38 38 38 38 38 38 38 38 38 38 38 63 63 63 63 63 63 63 63 ]
Pmax = [ 173 173 173 173 173 173 173 173 173 173 173 173 173 173 173 173 173 173 323 323 323 323 323 323 323 255 255 255 377 377 377 377 377 377 377 377 377 377 377 377 377 156 156 156 156 156 156 156 156 156 156 156 156 156 156 156 156 156 156 141 141 141 141 141 141 141 141 141 141 141 141 141 231 231 231 231 231 231 231 231 ]
cf = [ 16.0228 16.0228 16.0228 16.0228 16.0228 16.0228 16.0228 16.0228 16.0228 16.0228 16.0228 16.0228 16.0228 16.0228 16.0228 16.0228 16.0228 16.0228 66.5609 66.5609 66.5609 66.5609 66.5609 66.5609 66.5609 18.9975 18.9975 18.9975 14.8573 14.8573 14.8573 14.8573 14.8573 14.8573 14.8573 14.8573 14.8573 14.8573 14.8573 14.8573 14.8573 23.2449 23.2449 23.2449 23.2449 23.2449 23.2449 23.2449 23.2449 23.2449 23.2449 23.2449 23.2449 23.2449 23.2449 23.2449 23.2449 23.2449 23.2449 13.1214 13.1214 13.1214 13.1214 13.1214 13.1214 13.1214 13.1214 13.1214 13.1214 13.1214 13.1214 13.1214 46.0576 46.0576 46.0576 46.0576 46.0576 46.0576 46.0576 46.0576 ]
c0 = [ 141 141 141 141 141 141 141 141 141 141 141 141 141 141 141 141 141 141 219 219 219 219 219 219 219 184 184 184 246 246 246 246 246 246 246 246 246 246 246 246 246 146 146 146 146 146 146 146 146 146 146 146 146 146 146 146 146 146 146 104 104 104 104 104 104 104 104 104 104 104 104 104 164 164 164 164 164 164 164 164 ]
cp = [ 30.4019 30.4019 30.4019 30.4019 30.4019 30.4019 30.4019 30.4019 30.4019 30.4019 30.4019 30.4019 30.4019 30.4019 30.4019 30.4019 30.4019 30.4019 15.519 15.519 15.519 15.519 15.519 15.519 15.519 17.2302 17.2302 17.2302 13.6091 13.6091 13.6091 13.6091 13.6091 13.6091 13.6091 13.6091 13.6091 13.6091 13.6091 13.6091 13.6091 31.7749 31.7749 31.7749 31.7749 31.7749 31.7749 31.7749 31.7749 31.7749 31.7749 31.7749 31.7749 31.7749 31.7749 31.7749 31.7749 31.7749 31.7749 35.8284 35.8284 35.8284 35.8284 35.8284 35.8284 35.8284 35.8284 35.8284 35.8284 35.8284 35.8284 35.8284 32.79 32.79 32.79 32.79 32.79 32.79 32.79 32.79 ]
D = [ 4110 5004 6473 7145 8183 8812 10135 10851 11716 12341 13842 14573 15346 14259 12584 11539 9692 8708 10046 10964 12052 10600 8432 7084 4732 5510 6397 7080 7715 9062 9871 10222 11279 11891 12897 13667 14166 13108 11857 10739 10061 8416 9962 11408 13006 10729 8522 6336 ]
K = 7
nk = [ 1 1 1 1 1 1 1 1 1 1 1 1 1 1 1 1 1 1 2 2 2 2 2 2 2 3 3 3 4 4 4 4 4 4 4 4 4 4 4 4 4 5 5 5 5 5 5 5 5 5 5 5 5 5 5 5 5 5 5 6 6 6 6 6 6 6 6 6 6 6 6 6 7 7 7 7 7 7 7 7 ]
First = [ 1 0 0 0 0 0 0 0 0 0 0 0 0 0 0 0 0 0 1 0 0 0 0 0 0 1 0 0 1 0 0 0 0 0 0 0 0 0 0 0 0 1 0 0 0 0 0 0 0 0 0 0 0 0 0 0 0 0 0 1 0 0 0 0 0 0 0 0 0 0 0 0 1 0 0 0 0 0 0 0 ]
Last = [ 0 0 0 0 0 0 0 0 0 0 0 0 0 0 0 0 0 1 0 0 0 0 0 0 1 0 0 1 0 0 0 0 0 0 0 0 0 0 0 0 1 0 0 0 0 0 0 0 0 0 0 0 0 0 0 0 0 0 1 0 0 0 0 0 0 0 0 0 0 0 0 1 0 0 0 0 0 0 0 1 ]
nS = 1
S = [ 0 1 2 3 4 5 6 7 8 9 10 11 12 13 14 15 16 17 18 19 20 21 22 23 24 25 26 27 28 29 30 31 32 33 34 35 36 37 38 39 40 41 42 43 44 45 46 47 48 49 50 51 52 53 54 55 56 57 58 59 60 61 62 63 64 65 66 67 68 69 70 71 72 73 74 75 76 77 78 79 ]
