n = 80 ; 
T = 48 ; 
Init = [ 0 0 0 0 0 0 0 0 0 1 1 1 1 1 1 1 1 1 1 1 1 1 1 0 0 0 0 0 0 0 0 0 0 0 0 0 0 0 0 0 0 0 0 0 0 0 0 0 0 0 0 0 0 0 0 0 0 0 0 0 0 0 0 0 1 1 1 1 1 1 1 1 1 1 1 1 1 1 1 1 ]
L = [ 6 6 6 6 6 6 6 6 6 5 5 5 5 5 5 5 5 5 5 5 5 5 5 8 8 8 8 8 8 8 8 8 8 8 8 8 8 8 8 4 4 4 4 4 4 4 4 4 4 4 4 4 4 4 8 8 8 8 8 8 8 8 8 8 5 5 5 5 5 5 5 5 5 5 5 5 5 5 5 8 ]
l = [ 6 6 6 6 6 6 6 6 6 5 5 5 5 5 5 5 5 5 5 5 5 5 5 8 8 8 8 8 8 8 8 8 8 8 8 8 8 8 8 4 4 4 4 4 4 4 4 4 4 4 4 4 4 4 8 8 8 8 8 8 8 8 8 8 5 5 5 5 5 5 5 5 5 5 5 5 5 5 5 8 ]
Pmin = [ 65 65 65 65 65 65 65 65 65 46 46 46 46 46 46 46 46 46 46 46 46 46 46 95 95 95 95 95 95 95 95 95 95 95 95 95 95 95 95 46 46 46 46 46 46 46 46 46 46 46 46 46 46 46 83 83 83 83 83 83 83 83 83 83 60 60 60 60 60 60 60 60 60 60 60 60 60 60 60 82 ]
Pmax = [ 239 239 239 239 239 239 239 239 239 156 156 156 156 156 156 156 156 156 156 156 156 156 156 373 373 373 373 373 373 373 373 373 373 373 373 373 373 373 373 167 167 167 167 167 167 167 167 167 167 167 167 167 167 167 315 315 315 315 315 315 315 315 315 315 214 214 214 214 214 214 214 214 214 214 214 214 214 214 214 323 ]
cf = [ 41.8585 41.8585 41.8585 41.8585 41.8585 41.8585 41.8585 41.8585 41.8585 55.9927 55.9927 55.9927 55.9927 55.9927 55.9927 55.9927 55.9927 55.9927 55.9927 55.9927 55.9927 55.9927 55.9927 23.5795 23.5795 23.5795 23.5795 23.5795 23.5795 23.5795 23.5795 23.5795 23.5795 23.5795 23.5795 23.5795 23.5795 23.5795 23.5795 37.2111 37.2111 37.2111 37.2111 37.2111 37.2111 37.2111 37.2111 37.2111 37.2111 37.2111 37.2111 37.2111 37.2111 37.2111 11.3074 11.3074 11.3074 11.3074 11.3074 11.3074 11.3074 11.3074 11.3074 11.3074 27.7487 27.7487 27.7487 27.7487 27.7487 27.7487 27.7487 27.7487 27.7487 27.7487 27.7487 27.7487 27.7487 27.7487 27.7487 46.2205 ]
c0 = [ 172 172 172 172 172 172 172 172 172 137 137 137 137 137 137 137 137 137 137 137 137 137 137 250 250 250 250 250 250 250 250 250 250 250 250 250 250 250 250 124 124 124 124 124 124 124 124 124 124 124 124 124 124 124 209 209 209 209 209 209 209 209 209 209 165 165 165 165 165 165 165 165 165 165 165 165 165 165 165 212 ]
cp = [ 24.3554 24.3554 24.3554 24.3554 24.3554 24.3554 24.3554 24.3554 24.3554 28.6976 28.6976 28.6976 28.6976 28.6976 28.6976 28.6976 28.6976 28.6976 28.6976 28.6976 28.6976 28.6976 28.6976 14.1024 14.1024 14.1024 14.1024 14.1024 14.1024 14.1024 14.1024 14.1024 14.1024 14.1024 14.1024 14.1024 14.1024 14.1024 14.1024 32.0441 32.0441 32.0441 32.0441 32.0441 32.0441 32.0441 32.0441 32.0441 32.0441 32.0441 32.0441 32.0441 32.0441 32.0441 21.5924 21.5924 21.5924 21.5924 21.5924 21.5924 21.5924 21.5924 21.5924 21.5924 30.0094 30.0094 30.0094 30.0094 30.0094 30.0094 30.0094 30.0094 30.0094 30.0094 30.0094 30.0094 30.0094 30.0094 30.0094 10.3497 ]
D = [ 5262 5651 7165 7716 8910 9777 10578 11708 12175 12894 14250 14735 16277 14560 13475 11965 11065 9603 11090 12623 14359 11960 9991 7551 5949 6676 7682 8008 9329 9966 10566 11834 12351 13941 14756 15072 16318 15181 13822 12370 10681 9126 11582 13241 15810 12740 10635 7562 ]
K = 7
nk = [ 1 1 1 1 1 1 1 1 1 2 2 2 2 2 2 2 2 2 2 2 2 2 2 3 3 3 3 3 3 3 3 3 3 3 3 3 3 3 3 4 4 4 4 4 4 4 4 4 4 4 4 4 4 4 5 5 5 5 5 5 5 5 5 5 6 6 6 6 6 6 6 6 6 6 6 6 6 6 6 7 ]
First = [ 1 0 0 0 0 0 0 0 0 1 0 0 0 0 0 0 0 0 0 0 0 0 0 1 0 0 0 0 0 0 0 0 0 0 0 0 0 0 0 1 0 0 0 0 0 0 0 0 0 0 0 0 0 0 1 0 0 0 0 0 0 0 0 0 1 0 0 0 0 0 0 0 0 0 0 0 0 0 0 1 ]
Last = [ 0 0 0 0 0 0 0 0 1 0 0 0 0 0 0 0 0 0 0 0 0 0 1 0 0 0 0 0 0 0 0 0 0 0 0 0 0 0 1 0 0 0 0 0 0 0 0 0 0 0 0 0 0 1 0 0 0 0 0 0 0 0 0 1 0 0 0 0 0 0 0 0 0 0 0 0 0 0 1 1 ]
nS = 1
S = [ 0 1 2 3 4 5 6 7 8 9 10 11 12 13 14 15 16 17 18 19 20 21 22 23 24 25 26 27 28 29 30 31 32 33 34 35 36 37 38 39 40 41 42 43 44 45 46 47 48 49 50 51 52 53 54 55 56 57 58 59 60 61 62 63 64 65 66 67 68 69 70 71 72 73 74 75 76 77 78 79 ]
