n = 80 ; 
T = 48 ; 
Init = [ 1 1 1 1 1 1 1 1 1 1 1 1 1 1 1 1 1 1 1 1 1 1 1 1 1 1 1 1 1 1 1 1 1 1 1 1 1 1 1 1 1 1 1 1 1 1 1 1 1 1 1 1 1 1 1 1 1 1 1 1 1 1 1 1 1 1 1 1 1 1 1 1 1 1 1 1 1 1 1 1 ]
L = [ 9 9 9 9 9 9 9 9 9 9 9 9 9 9 9 9 9 9 9 9 9 9 9 9 9 9 9 9 9 9 9 9 9 9 9 9 9 2 2 2 2 2 2 2 2 2 2 2 2 2 2 2 2 2 2 2 2 2 2 2 8 8 8 8 8 8 8 8 8 8 8 8 8 8 8 8 8 8 8 8 ]
l = [ 9 9 9 9 9 9 9 9 9 9 9 9 9 9 9 9 9 9 9 9 9 9 9 9 9 9 9 9 9 9 9 9 9 9 9 9 9 2 2 2 2 2 2 2 2 2 2 2 2 2 2 2 2 2 2 2 2 2 2 2 8 8 8 8 8 8 8 8 8 8 8 8 8 8 8 8 8 8 8 8 ]
Pmin = [ 93 93 93 93 93 93 93 93 93 93 93 93 93 93 93 93 93 93 93 93 93 93 93 93 93 93 93 93 93 93 93 93 93 93 93 93 93 19 19 19 19 19 19 19 19 19 19 19 19 19 19 19 19 19 19 19 19 19 19 19 90 90 90 90 90 90 90 90 90 90 90 90 90 90 90 90 90 90 90 90 ]
Pmax = [ 375 375 375 375 375 375 375 375 375 375 375 375 375 375 375 375 375 375 375 375 375 375 375 375 375 375 375 375 375 375 375 375 375 375 375 375 375 43 43 43 43 43 43 43 43 43 43 43 43 43 43 43 43 43 43 43 43 43 43 43 357 357 357 357 357 357 357 357 357 357 357 357 357 357 357 357 357 357 357 357 ]
cf = [ 36.8057 36.8057 36.8057 36.8057 36.8057 36.8057 36.8057 36.8057 36.8057 36.8057 36.8057 36.8057 36.8057 36.8057 36.8057 36.8057 36.8057 36.8057 36.8057 36.8057 36.8057 36.8057 36.8057 36.8057 36.8057 36.8057 36.8057 36.8057 36.8057 36.8057 36.8057 36.8057 36.8057 36.8057 36.8057 36.8057 36.8057 55.4698 55.4698 55.4698 55.4698 55.4698 55.4698 55.4698 55.4698 55.4698 55.4698 55.4698 55.4698 55.4698 55.4698 55.4698 55.4698 55.4698 55.4698 55.4698 55.4698 55.4698 55.4698 55.4698 24.3089 24.3089 24.3089 24.3089 24.3089 24.3089 24.3089 24.3089 24.3089 24.3089 24.3089 24.3089 24.3089 24.3089 24.3089 24.3089 24.3089 24.3089 24.3089 24.3089 ]
c0 = [ 242 242 242 242 242 242 242 242 242 242 242 242 242 242 242 242 242 242 242 242 242 242 242 242 242 242 242 242 242 242 242 242 242 242 242 242 242 56 56 56 56 56 56 56 56 56 56 56 56 56 56 56 56 56 56 56 56 56 56 56 246 246 246 246 246 246 246 246 246 246 246 246 246 246 246 246 246 246 246 246 ]
cp = [ 18.235 18.235 18.235 18.235 18.235 18.235 18.235 18.235 18.235 18.235 18.235 18.235 18.235 18.235 18.235 18.235 18.235 18.235 18.235 18.235 18.235 18.235 18.235 18.235 18.235 18.235 18.235 18.235 18.235 18.235 18.235 18.235 18.235 18.235 18.235 18.235 18.235 41.4711 41.4711 41.4711 41.4711 41.4711 41.4711 41.4711 41.4711 41.4711 41.4711 41.4711 41.4711 41.4711 41.4711 41.4711 41.4711 41.4711 41.4711 41.4711 41.4711 41.4711 41.4711 41.4711 11.1417 11.1417 11.1417 11.1417 11.1417 11.1417 11.1417 11.1417 11.1417 11.1417 11.1417 11.1417 11.1417 11.1417 11.1417 11.1417 11.1417 11.1417 11.1417 11.1417 ]
D = [ 5385 7123 7509 8693 9730 10671 12304 13391 14015 15134 16589 17052 18473 16416 15385 13441 12293 10992 12908 15360 17801 14375 11155 7927 4676 5673 6738 7981 9194 10393 11623 12726 13626 14893 15569 17419 18210 16694 15550 14184 13142 11558 13093 15680 17212 14531 11131 7944 ]
K = 3
nk = [ 1 1 1 1 1 1 1 1 1 1 1 1 1 1 1 1 1 1 1 1 1 1 1 1 1 1 1 1 1 1 1 1 1 1 1 1 1 2 2 2 2 2 2 2 2 2 2 2 2 2 2 2 2 2 2 2 2 2 2 2 3 3 3 3 3 3 3 3 3 3 3 3 3 3 3 3 3 3 3 3 ]
First = [ 1 0 0 0 0 0 0 0 0 0 0 0 0 0 0 0 0 0 0 0 0 0 0 0 0 0 0 0 0 0 0 0 0 0 0 0 0 1 0 0 0 0 0 0 0 0 0 0 0 0 0 0 0 0 0 0 0 0 0 0 1 0 0 0 0 0 0 0 0 0 0 0 0 0 0 0 0 0 0 0 ]
Last = [ 0 0 0 0 0 0 0 0 0 0 0 0 0 0 0 0 0 0 0 0 0 0 0 0 0 0 0 0 0 0 0 0 0 0 0 0 1 0 0 0 0 0 0 0 0 0 0 0 0 0 0 0 0 0 0 0 0 0 0 1 0 0 0 0 0 0 0 0 0 0 0 0 0 0 0 0 0 0 0 1 ]
nS = 1
S = [ 0 1 2 3 4 5 6 7 8 9 10 11 12 13 14 15 16 17 18 19 20 21 22 23 24 25 26 27 28 29 30 31 32 33 34 35 36 37 38 39 40 41 42 43 44 45 46 47 48 49 50 51 52 53 54 55 56 57 58 59 60 61 62 63 64 65 66 67 68 69 70 71 72 73 74 75 76 77 78 79 ]
