n = 80 ; 
T = 48 ; 
Init = [ 1 1 1 1 0 0 0 0 0 0 0 0 0 0 0 0 0 0 0 0 0 0 0 0 0 0 0 0 0 0 0 0 0 0 0 0 0 1 1 1 1 1 1 1 1 1 1 1 1 1 1 1 1 1 1 0 0 0 0 0 0 0 0 1 1 1 1 1 1 1 1 1 1 1 1 1 0 0 0 0 ]
L = [ 8 8 8 8 4 4 4 4 4 4 4 4 4 4 4 4 4 4 4 4 7 7 7 7 7 7 7 7 7 7 7 7 7 7 7 5 5 8 8 8 8 8 8 8 8 8 8 8 8 8 8 8 8 8 8 7 7 7 7 7 7 7 7 2 2 2 2 2 2 2 2 2 2 2 2 2 7 7 7 7 ]
l = [ 8 8 8 8 4 4 4 4 4 4 4 4 4 4 4 4 4 4 4 4 7 7 7 7 7 7 7 7 7 7 7 7 7 7 7 5 5 8 8 8 8 8 8 8 8 8 8 8 8 8 8 8 8 8 8 7 7 7 7 7 7 7 7 2 2 2 2 2 2 2 2 2 2 2 2 2 7 7 7 7 ]
Pmin = [ 92 92 92 92 38 38 41 41 41 41 41 41 41 41 41 41 41 41 41 41 79 79 79 79 79 79 79 79 79 79 79 79 79 79 79 52 52 86 86 86 86 86 86 86 86 86 86 86 86 86 86 86 86 86 86 79 79 79 79 79 79 79 79 21 21 21 21 21 21 21 21 21 21 21 21 21 75 75 75 75 ]
Pmax = [ 362 362 362 362 125 125 138 138 138 138 138 138 138 138 138 138 138 138 138 138 313 313 313 313 313 313 313 313 313 313 313 313 313 313 313 201 201 338 338 338 338 338 338 338 338 338 338 338 338 338 338 338 338 338 338 301 301 301 301 301 301 301 301 52 52 52 52 52 52 52 52 52 52 52 52 52 311 311 311 311 ]
cf = [ 40.8378 40.8378 40.8378 40.8378 32.3057 32.3057 68.5493 68.5493 68.5493 68.5493 68.5493 68.5493 68.5493 68.5493 68.5493 68.5493 68.5493 68.5493 68.5493 68.5493 49.8598 49.8598 49.8598 49.8598 49.8598 49.8598 49.8598 49.8598 49.8598 49.8598 49.8598 49.8598 49.8598 49.8598 49.8598 12.5304 12.5304 22.5762 22.5762 22.5762 22.5762 22.5762 22.5762 22.5762 22.5762 22.5762 22.5762 22.5762 22.5762 22.5762 22.5762 22.5762 22.5762 22.5762 22.5762 53.2234 53.2234 53.2234 53.2234 53.2234 53.2234 53.2234 53.2234 59.2872 59.2872 59.2872 59.2872 59.2872 59.2872 59.2872 59.2872 59.2872 59.2872 59.2872 59.2872 59.2872 53.3359 53.3359 53.3359 53.3359 ]
c0 = [ 239 239 239 239 114 114 112 112 112 112 112 112 112 112 112 112 112 112 112 112 207 207 207 207 207 207 207 207 207 207 207 207 207 207 207 151 151 235 235 235 235 235 235 235 235 235 235 235 235 235 235 235 235 235 235 221 221 221 221 221 221 221 221 62 62 62 62 62 62 62 62 62 62 62 62 62 200 200 200 200 ]
cp = [ 14.5845 14.5845 14.5845 14.5845 30.7258 30.7258 31.2606 31.2606 31.2606 31.2606 31.2606 31.2606 31.2606 31.2606 31.2606 31.2606 31.2606 31.2606 31.2606 31.2606 18.1866 18.1866 18.1866 18.1866 18.1866 18.1866 18.1866 18.1866 18.1866 18.1866 18.1866 18.1866 18.1866 18.1866 18.1866 22.6256 22.6256 23.5108 23.5108 23.5108 23.5108 23.5108 23.5108 23.5108 23.5108 23.5108 23.5108 23.5108 23.5108 23.5108 23.5108 23.5108 23.5108 23.5108 23.5108 18.2098 18.2098 18.2098 18.2098 18.2098 18.2098 18.2098 18.2098 39.0939 39.0939 39.0939 39.0939 39.0939 39.0939 39.0939 39.0939 39.0939 39.0939 39.0939 39.0939 39.0939 20.0488 20.0488 20.0488 20.0488 ]
D = [ 5214 5781 7113 7608 8618 9738 10646 11495 12845 13871 14396 15424 16585 15144 13306 12327 10407 9587 11160 12639 13624 11736 9350 6704 4604 5702 6635 7569 8283 9527 10520 11405 11842 12734 14018 14531 15764 14119 13370 11571 10268 9189 10817 12511 14691 12073 9791 7298 ]
K = 9
nk = [ 1 1 1 1 2 2 3 3 3 3 3 3 3 3 3 3 3 3 3 3 4 4 4 4 4 4 4 4 4 4 4 4 4 4 4 5 5 6 6 6 6 6 6 6 6 6 6 6 6 6 6 6 6 6 6 7 7 7 7 7 7 7 7 8 8 8 8 8 8 8 8 8 8 8 8 8 9 9 9 9 ]
First = [ 1 0 0 0 1 0 1 0 0 0 0 0 0 0 0 0 0 0 0 0 1 0 0 0 0 0 0 0 0 0 0 0 0 0 0 1 0 1 0 0 0 0 0 0 0 0 0 0 0 0 0 0 0 0 0 1 0 0 0 0 0 0 0 1 0 0 0 0 0 0 0 0 0 0 0 0 1 0 0 0 ]
Last = [ 0 0 0 1 0 1 0 0 0 0 0 0 0 0 0 0 0 0 0 1 0 0 0 0 0 0 0 0 0 0 0 0 0 0 1 0 1 0 0 0 0 0 0 0 0 0 0 0 0 0 0 0 0 0 1 0 0 0 0 0 0 0 1 0 0 0 0 0 0 0 0 0 0 0 0 1 0 0 0 1 ]
nS = 1
S = [ 0 1 2 3 4 5 6 7 8 9 10 11 12 13 14 15 16 17 18 19 20 21 22 23 24 25 26 27 28 29 30 31 32 33 34 35 36 37 38 39 40 41 42 43 44 45 46 47 48 49 50 51 52 53 54 55 56 57 58 59 60 61 62 63 64 65 66 67 68 69 70 71 72 73 74 75 76 77 78 79 ]
