n = 80 ; 
T = 48 ; 
Init = [ 1 1 1 1 1 0 0 0 0 0 0 0 0 0 0 0 0 0 0 0 0 0 0 0 0 0 0 0 0 0 0 0 0 0 0 0 0 0 0 1 0 0 0 0 0 0 0 0 0 0 0 0 1 1 1 1 1 1 1 1 1 1 1 1 1 1 1 1 1 1 1 1 1 1 1 1 0 0 0 0 ]
L = [ 8 8 8 8 8 5 5 5 5 5 5 5 5 5 5 5 5 8 8 8 8 8 8 8 6 6 6 6 6 6 6 6 6 6 6 6 6 6 6 3 10 10 10 10 10 10 10 10 10 10 10 10 4 4 4 4 4 4 4 4 4 4 8 8 8 8 8 8 8 8 8 8 8 8 8 8 9 9 9 9 ]
l = [ 8 8 8 8 8 5 5 5 5 5 5 5 5 5 5 5 5 8 8 8 8 8 8 8 6 6 6 6 6 6 6 6 6 6 6 6 6 6 6 3 10 10 10 10 10 10 10 10 10 10 10 10 4 4 4 4 4 4 4 4 4 4 8 8 8 8 8 8 8 8 8 8 8 8 8 8 9 9 9 9 ]
Pmin = [ 88 88 88 88 88 56 56 56 56 56 56 56 56 56 56 56 56 79 79 79 79 79 79 79 66 66 66 66 66 66 66 66 66 66 66 66 66 66 66 25 100 100 100 100 100 100 100 100 100 100 100 100 45 45 45 45 45 45 45 45 45 45 87 87 87 87 87 87 87 87 87 87 87 87 87 87 100 100 100 100 ]
Pmax = [ 344 344 344 344 344 212 212 212 212 212 212 212 212 212 212 212 212 326 326 326 326 326 326 326 248 248 248 248 248 248 248 248 248 248 248 248 248 248 248 88 415 415 415 415 415 415 415 415 415 415 415 415 149 149 149 149 149 149 149 149 149 149 356 356 356 356 356 356 356 356 356 356 356 356 356 356 402 402 402 402 ]
cf = [ 15.9352 15.9352 15.9352 15.9352 15.9352 42.3121 42.3121 42.3121 42.3121 42.3121 42.3121 42.3121 42.3121 42.3121 42.3121 42.3121 42.3121 51.0911 51.0911 51.0911 51.0911 51.0911 51.0911 51.0911 16.4451 16.4451 16.4451 16.4451 16.4451 16.4451 16.4451 16.4451 16.4451 16.4451 16.4451 16.4451 16.4451 16.4451 16.4451 23.187 45.5211 45.5211 45.5211 45.5211 45.5211 45.5211 45.5211 45.5211 45.5211 45.5211 45.5211 45.5211 60.4685 60.4685 60.4685 60.4685 60.4685 60.4685 60.4685 60.4685 60.4685 60.4685 57.4086 57.4086 57.4086 57.4086 57.4086 57.4086 57.4086 57.4086 57.4086 57.4086 57.4086 57.4086 57.4086 57.4086 20.6487 20.6487 20.6487 20.6487 ]
c0 = [ 232 232 232 232 232 150 150 150 150 150 150 150 150 150 150 150 150 212 212 212 212 212 212 212 171 171 171 171 171 171 171 171 171 171 171 171 171 171 171 92 250 250 250 250 250 250 250 250 250 250 250 250 129 129 129 129 129 129 129 129 129 129 235 235 235 235 235 235 235 235 235 235 235 235 235 235 250 250 250 250 ]
cp = [ 14.9055 14.9055 14.9055 14.9055 14.9055 17.3741 17.3741 17.3741 17.3741 17.3741 17.3741 17.3741 17.3741 17.3741 17.3741 17.3741 17.3741 22.106 22.106 22.106 22.106 22.106 22.106 22.106 18.4621 18.4621 18.4621 18.4621 18.4621 18.4621 18.4621 18.4621 18.4621 18.4621 18.4621 18.4621 18.4621 18.4621 18.4621 38.6199 12.2717 12.2717 12.2717 12.2717 12.2717 12.2717 12.2717 12.2717 12.2717 12.2717 12.2717 12.2717 31.8629 31.8629 31.8629 31.8629 31.8629 31.8629 31.8629 31.8629 31.8629 31.8629 19.8097 19.8097 19.8097 19.8097 19.8097 19.8097 19.8097 19.8097 19.8097 19.8097 19.8097 19.8097 19.8097 19.8097 9.79394 9.79394 9.79394 9.79394 ]
D = [ 5923 6857 8090 9148 10318 11926 12457 13424 15297 16373 16833 18343 19264 17578 16657 15010 13260 11672 13747 15028 17057 13811 11571 8865 5916 7585 8441 9774 10628 12367 12822 14172 15331 16579 17754 18877 20410 19067 17082 15503 13792 11651 13148 14675 16239 13763 11129 7702 ]
K = 9
nk = [ 1 1 1 1 1 2 2 2 2 2 2 2 2 2 2 2 2 3 3 3 3 3 3 3 4 4 4 4 4 4 4 4 4 4 4 4 4 4 4 5 6 6 6 6 6 6 6 6 6 6 6 6 7 7 7 7 7 7 7 7 7 7 8 8 8 8 8 8 8 8 8 8 8 8 8 8 9 9 9 9 ]
First = [ 1 0 0 0 0 1 0 0 0 0 0 0 0 0 0 0 0 1 0 0 0 0 0 0 1 0 0 0 0 0 0 0 0 0 0 0 0 0 0 1 1 0 0 0 0 0 0 0 0 0 0 0 1 0 0 0 0 0 0 0 0 0 1 0 0 0 0 0 0 0 0 0 0 0 0 0 1 0 0 0 ]
Last = [ 0 0 0 0 1 0 0 0 0 0 0 0 0 0 0 0 1 0 0 0 0 0 0 1 0 0 0 0 0 0 0 0 0 0 0 0 0 0 1 1 0 0 0 0 0 0 0 0 0 0 0 1 0 0 0 0 0 0 0 0 0 1 0 0 0 0 0 0 0 0 0 0 0 0 0 1 0 0 0 1 ]
nS = 1
S = [ 0 1 2 3 4 5 6 7 8 9 10 11 12 13 14 15 16 17 18 19 20 21 22 23 24 25 26 27 28 29 30 31 32 33 34 35 36 37 38 39 40 41 42 43 44 45 46 47 48 49 50 51 52 53 54 55 56 57 58 59 60 61 62 63 64 65 66 67 68 69 70 71 72 73 74 75 76 77 78 79 ]
