n = 80 ; 
T = 48 ; 
Init = [ 0 0 0 0 0 0 0 0 0 0 0 0 0 0 0 0 0 0 0 0 0 0 0 0 0 0 0 0 0 0 0 0 0 0 0 0 0 0 0 0 0 0 0 0 0 0 0 0 0 1 1 1 1 1 1 1 1 1 1 1 1 1 1 1 1 1 1 1 1 1 1 1 1 1 1 1 1 1 1 1 ]
L = [ 6 6 6 6 6 6 6 6 6 6 6 6 6 6 6 6 6 6 6 6 5 5 5 5 5 5 5 5 5 5 5 5 5 5 5 5 5 5 5 5 5 5 5 5 5 5 5 5 5 3 3 3 3 3 3 3 3 3 3 3 3 3 3 3 3 3 3 3 3 3 2 2 2 2 2 2 2 2 2 2 ]
l = [ 6 6 6 6 6 6 6 6 6 6 6 6 6 6 6 6 6 6 6 6 5 5 5 5 5 5 5 5 5 5 5 5 5 5 5 5 5 5 5 5 5 5 5 5 5 5 5 5 5 3 3 3 3 3 3 3 3 3 3 3 3 3 3 3 3 3 3 3 3 3 2 2 2 2 2 2 2 2 2 2 ]
Pmin = [ 71 71 71 71 71 71 71 71 71 71 71 71 71 71 71 71 71 71 71 71 49 49 49 49 49 49 49 49 49 49 49 49 49 49 49 49 49 49 49 49 49 49 49 49 49 49 49 49 49 40 40 40 40 40 40 40 40 40 40 40 40 40 40 40 40 40 40 40 40 40 13 13 13 13 13 13 13 13 13 13 ]
Pmax = [ 257 257 257 257 257 257 257 257 257 257 257 257 257 257 257 257 257 257 257 257 182 182 182 182 182 182 182 182 182 182 182 182 182 182 182 182 182 182 182 182 182 182 182 182 182 182 182 182 182 131 131 131 131 131 131 131 131 131 131 131 131 131 131 131 131 131 131 131 131 131 31 31 31 31 31 31 31 31 31 31 ]
cf = [ 25.2921 25.2921 25.2921 25.2921 25.2921 25.2921 25.2921 25.2921 25.2921 25.2921 25.2921 25.2921 25.2921 25.2921 25.2921 25.2921 25.2921 25.2921 25.2921 25.2921 63.206 63.206 63.206 63.206 63.206 63.206 63.206 63.206 63.206 63.206 63.206 63.206 63.206 63.206 63.206 63.206 63.206 63.206 63.206 63.206 63.206 63.206 63.206 63.206 63.206 63.206 63.206 63.206 63.206 66.8815 66.8815 66.8815 66.8815 66.8815 66.8815 66.8815 66.8815 66.8815 66.8815 66.8815 66.8815 66.8815 66.8815 66.8815 66.8815 66.8815 66.8815 66.8815 66.8815 66.8815 69.0636 69.0636 69.0636 69.0636 69.0636 69.0636 69.0636 69.0636 69.0636 69.0636 ]
c0 = [ 182 182 182 182 182 182 182 182 182 182 182 182 182 182 182 182 182 182 182 182 148 148 148 148 148 148 148 148 148 148 148 148 148 148 148 148 148 148 148 148 148 148 148 148 148 148 148 148 148 111 111 111 111 111 111 111 111 111 111 111 111 111 111 111 111 111 111 111 111 111 48 48 48 48 48 48 48 48 48 48 ]
cp = [ 29.2121 29.2121 29.2121 29.2121 29.2121 29.2121 29.2121 29.2121 29.2121 29.2121 29.2121 29.2121 29.2121 29.2121 29.2121 29.2121 29.2121 29.2121 29.2121 29.2121 18.9937 18.9937 18.9937 18.9937 18.9937 18.9937 18.9937 18.9937 18.9937 18.9937 18.9937 18.9937 18.9937 18.9937 18.9937 18.9937 18.9937 18.9937 18.9937 18.9937 18.9937 18.9937 18.9937 18.9937 18.9937 18.9937 18.9937 18.9937 18.9937 36.352 36.352 36.352 36.352 36.352 36.352 36.352 36.352 36.352 36.352 36.352 36.352 36.352 36.352 36.352 36.352 36.352 36.352 36.352 36.352 36.352 41.5938 41.5938 41.5938 41.5938 41.5938 41.5938 41.5938 41.5938 41.5938 41.5938 ]
D = [ 3574 4114 4739 5438 6389 6738 7342 8245 8744 9768 10195 10750 11847 10874 9911 8906 7712 6685 7933 8701 9791 8271 6509 5149 3637 4291 5017 5398 5996 6740 7391 8196 8863 9734 10358 10828 11445 10324 9591 8548 7936 6591 7708 8345 9719 8081 6286 4606 ]
K = 4
nk = [ 1 1 1 1 1 1 1 1 1 1 1 1 1 1 1 1 1 1 1 1 2 2 2 2 2 2 2 2 2 2 2 2 2 2 2 2 2 2 2 2 2 2 2 2 2 2 2 2 2 3 3 3 3 3 3 3 3 3 3 3 3 3 3 3 3 3 3 3 3 3 4 4 4 4 4 4 4 4 4 4 ]
First = [ 1 0 0 0 0 0 0 0 0 0 0 0 0 0 0 0 0 0 0 0 1 0 0 0 0 0 0 0 0 0 0 0 0 0 0 0 0 0 0 0 0 0 0 0 0 0 0 0 0 1 0 0 0 0 0 0 0 0 0 0 0 0 0 0 0 0 0 0 0 0 1 0 0 0 0 0 0 0 0 0 ]
Last = [ 0 0 0 0 0 0 0 0 0 0 0 0 0 0 0 0 0 0 0 1 0 0 0 0 0 0 0 0 0 0 0 0 0 0 0 0 0 0 0 0 0 0 0 0 0 0 0 0 1 0 0 0 0 0 0 0 0 0 0 0 0 0 0 0 0 0 0 0 0 1 0 0 0 0 0 0 0 0 0 1 ]
nS = 1
S = [ 0 1 2 3 4 5 6 7 8 9 10 11 12 13 14 15 16 17 18 19 20 21 22 23 24 25 26 27 28 29 30 31 32 33 34 35 36 37 38 39 40 41 42 43 44 45 46 47 48 49 50 51 52 53 54 55 56 57 58 59 60 61 62 63 64 65 66 67 68 69 70 71 72 73 74 75 76 77 78 79 ]
