n = 80 ; 
T = 48 ; 
Init = [ 1 1 1 1 1 1 1 1 1 1 1 1 1 1 1 1 1 1 1 1 1 1 1 1 1 1 1 1 1 1 1 1 1 1 1 1 1 1 1 1 1 0 0 0 0 0 0 0 0 0 0 0 0 0 0 0 0 0 0 0 0 0 0 0 0 0 0 0 0 0 0 0 0 0 1 1 1 1 1 1 ]
L = [ 7 7 7 7 7 7 7 7 7 7 7 7 7 7 7 7 7 8 8 8 8 8 8 8 8 8 8 8 8 8 8 8 8 8 8 8 8 8 8 8 8 7 7 7 7 7 7 7 7 7 7 7 7 7 7 7 7 7 7 7 7 7 7 7 7 7 7 7 7 7 7 7 7 7 8 8 8 8 8 8 ]
l = [ 7 7 7 7 7 7 7 7 7 7 7 7 7 7 7 7 7 8 8 8 8 8 8 8 8 8 8 8 8 8 8 8 8 8 8 8 8 8 8 8 8 7 7 7 7 7 7 7 7 7 7 7 7 7 7 7 7 7 7 7 7 7 7 7 7 7 7 7 7 7 7 7 7 7 8 8 8 8 8 8 ]
Pmin = [ 68 68 68 68 68 68 68 68 68 68 68 68 68 68 68 68 68 78 78 78 78 78 78 78 78 78 78 78 78 78 78 78 78 78 78 78 78 78 78 78 78 83 83 83 83 83 83 83 83 83 83 83 83 83 83 83 83 83 83 83 83 83 83 83 83 83 83 83 83 83 83 83 83 83 86 86 86 86 86 86 ]
Pmax = [ 261 261 261 261 261 261 261 261 261 261 261 261 261 261 261 261 261 318 318 318 318 318 318 318 318 318 318 318 318 318 318 318 318 318 318 318 318 318 318 318 318 320 320 320 320 320 320 320 320 320 320 320 320 320 320 320 320 320 320 320 320 320 320 320 320 320 320 320 320 320 320 320 320 320 348 348 348 348 348 348 ]
cf = [ 54.0907 54.0907 54.0907 54.0907 54.0907 54.0907 54.0907 54.0907 54.0907 54.0907 54.0907 54.0907 54.0907 54.0907 54.0907 54.0907 54.0907 25.0169 25.0169 25.0169 25.0169 25.0169 25.0169 25.0169 25.0169 25.0169 25.0169 25.0169 25.0169 25.0169 25.0169 25.0169 25.0169 25.0169 25.0169 25.0169 25.0169 25.0169 25.0169 25.0169 25.0169 41.3021 41.3021 41.3021 41.3021 41.3021 41.3021 41.3021 41.3021 41.3021 41.3021 41.3021 41.3021 41.3021 41.3021 41.3021 41.3021 41.3021 41.3021 41.3021 41.3021 41.3021 41.3021 41.3021 41.3021 41.3021 41.3021 41.3021 41.3021 41.3021 41.3021 41.3021 41.3021 41.3021 54.0174 54.0174 54.0174 54.0174 54.0174 54.0174 ]
c0 = [ 193 193 193 193 193 193 193 193 193 193 193 193 193 193 193 193 193 199 199 199 199 199 199 199 199 199 199 199 199 199 199 199 199 199 199 199 199 199 199 199 199 213 213 213 213 213 213 213 213 213 213 213 213 213 213 213 213 213 213 213 213 213 213 213 213 213 213 213 213 213 213 213 213 213 228 228 228 228 228 228 ]
cp = [ 18.6374 18.6374 18.6374 18.6374 18.6374 18.6374 18.6374 18.6374 18.6374 18.6374 18.6374 18.6374 18.6374 18.6374 18.6374 18.6374 18.6374 16.0992 16.0992 16.0992 16.0992 16.0992 16.0992 16.0992 16.0992 16.0992 16.0992 16.0992 16.0992 16.0992 16.0992 16.0992 16.0992 16.0992 16.0992 16.0992 16.0992 16.0992 16.0992 16.0992 16.0992 19.8722 19.8722 19.8722 19.8722 19.8722 19.8722 19.8722 19.8722 19.8722 19.8722 19.8722 19.8722 19.8722 19.8722 19.8722 19.8722 19.8722 19.8722 19.8722 19.8722 19.8722 19.8722 19.8722 19.8722 19.8722 19.8722 19.8722 19.8722 19.8722 19.8722 19.8722 19.8722 19.8722 10.8644 10.8644 10.8644 10.8644 10.8644 10.8644 ]
D = [ 6947 7519 8806 9753 11007 12591 13951 15601 16687 17848 18873 19855 21408 19871 18330 15969 14621 12537 15172 17657 19655 15542 13036 9400 6269 6619 8711 9173 10562 12365 12844 14581 15519 16412 17999 18861 20531 19110 17536 15592 14293 12023 15338 17573 19768 16532 12719 9242 ]
K = 4
nk = [ 1 1 1 1 1 1 1 1 1 1 1 1 1 1 1 1 1 2 2 2 2 2 2 2 2 2 2 2 2 2 2 2 2 2 2 2 2 2 2 2 2 3 3 3 3 3 3 3 3 3 3 3 3 3 3 3 3 3 3 3 3 3 3 3 3 3 3 3 3 3 3 3 3 3 4 4 4 4 4 4 ]
First = [ 1 0 0 0 0 0 0 0 0 0 0 0 0 0 0 0 0 1 0 0 0 0 0 0 0 0 0 0 0 0 0 0 0 0 0 0 0 0 0 0 0 1 0 0 0 0 0 0 0 0 0 0 0 0 0 0 0 0 0 0 0 0 0 0 0 0 0 0 0 0 0 0 0 0 1 0 0 0 0 0 ]
Last = [ 0 0 0 0 0 0 0 0 0 0 0 0 0 0 0 0 1 0 0 0 0 0 0 0 0 0 0 0 0 0 0 0 0 0 0 0 0 0 0 0 1 0 0 0 0 0 0 0 0 0 0 0 0 0 0 0 0 0 0 0 0 0 0 0 0 0 0 0 0 0 0 0 0 1 0 0 0 0 0 1 ]
nS = 1
S = [ 0 1 2 3 4 5 6 7 8 9 10 11 12 13 14 15 16 17 18 19 20 21 22 23 24 25 26 27 28 29 30 31 32 33 34 35 36 37 38 39 40 41 42 43 44 45 46 47 48 49 50 51 52 53 54 55 56 57 58 59 60 61 62 63 64 65 66 67 68 69 70 71 72 73 74 75 76 77 78 79 ]
