n = 80 ; 
T = 48 ; 
Init = [ 1 1 1 1 1 1 1 1 1 1 1 1 1 1 1 1 1 1 1 1 1 1 1 1 1 1 1 1 1 1 1 1 1 1 1 1 1 1 1 1 1 1 1 1 1 1 1 1 1 1 1 1 1 1 1 1 1 1 1 1 1 1 1 0 0 0 0 0 0 0 0 0 0 0 0 0 0 0 0 0 ]
L = [ 9 9 9 9 9 9 3 3 3 3 3 3 3 3 3 3 3 3 3 3 3 3 3 3 3 3 3 3 3 3 3 3 3 3 9 9 9 9 9 9 9 9 9 9 9 9 9 9 9 9 9 9 9 9 9 9 9 9 9 9 9 9 9 7 7 7 7 7 7 7 7 7 7 7 7 7 8 8 8 8 ]
l = [ 9 9 9 9 9 9 3 3 3 3 3 3 3 3 3 3 3 3 3 3 3 3 3 3 3 3 3 3 3 3 3 3 3 3 9 9 9 9 9 9 9 9 9 9 9 9 9 9 9 9 9 9 9 9 9 9 9 9 9 9 9 9 9 7 7 7 7 7 7 7 7 7 7 7 7 7 8 8 8 8 ]
Pmin = [ 100 100 100 100 100 100 27 27 27 27 27 27 27 27 27 27 27 27 27 27 27 27 27 27 27 27 27 27 27 27 27 27 27 27 92 92 92 92 92 92 92 92 92 92 92 92 92 92 92 92 92 92 92 92 92 92 92 92 92 92 92 92 92 80 80 80 80 80 80 80 80 80 80 80 80 80 86 86 86 86 ]
Pmax = [ 411 411 411 411 411 411 77 77 77 77 77 77 77 77 77 77 77 77 77 77 77 77 77 77 77 77 77 77 77 77 77 77 77 77 373 373 373 373 373 373 373 373 373 373 373 373 373 373 373 373 373 373 373 373 373 373 373 373 373 373 373 373 373 292 292 292 292 292 292 292 292 292 292 292 292 292 357 357 357 357 ]
cf = [ 12.0039 12.0039 12.0039 12.0039 12.0039 12.0039 64.6867 64.6867 64.6867 64.6867 64.6867 64.6867 64.6867 64.6867 64.6867 64.6867 64.6867 64.6867 64.6867 64.6867 64.6867 64.6867 64.6867 64.6867 64.6867 64.6867 64.6867 64.6867 64.6867 64.6867 64.6867 64.6867 64.6867 64.6867 11.0949 11.0949 11.0949 11.0949 11.0949 11.0949 11.0949 11.0949 11.0949 11.0949 11.0949 11.0949 11.0949 11.0949 11.0949 11.0949 11.0949 11.0949 11.0949 11.0949 11.0949 11.0949 11.0949 11.0949 11.0949 11.0949 11.0949 11.0949 11.0949 10.8095 10.8095 10.8095 10.8095 10.8095 10.8095 10.8095 10.8095 10.8095 10.8095 10.8095 10.8095 10.8095 33.8126 33.8126 33.8126 33.8126 ]
c0 = [ 250 250 250 250 250 250 82 82 82 82 82 82 82 82 82 82 82 82 82 82 82 82 82 82 82 82 82 82 82 82 82 82 82 82 233 233 233 233 233 233 233 233 233 233 233 233 233 233 233 233 233 233 233 233 233 233 233 233 233 233 233 233 233 208 208 208 208 208 208 208 208 208 208 208 208 208 226 226 226 226 ]
cp = [ 11.133 11.133 11.133 11.133 11.133 11.133 38.8675 38.8675 38.8675 38.8675 38.8675 38.8675 38.8675 38.8675 38.8675 38.8675 38.8675 38.8675 38.8675 38.8675 38.8675 38.8675 38.8675 38.8675 38.8675 38.8675 38.8675 38.8675 38.8675 38.8675 38.8675 38.8675 38.8675 38.8675 11.6076 11.6076 11.6076 11.6076 11.6076 11.6076 11.6076 11.6076 11.6076 11.6076 11.6076 11.6076 11.6076 11.6076 11.6076 11.6076 11.6076 11.6076 11.6076 11.6076 11.6076 11.6076 11.6076 11.6076 11.6076 11.6076 11.6076 11.6076 11.6076 20.5979 20.5979 20.5979 20.5979 20.5979 20.5979 20.5979 20.5979 20.5979 20.5979 20.5979 20.5979 20.5979 21.2403 21.2403 21.2403 21.2403 ]
D = [ 5737 6975 7746 8927 9354 10566 11780 12329 13107 14225 15130 16245 16615 15727 14139 13481 11529 10159 11988 13279 14813 11898 9568 7736 5488 6269 7650 8257 9706 10514 11444 12350 13442 13993 15573 16029 17381 15792 13985 12397 11349 9362 11456 13846 15834 13251 10381 7989 ]
K = 5
nk = [ 1 1 1 1 1 1 2 2 2 2 2 2 2 2 2 2 2 2 2 2 2 2 2 2 2 2 2 2 2 2 2 2 2 2 3 3 3 3 3 3 3 3 3 3 3 3 3 3 3 3 3 3 3 3 3 3 3 3 3 3 3 3 3 4 4 4 4 4 4 4 4 4 4 4 4 4 5 5 5 5 ]
First = [ 1 0 0 0 0 0 1 0 0 0 0 0 0 0 0 0 0 0 0 0 0 0 0 0 0 0 0 0 0 0 0 0 0 0 1 0 0 0 0 0 0 0 0 0 0 0 0 0 0 0 0 0 0 0 0 0 0 0 0 0 0 0 0 1 0 0 0 0 0 0 0 0 0 0 0 0 1 0 0 0 ]
Last = [ 0 0 0 0 0 1 0 0 0 0 0 0 0 0 0 0 0 0 0 0 0 0 0 0 0 0 0 0 0 0 0 0 0 1 0 0 0 0 0 0 0 0 0 0 0 0 0 0 0 0 0 0 0 0 0 0 0 0 0 0 0 0 1 0 0 0 0 0 0 0 0 0 0 0 0 1 0 0 0 1 ]
nS = 1
S = [ 0 1 2 3 4 5 6 7 8 9 10 11 12 13 14 15 16 17 18 19 20 21 22 23 24 25 26 27 28 29 30 31 32 33 34 35 36 37 38 39 40 41 42 43 44 45 46 47 48 49 50 51 52 53 54 55 56 57 58 59 60 61 62 63 64 65 66 67 68 69 70 71 72 73 74 75 76 77 78 79 ]
