n = 80 ; 
T = 48 ; 
Init = [ 0 0 0 0 0 0 0 0 0 0 0 0 0 0 0 0 0 0 0 0 0 0 0 0 0 0 0 0 0 0 0 0 0 0 0 0 0 0 0 0 0 0 0 0 0 0 0 0 0 0 0 0 0 0 0 0 0 0 0 0 0 0 0 0 0 0 0 0 0 0 1 1 1 1 1 1 1 1 1 1 ]
L = [ 5 5 5 3 3 3 3 3 3 3 3 3 3 3 3 3 3 3 3 3 3 7 7 7 7 7 7 7 7 7 7 7 7 7 7 7 7 7 7 7 7 3 3 3 3 3 3 3 3 3 3 3 3 3 6 6 6 6 6 6 6 6 6 6 6 6 6 6 6 6 3 3 3 3 3 3 3 3 3 3 ]
l = [ 5 5 5 3 3 3 3 3 3 3 3 3 3 3 3 3 3 3 3 3 3 7 7 7 7 7 7 7 7 7 7 7 7 7 7 7 7 7 7 7 7 3 3 3 3 3 3 3 3 3 3 3 3 3 6 6 6 6 6 6 6 6 6 6 6 6 6 6 6 6 3 3 3 3 3 3 3 3 3 3 ]
Pmin = [ 53 53 53 27 27 27 27 27 27 27 27 27 27 27 27 27 27 27 27 27 27 69 69 69 69 69 69 69 69 69 69 69 69 69 69 69 69 69 69 69 69 21 21 21 21 21 21 21 21 21 21 21 21 21 59 59 59 59 59 59 59 59 59 59 59 59 59 59 59 59 29 29 29 29 29 29 29 29 29 29 ]
Pmax = [ 180 180 180 96 96 96 96 96 96 96 96 96 96 96 96 96 96 96 96 96 96 265 265 265 265 265 265 265 265 265 265 265 265 265 265 265 265 265 265 265 265 63 63 63 63 63 63 63 63 63 63 63 63 63 228 228 228 228 228 228 228 228 228 228 228 228 228 228 228 228 109 109 109 109 109 109 109 109 109 109 ]
cf = [ 35.3756 35.3756 35.3756 66.0601 66.0601 66.0601 66.0601 66.0601 66.0601 66.0601 66.0601 66.0601 66.0601 66.0601 66.0601 66.0601 66.0601 66.0601 66.0601 66.0601 66.0601 40.4701 40.4701 40.4701 40.4701 40.4701 40.4701 40.4701 40.4701 40.4701 40.4701 40.4701 40.4701 40.4701 40.4701 40.4701 40.4701 40.4701 40.4701 40.4701 40.4701 49.852 49.852 49.852 49.852 49.852 49.852 49.852 49.852 49.852 49.852 49.852 49.852 49.852 52.5817 52.5817 52.5817 52.5817 52.5817 52.5817 52.5817 52.5817 52.5817 52.5817 52.5817 52.5817 52.5817 52.5817 52.5817 52.5817 20.7617 20.7617 20.7617 20.7617 20.7617 20.7617 20.7617 20.7617 20.7617 20.7617 ]
c0 = [ 141 141 141 90 90 90 90 90 90 90 90 90 90 90 90 90 90 90 90 90 90 189 189 189 189 189 189 189 189 189 189 189 189 189 189 189 189 189 189 189 189 74 74 74 74 74 74 74 74 74 74 74 74 74 170 170 170 170 170 170 170 170 170 170 170 170 170 170 170 170 92 92 92 92 92 92 92 92 92 92 ]
cp = [ 28.9609 28.9609 28.9609 32.006 32.006 32.006 32.006 32.006 32.006 32.006 32.006 32.006 32.006 32.006 32.006 32.006 32.006 32.006 32.006 32.006 32.006 19.1484 19.1484 19.1484 19.1484 19.1484 19.1484 19.1484 19.1484 19.1484 19.1484 19.1484 19.1484 19.1484 19.1484 19.1484 19.1484 19.1484 19.1484 19.1484 19.1484 27.7498 27.7498 27.7498 27.7498 27.7498 27.7498 27.7498 27.7498 27.7498 27.7498 27.7498 27.7498 27.7498 22.4011 22.4011 22.4011 22.4011 22.4011 22.4011 22.4011 22.4011 22.4011 22.4011 22.4011 22.4011 22.4011 22.4011 22.4011 22.4011 40.2791 40.2791 40.2791 40.2791 40.2791 40.2791 40.2791 40.2791 40.2791 40.2791 ]
D = [ 2980 4101 4557 5398 6031 6560 6915 8005 8729 9074 9777 10370 11205 10482 9378 8394 8046 6745 7683 8612 9905 8243 6699 5342 3832 4599 5090 5648 6210 6880 7409 7838 8726 9158 10174 10745 11218 10136 9376 8463 7644 6740 7760 8971 10054 8215 6404 4430 ]
K = 6
nk = [ 1 1 1 2 2 2 2 2 2 2 2 2 2 2 2 2 2 2 2 2 2 3 3 3 3 3 3 3 3 3 3 3 3 3 3 3 3 3 3 3 3 4 4 4 4 4 4 4 4 4 4 4 4 4 5 5 5 5 5 5 5 5 5 5 5 5 5 5 5 5 6 6 6 6 6 6 6 6 6 6 ]
First = [ 1 0 0 1 0 0 0 0 0 0 0 0 0 0 0 0 0 0 0 0 0 1 0 0 0 0 0 0 0 0 0 0 0 0 0 0 0 0 0 0 0 1 0 0 0 0 0 0 0 0 0 0 0 0 1 0 0 0 0 0 0 0 0 0 0 0 0 0 0 0 1 0 0 0 0 0 0 0 0 0 ]
Last = [ 0 0 1 0 0 0 0 0 0 0 0 0 0 0 0 0 0 0 0 0 1 0 0 0 0 0 0 0 0 0 0 0 0 0 0 0 0 0 0 0 1 0 0 0 0 0 0 0 0 0 0 0 0 1 0 0 0 0 0 0 0 0 0 0 0 0 0 0 0 1 0 0 0 0 0 0 0 0 0 1 ]
nS = 1
S = [ 0 1 2 3 4 5 6 7 8 9 10 11 12 13 14 15 16 17 18 19 20 21 22 23 24 25 26 27 28 29 30 31 32 33 34 35 36 37 38 39 40 41 42 43 44 45 46 47 48 49 50 51 52 53 54 55 56 57 58 59 60 61 62 63 64 65 66 67 68 69 70 71 72 73 74 75 76 77 78 79 ]
