n = 80 ; 
T = 48 ; 
Init = [ 0 0 0 0 0 0 0 0 0 0 0 0 0 0 0 0 0 0 0 0 0 0 1 1 1 1 1 1 1 1 1 1 1 1 1 1 1 1 1 1 1 0 0 0 0 0 0 0 0 0 0 0 0 1 1 1 1 1 1 1 1 1 1 1 1 1 1 1 1 1 1 1 1 1 1 1 1 1 1 1 ]
L = [ 9 9 9 9 9 9 9 9 9 9 9 9 9 9 9 9 9 9 9 9 9 9 9 9 9 9 9 9 9 9 9 9 9 9 9 9 9 9 9 9 9 5 5 5 5 5 5 5 5 5 5 5 5 3 3 3 3 3 3 3 3 3 3 3 3 3 3 3 3 3 3 3 3 3 3 3 3 3 3 3 ]
l = [ 9 9 9 9 9 9 9 9 9 9 9 9 9 9 9 9 9 9 9 9 9 9 9 9 9 9 9 9 9 9 9 9 9 9 9 9 9 9 9 9 9 5 5 5 5 5 5 5 5 5 5 5 5 3 3 3 3 3 3 3 3 3 3 3 3 3 3 3 3 3 3 3 3 3 3 3 3 3 3 3 ]
Pmin = [ 99 99 99 99 99 99 99 99 99 99 99 99 99 99 99 99 99 99 99 99 99 99 94 94 94 94 94 94 94 94 94 94 94 94 94 94 94 94 94 94 94 58 58 58 58 58 58 58 58 58 58 58 58 29 29 29 29 29 29 29 29 29 29 29 29 29 29 29 29 29 29 29 29 29 29 29 29 29 30 30 ]
Pmax = [ 387 387 387 387 387 387 387 387 387 387 387 387 387 387 387 387 387 387 387 387 387 387 378 378 378 378 378 378 378 378 378 378 378 378 378 378 378 378 378 378 378 210 210 210 210 210 210 210 210 210 210 210 210 99 99 99 99 99 99 99 99 99 99 99 99 99 99 99 99 99 99 99 99 99 99 99 99 99 106 106 ]
cf = [ 58.824 58.824 58.824 58.824 58.824 58.824 58.824 58.824 58.824 58.824 58.824 58.824 58.824 58.824 58.824 58.824 58.824 58.824 58.824 58.824 58.824 58.824 28.1051 28.1051 28.1051 28.1051 28.1051 28.1051 28.1051 28.1051 28.1051 28.1051 28.1051 28.1051 28.1051 28.1051 28.1051 28.1051 28.1051 28.1051 28.1051 53.1446 53.1446 53.1446 53.1446 53.1446 53.1446 53.1446 53.1446 53.1446 53.1446 53.1446 53.1446 36.6482 36.6482 36.6482 36.6482 36.6482 36.6482 36.6482 36.6482 36.6482 36.6482 36.6482 36.6482 36.6482 36.6482 36.6482 36.6482 36.6482 36.6482 36.6482 36.6482 36.6482 36.6482 36.6482 36.6482 36.6482 28.3506 28.3506 ]
c0 = [ 250 250 250 250 250 250 250 250 250 250 250 250 250 250 250 250 250 250 250 250 250 250 247 247 247 247 247 247 247 247 247 247 247 247 247 247 247 247 247 247 247 160 160 160 160 160 160 160 160 160 160 160 160 101 101 101 101 101 101 101 101 101 101 101 101 101 101 101 101 101 101 101 101 101 101 101 101 101 98 98 ]
cp = [ 10.6287 10.6287 10.6287 10.6287 10.6287 10.6287 10.6287 10.6287 10.6287 10.6287 10.6287 10.6287 10.6287 10.6287 10.6287 10.6287 10.6287 10.6287 10.6287 10.6287 10.6287 10.6287 12.0629 12.0629 12.0629 12.0629 12.0629 12.0629 12.0629 12.0629 12.0629 12.0629 12.0629 12.0629 12.0629 12.0629 12.0629 12.0629 12.0629 12.0629 12.0629 22.1869 22.1869 22.1869 22.1869 22.1869 22.1869 22.1869 22.1869 22.1869 22.1869 22.1869 22.1869 28.8975 28.8975 28.8975 28.8975 28.8975 28.8975 28.8975 28.8975 28.8975 28.8975 28.8975 28.8975 28.8975 28.8975 28.8975 28.8975 28.8975 28.8975 28.8975 28.8975 28.8975 28.8975 28.8975 28.8975 28.8975 32.0629 32.0629 ]
D = [ 6490 6932 8310 8766 10154 10699 12282 13101 13805 14810 15550 17185 17468 16411 14845 12989 11681 10653 12182 13940 15187 12631 10649 8363 5425 6633 7294 8587 9359 10335 11202 12377 13122 14667 15568 16340 17647 16101 14745 13386 11771 10892 12571 14273 15218 13007 10310 8119 ]
K = 5
nk = [ 1 1 1 1 1 1 1 1 1 1 1 1 1 1 1 1 1 1 1 1 1 1 2 2 2 2 2 2 2 2 2 2 2 2 2 2 2 2 2 2 2 3 3 3 3 3 3 3 3 3 3 3 3 4 4 4 4 4 4 4 4 4 4 4 4 4 4 4 4 4 4 4 4 4 4 4 4 4 5 5 ]
First = [ 1 0 0 0 0 0 0 0 0 0 0 0 0 0 0 0 0 0 0 0 0 0 1 0 0 0 0 0 0 0 0 0 0 0 0 0 0 0 0 0 0 1 0 0 0 0 0 0 0 0 0 0 0 1 0 0 0 0 0 0 0 0 0 0 0 0 0 0 0 0 0 0 0 0 0 0 0 0 1 0 ]
Last = [ 0 0 0 0 0 0 0 0 0 0 0 0 0 0 0 0 0 0 0 0 0 1 0 0 0 0 0 0 0 0 0 0 0 0 0 0 0 0 0 0 1 0 0 0 0 0 0 0 0 0 0 0 1 0 0 0 0 0 0 0 0 0 0 0 0 0 0 0 0 0 0 0 0 0 0 0 0 1 0 1 ]
nS = 1
S = [ 0 1 2 3 4 5 6 7 8 9 10 11 12 13 14 15 16 17 18 19 20 21 22 23 24 25 26 27 28 29 30 31 32 33 34 35 36 37 38 39 40 41 42 43 44 45 46 47 48 49 50 51 52 53 54 55 56 57 58 59 60 61 62 63 64 65 66 67 68 69 70 71 72 73 74 75 76 77 78 79 ]
