n = 80 ; 
T = 48 ; 
Init = [ 1 1 1 1 1 1 1 1 1 1 1 1 1 1 1 1 1 1 1 1 1 1 1 1 1 1 1 1 1 1 1 1 1 1 1 1 1 1 1 1 1 1 1 1 1 1 1 1 1 1 1 1 1 1 1 1 1 1 1 1 1 1 1 1 1 1 1 1 1 1 1 0 0 1 1 1 1 1 1 1 ]
L = [ 3 3 3 3 3 3 3 3 3 3 3 3 3 3 3 3 3 3 3 3 3 6 6 6 6 6 6 6 6 6 6 6 6 6 6 6 6 6 6 6 6 6 6 6 6 3 3 3 3 3 3 3 3 3 3 3 3 3 3 3 3 3 3 3 3 3 3 3 3 3 3 8 8 7 7 7 7 7 7 7 ]
l = [ 3 3 3 3 3 3 3 3 3 3 3 3 3 3 3 3 3 3 3 3 3 6 6 6 6 6 6 6 6 6 6 6 6 6 6 6 6 6 6 6 6 6 6 6 6 3 3 3 3 3 3 3 3 3 3 3 3 3 3 3 3 3 3 3 3 3 3 3 3 3 3 8 8 7 7 7 7 7 7 7 ]
Pmin = [ 29 29 29 29 29 29 29 29 29 29 29 33 33 33 33 33 33 33 33 33 33 70 70 70 70 70 70 70 70 70 70 70 70 70 70 70 70 70 70 70 70 70 70 70 70 23 23 23 23 23 23 23 23 23 23 23 23 23 23 23 23 23 23 23 23 23 23 23 23 23 23 91 91 72 72 72 72 72 72 72 ]
Pmax = [ 79 79 79 79 79 79 79 79 79 79 79 90 90 90 90 90 90 90 90 90 90 252 252 252 252 252 252 252 252 252 252 252 252 252 252 252 252 252 252 252 252 252 252 252 252 84 84 84 84 84 84 84 84 84 84 84 84 84 84 84 84 84 84 84 84 84 84 84 84 84 84 344 344 271 271 271 271 271 271 271 ]
cf = [ 25.749 25.749 25.749 25.749 25.749 25.749 25.749 25.749 25.749 25.749 25.749 25.8322 25.8322 25.8322 25.8322 25.8322 25.8322 25.8322 25.8322 25.8322 25.8322 12.975 12.975 12.975 12.975 12.975 12.975 12.975 12.975 12.975 12.975 12.975 12.975 12.975 12.975 12.975 12.975 12.975 12.975 12.975 12.975 12.975 12.975 12.975 12.975 46.2109 46.2109 46.2109 46.2109 46.2109 46.2109 46.2109 46.2109 46.2109 46.2109 46.2109 46.2109 46.2109 46.2109 46.2109 46.2109 46.2109 46.2109 46.2109 46.2109 46.2109 46.2109 46.2109 46.2109 46.2109 46.2109 53.0985 53.0985 26.3531 26.3531 26.3531 26.3531 26.3531 26.3531 26.3531 ]
c0 = [ 82 82 82 82 82 82 82 82 82 82 82 99 99 99 99 99 99 99 99 99 99 179 179 179 179 179 179 179 179 179 179 179 179 179 179 179 179 179 179 179 179 179 179 179 179 79 79 79 79 79 79 79 79 79 79 79 79 79 79 79 79 79 79 79 79 79 79 79 79 79 79 246 246 202 202 202 202 202 202 202 ]
cp = [ 37.4467 37.4467 37.4467 37.4467 37.4467 37.4467 37.4467 37.4467 37.4467 37.4467 37.4467 39.8323 39.8323 39.8323 39.8323 39.8323 39.8323 39.8323 39.8323 39.8323 39.8323 26.5778 26.5778 26.5778 26.5778 26.5778 26.5778 26.5778 26.5778 26.5778 26.5778 26.5778 26.5778 26.5778 26.5778 26.5778 26.5778 26.5778 26.5778 26.5778 26.5778 26.5778 26.5778 26.5778 26.5778 33.2916 33.2916 33.2916 33.2916 33.2916 33.2916 33.2916 33.2916 33.2916 33.2916 33.2916 33.2916 33.2916 33.2916 33.2916 33.2916 33.2916 33.2916 33.2916 33.2916 33.2916 33.2916 33.2916 33.2916 33.2916 33.2916 29.4017 29.4017 24.2131 24.2131 24.2131 24.2131 24.2131 24.2131 24.2131 ]
D = [ 3116 4095 4409 5363 5902 6646 7242 7671 8305 8903 9450 10203 10714 9869 8973 7992 7004 6363 6908 7849 8720 7547 6069 4507 3097 3567 4178 4959 5626 6068 6767 7558 7976 8485 9290 10189 10625 9967 8658 8062 6908 6025 6889 8044 9375 7633 6112 4591 ]
K = 6
nk = [ 1 1 1 1 1 1 1 1 1 1 1 2 2 2 2 2 2 2 2 2 2 3 3 3 3 3 3 3 3 3 3 3 3 3 3 3 3 3 3 3 3 3 3 3 3 4 4 4 4 4 4 4 4 4 4 4 4 4 4 4 4 4 4 4 4 4 4 4 4 4 4 5 5 6 6 6 6 6 6 6 ]
First = [ 1 0 0 0 0 0 0 0 0 0 0 1 0 0 0 0 0 0 0 0 0 1 0 0 0 0 0 0 0 0 0 0 0 0 0 0 0 0 0 0 0 0 0 0 0 1 0 0 0 0 0 0 0 0 0 0 0 0 0 0 0 0 0 0 0 0 0 0 0 0 0 1 0 1 0 0 0 0 0 0 ]
Last = [ 0 0 0 0 0 0 0 0 0 0 1 0 0 0 0 0 0 0 0 0 1 0 0 0 0 0 0 0 0 0 0 0 0 0 0 0 0 0 0 0 0 0 0 0 1 0 0 0 0 0 0 0 0 0 0 0 0 0 0 0 0 0 0 0 0 0 0 0 0 0 1 0 1 0 0 0 0 0 0 1 ]
nS = 1
S = [ 0 1 2 3 4 5 6 7 8 9 10 11 12 13 14 15 16 17 18 19 20 21 22 23 24 25 26 27 28 29 30 31 32 33 34 35 36 37 38 39 40 41 42 43 44 45 46 47 48 49 50 51 52 53 54 55 56 57 58 59 60 61 62 63 64 65 66 67 68 69 70 71 72 73 74 75 76 77 78 79 ]
