n = 80 ; 
T = 48 ; 
Init = [ 1 1 1 1 1 1 1 1 1 0 0 0 0 0 0 0 0 0 0 0 0 0 0 0 0 0 0 0 1 1 1 1 1 1 1 0 0 0 0 0 0 0 0 0 0 0 0 0 0 0 0 1 1 0 0 0 0 0 0 0 0 0 0 0 0 0 0 0 0 0 0 0 0 0 0 0 0 0 0 0 ]
L = [ 5 5 5 5 5 5 5 5 5 6 6 6 6 6 6 6 6 6 6 6 6 6 4 4 4 4 4 4 7 7 7 7 7 7 7 3 3 3 3 3 3 3 3 3 3 3 3 8 8 8 8 6 6 7 7 7 7 7 7 7 7 4 4 4 4 4 4 5 5 5 5 5 5 5 5 5 5 5 9 9 ]
l = [ 5 5 5 5 5 5 5 5 5 6 6 6 6 6 6 6 6 6 6 6 6 6 4 4 4 4 4 4 7 7 7 7 7 7 7 3 3 3 3 3 3 3 3 3 3 3 3 8 8 8 8 6 6 7 7 7 7 7 7 7 7 4 4 4 4 4 4 5 5 5 5 5 5 5 5 5 5 5 9 9 ]
Pmin = [ 57 57 57 57 57 57 57 57 57 60 60 60 60 60 60 60 60 60 60 60 60 60 42 42 42 42 42 42 81 81 81 81 81 81 81 26 26 26 26 26 26 26 26 26 26 26 26 82 82 82 82 63 63 77 77 77 77 77 77 77 77 35 35 35 35 35 35 53 53 53 53 53 53 53 53 53 53 53 99 99 ]
Pmax = [ 203 203 203 203 203 203 203 203 203 209 209 209 209 209 209 209 209 209 209 209 209 209 143 143 143 143 143 143 304 304 304 304 304 304 304 68 68 68 68 68 68 68 68 68 68 68 68 342 342 342 342 241 241 292 292 292 292 292 292 292 292 125 125 125 125 125 125 178 178 178 178 178 178 178 178 178 178 178 383 383 ]
cf = [ 44.3731 44.3731 44.3731 44.3731 44.3731 44.3731 44.3731 44.3731 44.3731 14.4357 14.4357 14.4357 14.4357 14.4357 14.4357 14.4357 14.4357 14.4357 14.4357 14.4357 14.4357 14.4357 30.4175 30.4175 30.4175 30.4175 30.4175 30.4175 31.2716 31.2716 31.2716 31.2716 31.2716 31.2716 31.2716 55.1922 55.1922 55.1922 55.1922 55.1922 55.1922 55.1922 55.1922 55.1922 55.1922 55.1922 55.1922 44.2284 44.2284 44.2284 44.2284 19.1215 19.1215 56.6859 56.6859 56.6859 56.6859 56.6859 56.6859 56.6859 56.6859 24.6632 24.6632 24.6632 24.6632 24.6632 24.6632 21.4171 21.4171 21.4171 21.4171 21.4171 21.4171 21.4171 21.4171 21.4171 21.4171 21.4171 59.9414 59.9414 ]
c0 = [ 160 160 160 160 160 160 160 160 160 174 174 174 174 174 174 174 174 174 174 174 174 174 113 113 113 113 113 113 218 218 218 218 218 218 218 83 83 83 83 83 83 83 83 83 83 83 83 222 222 222 222 169 169 205 205 205 205 205 205 205 205 110 110 110 110 110 110 147 147 147 147 147 147 147 147 147 147 147 250 250 ]
cp = [ 26.5859 26.5859 26.5859 26.5859 26.5859 26.5859 26.5859 26.5859 26.5859 27.2789 27.2789 27.2789 27.2789 27.2789 27.2789 27.2789 27.2789 27.2789 27.2789 27.2789 27.2789 27.2789 23.6317 23.6317 23.6317 23.6317 23.6317 23.6317 22.8654 22.8654 22.8654 22.8654 22.8654 22.8654 22.8654 37.5362 37.5362 37.5362 37.5362 37.5362 37.5362 37.5362 37.5362 37.5362 37.5362 37.5362 37.5362 18.0323 18.0323 18.0323 18.0323 20.7734 20.7734 13.811 13.811 13.811 13.811 13.811 13.811 13.811 13.811 30.3204 30.3204 30.3204 30.3204 30.3204 30.3204 36.8042 36.8042 36.8042 36.8042 36.8042 36.8042 36.8042 36.8042 36.8042 36.8042 36.8042 13.4841 13.4841 ]
D = [ 4679 5228 5807 6947 7323 8169 8927 10107 10782 11334 11898 12612 13378 12507 11369 10025 8987 8407 9260 11081 12605 10566 8848 6567 4798 5469 6214 6803 7940 8433 9285 9876 11014 11654 12808 13105 14197 12735 11749 10487 9621 8385 9682 11192 12497 9971 8003 5682 ]
K = 11
nk = [ 1 1 1 1 1 1 1 1 1 2 2 2 2 2 2 2 2 2 2 2 2 2 3 3 3 3 3 3 4 4 4 4 4 4 4 5 5 5 5 5 5 5 5 5 5 5 5 6 6 6 6 7 7 8 8 8 8 8 8 8 8 9 9 9 9 9 9 10 10 10 10 10 10 10 10 10 10 10 11 11 ]
First = [ 1 0 0 0 0 0 0 0 0 1 0 0 0 0 0 0 0 0 0 0 0 0 1 0 0 0 0 0 1 0 0 0 0 0 0 1 0 0 0 0 0 0 0 0 0 0 0 1 0 0 0 1 0 1 0 0 0 0 0 0 0 1 0 0 0 0 0 1 0 0 0 0 0 0 0 0 0 0 1 0 ]
Last = [ 0 0 0 0 0 0 0 0 1 0 0 0 0 0 0 0 0 0 0 0 0 1 0 0 0 0 0 1 0 0 0 0 0 0 1 0 0 0 0 0 0 0 0 0 0 0 1 0 0 0 1 0 1 0 0 0 0 0 0 0 1 0 0 0 0 0 1 0 0 0 0 0 0 0 0 0 0 1 0 1 ]
nS = 1
S = [ 0 1 2 3 4 5 6 7 8 9 10 11 12 13 14 15 16 17 18 19 20 21 22 23 24 25 26 27 28 29 30 31 32 33 34 35 36 37 38 39 40 41 42 43 44 45 46 47 48 49 50 51 52 53 54 55 56 57 58 59 60 61 62 63 64 65 66 67 68 69 70 71 72 73 74 75 76 77 78 79 ]
