n = 80 ; 
T = 48 ; 
Init = [ 1 1 1 1 1 1 1 1 1 1 1 1 1 1 1 1 1 1 1 1 1 1 1 1 1 1 1 1 1 1 1 1 1 1 1 1 1 1 1 1 1 1 1 1 1 1 1 1 1 1 1 1 1 1 1 1 1 1 1 1 1 1 1 0 0 0 0 0 0 0 0 0 0 0 0 0 0 0 0 0 ]
L = [ 8 8 8 8 8 8 8 8 8 8 8 8 7 7 7 7 7 7 7 7 7 7 7 7 7 7 7 7 7 7 7 7 7 7 3 3 3 3 3 3 3 3 3 3 3 3 3 3 3 6 6 6 6 6 6 6 6 6 6 6 6 6 6 10 10 10 4 4 4 4 4 4 3 3 3 3 3 3 3 3 ]
l = [ 8 8 8 8 8 8 8 8 8 8 8 8 7 7 7 7 7 7 7 7 7 7 7 7 7 7 7 7 7 7 7 7 7 7 3 3 3 3 3 3 3 3 3 3 3 3 3 3 3 6 6 6 6 6 6 6 6 6 6 6 6 6 6 10 10 10 4 4 4 4 4 4 3 3 3 3 3 3 3 3 ]
Pmin = [ 87 87 87 87 87 87 87 87 87 87 87 87 78 78 78 78 78 78 78 78 78 78 78 78 78 78 78 78 78 78 78 78 78 78 28 28 28 28 28 28 28 28 28 28 28 28 28 28 28 65 65 65 65 65 65 65 65 65 65 65 65 65 65 100 100 100 31 31 31 31 31 31 22 22 22 22 22 22 22 22 ]
Pmax = [ 331 331 331 331 331 331 331 331 331 331 331 331 312 312 312 312 312 312 312 312 312 312 312 312 312 312 312 312 312 312 312 312 312 312 87 87 87 87 87 87 87 87 87 87 87 87 87 87 87 239 239 239 239 239 239 239 239 239 239 239 239 239 239 420 420 420 112 112 112 112 112 112 74 74 74 74 74 74 74 74 ]
cf = [ 21.5705 21.5705 21.5705 21.5705 21.5705 21.5705 21.5705 21.5705 21.5705 21.5705 21.5705 21.5705 46.1028 46.1028 46.1028 46.1028 46.1028 46.1028 46.1028 46.1028 46.1028 46.1028 46.1028 46.1028 46.1028 46.1028 46.1028 46.1028 46.1028 46.1028 46.1028 46.1028 46.1028 46.1028 52.4086 52.4086 52.4086 52.4086 52.4086 52.4086 52.4086 52.4086 52.4086 52.4086 52.4086 52.4086 52.4086 52.4086 52.4086 10.3777 10.3777 10.3777 10.3777 10.3777 10.3777 10.3777 10.3777 10.3777 10.3777 10.3777 10.3777 10.3777 10.3777 22.7824 22.7824 22.7824 10.5957 10.5957 10.5957 10.5957 10.5957 10.5957 30.9027 30.9027 30.9027 30.9027 30.9027 30.9027 30.9027 30.9027 ]
c0 = [ 239 239 239 239 239 239 239 239 239 239 239 239 198 198 198 198 198 198 198 198 198 198 198 198 198 198 198 198 198 198 198 198 198 198 91 91 91 91 91 91 91 91 91 91 91 91 91 91 91 169 169 169 169 169 169 169 169 169 169 169 169 169 169 250 250 250 99 99 99 99 99 99 83 83 83 83 83 83 83 83 ]
cp = [ 22.4054 22.4054 22.4054 22.4054 22.4054 22.4054 22.4054 22.4054 22.4054 22.4054 22.4054 22.4054 28.0117 28.0117 28.0117 28.0117 28.0117 28.0117 28.0117 28.0117 28.0117 28.0117 28.0117 28.0117 28.0117 28.0117 28.0117 28.0117 28.0117 28.0117 28.0117 28.0117 28.0117 28.0117 28.4966 28.4966 28.4966 28.4966 28.4966 28.4966 28.4966 28.4966 28.4966 28.4966 28.4966 28.4966 28.4966 28.4966 28.4966 36.2218 36.2218 36.2218 36.2218 36.2218 36.2218 36.2218 36.2218 36.2218 36.2218 36.2218 36.2218 36.2218 36.2218 12.5047 12.5047 12.5047 34.298 34.298 34.298 34.298 34.298 34.298 29.5528 29.5528 29.5528 29.5528 29.5528 29.5528 29.5528 29.5528 ]
D = [ 3686 4526 6008 6717 8016 8996 9700 10637 11620 13081 13629 14639 16322 14581 13421 11407 10221 8950 10335 11530 12416 10725 7947 5847 3606 4486 5711 6440 7791 8714 9010 10331 10947 11890 13183 14249 14729 13881 12759 11521 10233 8539 10263 11854 13674 10862 9048 6987 ]
K = 7
nk = [ 1 1 1 1 1 1 1 1 1 1 1 1 2 2 2 2 2 2 2 2 2 2 2 2 2 2 2 2 2 2 2 2 2 2 3 3 3 3 3 3 3 3 3 3 3 3 3 3 3 4 4 4 4 4 4 4 4 4 4 4 4 4 4 5 5 5 6 6 6 6 6 6 7 7 7 7 7 7 7 7 ]
First = [ 1 0 0 0 0 0 0 0 0 0 0 0 1 0 0 0 0 0 0 0 0 0 0 0 0 0 0 0 0 0 0 0 0 0 1 0 0 0 0 0 0 0 0 0 0 0 0 0 0 1 0 0 0 0 0 0 0 0 0 0 0 0 0 1 0 0 1 0 0 0 0 0 1 0 0 0 0 0 0 0 ]
Last = [ 0 0 0 0 0 0 0 0 0 0 0 1 0 0 0 0 0 0 0 0 0 0 0 0 0 0 0 0 0 0 0 0 0 1 0 0 0 0 0 0 0 0 0 0 0 0 0 0 1 0 0 0 0 0 0 0 0 0 0 0 0 0 1 0 0 1 0 0 0 0 0 1 0 0 0 0 0 0 0 1 ]
nS = 1
S = [ 0 1 2 3 4 5 6 7 8 9 10 11 12 13 14 15 16 17 18 19 20 21 22 23 24 25 26 27 28 29 30 31 32 33 34 35 36 37 38 39 40 41 42 43 44 45 46 47 48 49 50 51 52 53 54 55 56 57 58 59 60 61 62 63 64 65 66 67 68 69 70 71 72 73 74 75 76 77 78 79 ]
