n = 80 ; 
T = 48 ; 
Init = [ 1 1 1 1 1 1 1 1 1 1 1 1 1 1 1 1 1 1 1 1 1 1 1 1 1 1 0 0 0 0 0 0 0 0 0 0 0 0 0 0 1 1 1 1 1 1 0 0 0 0 0 0 0 0 0 0 0 0 0 0 0 0 0 0 0 0 0 0 0 0 0 0 0 0 0 0 0 0 0 0 ]
L = [ 8 8 8 8 8 8 8 8 8 8 8 8 8 8 8 8 8 3 3 3 3 3 3 3 3 3 10 10 10 10 10 10 10 10 10 10 10 10 10 10 9 9 9 9 9 9 9 9 9 9 9 9 9 9 9 9 9 9 4 4 4 4 6 6 6 6 6 6 6 6 6 6 6 6 6 6 6 6 9 9 ]
l = [ 8 8 8 8 8 8 8 8 8 8 8 8 8 8 8 8 8 3 3 3 3 3 3 3 3 3 10 10 10 10 10 10 10 10 10 10 10 10 10 10 9 9 9 9 9 9 9 9 9 9 9 9 9 9 9 9 9 9 4 4 4 4 6 6 6 6 6 6 6 6 6 6 6 6 6 6 6 6 9 9 ]
Pmin = [ 95 95 95 95 95 95 95 95 95 95 95 95 95 95 95 95 95 21 21 21 21 21 21 21 21 21 100 100 100 100 100 100 100 100 100 100 100 100 100 100 97 97 97 97 97 97 96 96 96 96 96 96 96 96 96 96 96 96 34 34 34 34 68 68 68 68 68 68 68 68 68 68 68 68 68 68 68 68 100 100 ]
Pmax = [ 375 375 375 375 375 375 375 375 375 375 375 375 375 375 375 375 375 64 64 64 64 64 64 64 64 64 420 420 420 420 420 420 420 420 420 420 420 420 420 420 398 398 398 398 398 398 363 363 363 363 363 363 363 363 363 363 363 363 120 120 120 120 244 244 244 244 244 244 244 244 244 244 244 244 244 244 244 244 388 388 ]
cf = [ 53.007 53.007 53.007 53.007 53.007 53.007 53.007 53.007 53.007 53.007 53.007 53.007 53.007 53.007 53.007 53.007 53.007 10.738 10.738 10.738 10.738 10.738 10.738 10.738 10.738 10.738 30.3569 30.3569 30.3569 30.3569 30.3569 30.3569 30.3569 30.3569 30.3569 30.3569 30.3569 30.3569 30.3569 30.3569 40.8221 40.8221 40.8221 40.8221 40.8221 40.8221 69.8193 69.8193 69.8193 69.8193 69.8193 69.8193 69.8193 69.8193 69.8193 69.8193 69.8193 69.8193 56.9382 56.9382 56.9382 56.9382 60.1887 60.1887 60.1887 60.1887 60.1887 60.1887 60.1887 60.1887 60.1887 60.1887 60.1887 60.1887 60.1887 60.1887 60.1887 60.1887 22.1063 22.1063 ]
c0 = [ 246 246 246 246 246 246 246 246 246 246 246 246 246 246 246 246 246 81 81 81 81 81 81 81 81 81 250 250 250 250 250 250 250 250 250 250 250 250 250 250 250 250 250 250 250 250 248 248 248 248 248 248 248 248 248 248 248 248 106 106 106 106 178 178 178 178 178 178 178 178 178 178 178 178 178 178 178 178 250 250 ]
cp = [ 11.4411 11.4411 11.4411 11.4411 11.4411 11.4411 11.4411 11.4411 11.4411 11.4411 11.4411 11.4411 11.4411 11.4411 11.4411 11.4411 11.4411 34.2031 34.2031 34.2031 34.2031 34.2031 34.2031 34.2031 34.2031 34.2031 12.0535 12.0535 12.0535 12.0535 12.0535 12.0535 12.0535 12.0535 12.0535 12.0535 12.0535 12.0535 12.0535 12.0535 11.0441 11.0441 11.0441 11.0441 11.0441 11.0441 12.4481 12.4481 12.4481 12.4481 12.4481 12.4481 12.4481 12.4481 12.4481 12.4481 12.4481 12.4481 34.6416 34.6416 34.6416 34.6416 21.9324 21.9324 21.9324 21.9324 21.9324 21.9324 21.9324 21.9324 21.9324 21.9324 21.9324 21.9324 21.9324 21.9324 21.9324 21.9324 11.8792 11.8792 ]
D = [ 6391 7249 8768 9672 11684 12727 13765 14689 16453 17739 18610 20478 21591 19321 17798 15780 14179 12990 14439 16030 18056 14626 11279 8784 5795 6710 8287 8746 9932 12154 13376 14356 15377 16276 17770 18829 20339 18478 17406 15343 13640 12232 14066 15685 17838 15359 12111 8795 ]
K = 8
nk = [ 1 1 1 1 1 1 1 1 1 1 1 1 1 1 1 1 1 2 2 2 2 2 2 2 2 2 3 3 3 3 3 3 3 3 3 3 3 3 3 3 4 4 4 4 4 4 5 5 5 5 5 5 5 5 5 5 5 5 6 6 6 6 7 7 7 7 7 7 7 7 7 7 7 7 7 7 7 7 8 8 ]
First = [ 1 0 0 0 0 0 0 0 0 0 0 0 0 0 0 0 0 1 0 0 0 0 0 0 0 0 1 0 0 0 0 0 0 0 0 0 0 0 0 0 1 0 0 0 0 0 1 0 0 0 0 0 0 0 0 0 0 0 1 0 0 0 1 0 0 0 0 0 0 0 0 0 0 0 0 0 0 0 1 0 ]
Last = [ 0 0 0 0 0 0 0 0 0 0 0 0 0 0 0 0 1 0 0 0 0 0 0 0 0 1 0 0 0 0 0 0 0 0 0 0 0 0 0 1 0 0 0 0 0 1 0 0 0 0 0 0 0 0 0 0 0 1 0 0 0 1 0 0 0 0 0 0 0 0 0 0 0 0 0 0 0 1 0 1 ]
nS = 1
S = [ 0 1 2 3 4 5 6 7 8 9 10 11 12 13 14 15 16 17 18 19 20 21 22 23 24 25 26 27 28 29 30 31 32 33 34 35 36 37 38 39 40 41 42 43 44 45 46 47 48 49 50 51 52 53 54 55 56 57 58 59 60 61 62 63 64 65 66 67 68 69 70 71 72 73 74 75 76 77 78 79 ]
