n = 80 ; 
T = 48 ; 
Init = [ 0 0 0 0 0 0 0 0 0 0 0 0 0 0 0 1 1 1 1 1 1 1 1 1 1 1 1 1 1 1 1 1 1 1 0 0 0 0 0 0 0 1 1 1 1 1 1 1 0 0 0 0 0 0 0 0 0 0 0 0 0 0 0 0 0 0 0 0 0 0 1 1 1 1 1 1 1 1 1 1 ]
L = [ 2 2 2 2 2 2 2 2 2 2 2 2 2 2 2 4 4 4 4 9 9 9 9 9 9 9 9 9 9 9 9 9 9 9 4 4 4 4 4 4 4 5 5 5 5 5 5 5 7 7 7 7 4 4 4 4 4 4 4 4 4 4 4 4 4 4 4 4 4 4 9 9 4 4 4 4 4 4 4 4 ]
l = [ 2 2 2 2 2 2 2 2 2 2 2 2 2 2 2 4 4 4 4 9 9 9 9 9 9 9 9 9 9 9 9 9 9 9 4 4 4 4 4 4 4 5 5 5 5 5 5 5 7 7 7 7 4 4 4 4 4 4 4 4 4 4 4 4 4 4 4 4 4 4 9 9 4 4 4 4 4 4 4 4 ]
Pmin = [ 27 27 27 27 27 27 27 27 27 27 27 27 27 27 27 45 45 45 45 97 97 97 97 97 97 97 97 97 97 97 97 97 97 97 32 32 32 32 32 32 32 50 50 50 50 50 50 50 75 75 75 75 50 50 50 50 50 50 50 50 50 50 50 50 50 50 50 50 50 50 95 95 41 41 41 41 41 41 41 41 ]
Pmax = [ 69 69 69 69 69 69 69 69 69 69 69 69 69 69 69 145 145 145 145 384 384 384 384 384 384 384 384 384 384 384 384 384 384 384 118 118 118 118 118 118 118 187 187 187 187 187 187 187 296 296 296 296 172 172 172 172 172 172 172 172 172 172 172 172 172 172 172 172 172 172 377 377 144 144 144 144 144 144 144 144 ]
cf = [ 44.6992 44.6992 44.6992 44.6992 44.6992 44.6992 44.6992 44.6992 44.6992 44.6992 44.6992 44.6992 44.6992 44.6992 44.6992 37.9516 37.9516 37.9516 37.9516 30.5787 30.5787 30.5787 30.5787 30.5787 30.5787 30.5787 30.5787 30.5787 30.5787 30.5787 30.5787 30.5787 30.5787 30.5787 39.5839 39.5839 39.5839 39.5839 39.5839 39.5839 39.5839 46.5538 46.5538 46.5538 46.5538 46.5538 46.5538 46.5538 20.0716 20.0716 20.0716 20.0716 47.377 47.377 47.377 47.377 47.377 47.377 47.377 47.377 47.377 47.377 47.377 47.377 47.377 47.377 47.377 47.377 47.377 47.377 45.8046 45.8046 54.0029 54.0029 54.0029 54.0029 54.0029 54.0029 54.0029 54.0029 ]
c0 = [ 83 83 83 83 83 83 83 83 83 83 83 83 83 83 83 129 129 129 129 250 250 250 250 250 250 250 250 250 250 250 250 250 250 250 89 89 89 89 89 89 89 136 136 136 136 136 136 136 210 210 210 210 149 149 149 149 149 149 149 149 149 149 149 149 149 149 149 149 149 149 250 250 116 116 116 116 116 116 116 116 ]
cp = [ 40.8096 40.8096 40.8096 40.8096 40.8096 40.8096 40.8096 40.8096 40.8096 40.8096 40.8096 40.8096 40.8096 40.8096 40.8096 38.4303 38.4303 38.4303 38.4303 14.4952 14.4952 14.4952 14.4952 14.4952 14.4952 14.4952 14.4952 14.4952 14.4952 14.4952 14.4952 14.4952 14.4952 14.4952 33.2432 33.2432 33.2432 33.2432 33.2432 33.2432 33.2432 15.5965 15.5965 15.5965 15.5965 15.5965 15.5965 15.5965 14.5458 14.5458 14.5458 14.5458 32.305 32.305 32.305 32.305 32.305 32.305 32.305 32.305 32.305 32.305 32.305 32.305 32.305 32.305 32.305 32.305 32.305 32.305 16.5815 16.5815 26.327 26.327 26.327 26.327 26.327 26.327 26.327 26.327 ]
D = [ 4375 5097 5712 6533 6783 7546 8349 8872 9875 10758 10972 11768 12271 11499 10832 9392 8583 7540 8537 9873 11275 8983 7201 5581 3459 4173 5079 5661 6299 7335 8103 8813 9961 10562 11584 12296 13047 11777 11158 9761 8845 7808 9685 11181 12313 10064 8125 5971 ]
K = 9
nk = [ 1 1 1 1 1 1 1 1 1 1 1 1 1 1 1 2 2 2 2 3 3 3 3 3 3 3 3 3 3 3 3 3 3 3 4 4 4 4 4 4 4 5 5 5 5 5 5 5 6 6 6 6 7 7 7 7 7 7 7 7 7 7 7 7 7 7 7 7 7 7 8 8 9 9 9 9 9 9 9 9 ]
First = [ 1 0 0 0 0 0 0 0 0 0 0 0 0 0 0 1 0 0 0 1 0 0 0 0 0 0 0 0 0 0 0 0 0 0 1 0 0 0 0 0 0 1 0 0 0 0 0 0 1 0 0 0 1 0 0 0 0 0 0 0 0 0 0 0 0 0 0 0 0 0 1 0 1 0 0 0 0 0 0 0 ]
Last = [ 0 0 0 0 0 0 0 0 0 0 0 0 0 0 1 0 0 0 1 0 0 0 0 0 0 0 0 0 0 0 0 0 0 1 0 0 0 0 0 0 1 0 0 0 0 0 0 1 0 0 0 1 0 0 0 0 0 0 0 0 0 0 0 0 0 0 0 0 0 1 0 1 0 0 0 0 0 0 0 1 ]
nS = 1
S = [ 0 1 2 3 4 5 6 7 8 9 10 11 12 13 14 15 16 17 18 19 20 21 22 23 24 25 26 27 28 29 30 31 32 33 34 35 36 37 38 39 40 41 42 43 44 45 46 47 48 49 50 51 52 53 54 55 56 57 58 59 60 61 62 63 64 65 66 67 68 69 70 71 72 73 74 75 76 77 78 79 ]
